0.0
0.0
0.0
0.0
-1.0
-1.0
-1.0
-1.0
0.0
0.0
0.0
-1.0
-1.0
-1.0
-1.0
-1.0
-1.0
0.0
0.0
0.0
0.0
0.0
0.0
0.0
0.0
0.0
0.0
0.0
0.0
0.0
0.0
0.0
0.0
0.0
0.0
0.0
0.0
0.0
0.0
0.0
0.0
0.0
0.0
0.0
0.0
0.0
0.0
0.0
0.0
0.0
0.0
0.0
0.0
0.0
0.0
0.0
0.0
-1.0
0.0
0.0
0.0
-1.0
-1.0
0.0
0.0
0.0
0.0
0.0
0.7058823529411765
0.7058823529411765
0.0
0.0
0.7058823529411765
0.7058823529411765
0.7058823529411765
0.0
0.0
0.0
0.7058823529411765
0.7058823529411765
0.7058823529411765
0.7058823529411765
0.0
0.7058823529411765
0.7058823529411765
0.7058823529411765
0.7058823529411765
0.7058823529411765
0.7058823529411765
0.0
0.0
0.7058823529411765
0.7058823529411765
0.0
0.7058823529411765
0.7058823529411765
0.7058823529411765
0.0
0.7058823529411765
0.7058823529411765
0.7058823529411765
0.7058823529411765
0.7058823529411765
0.7058823529411765
0.7058823529411765
0.7058823529411765
0.7058823529411765
0.7058823529411765
0.7058823529411765
0.0
0.7058823529411765
0.0
0.0
0.0
0.0
0.0
0.0
0.0
0.0
0.0
0.0
0.0
0.0
0.0
-1.0
-1.0
-1.0
-1.0
-1.0
0.0
0.0
0.0
-1.0
-1.0
0.0
0.0
0.0
0.0
0.0
0.0
0.0
0.0
0.0
-1.0
-1.0
-1.0
-1.0
-1.0
-1.0
-1.0
-1.0
-1.0
-1.0
-1.0
-1.0
0.0
-1.0
0.0
-1.0
-1.0
0.0
0.0
-1.0
0.0
0.0
0.0
0.0
0.0
0.0
0.0
0.0
0.0
-1.0
0.0
0.0
0.0
0.0
0.0
0.0
0.0
0.0
0.0
0.0
0.0
0.0
0.0
0.0
-1.0
