0.31912225705329156
0.3158150851581509
0.31912225705329156
0.3158150851581509
0.3158150851581509
0.3122216724393864
0.3345971563981043
0.34712722298221615
0.30680272108843537
0.3305860805860806
0.3305860805860806
0.3305860805860806
0.3305860805860806
0.3305860805860806
0.3305860805860806
0.3158150851581509
0.3158150851581509
0.33523700742432894
0.31912225705329156
0.3158150851581509
0.31912225705329156
0.31912225705329156
0.3158150851581509
0.31912225705329156
0.3158150851581509
0.31912225705329156
0.3158150851581509
0.31912225705329156
0.3158150851581509
0.3158150851581509
0.31912225705329156
0.3345971563981043
0.31912225705329156
0.31912225705329156
0.30680272108843537
0.31912225705329156
0.31912225705329156
0.3158150851581509
0.3158150851581509
0.3158150851581509
0.32083862770012705
0.3158150851581509
0.31912225705329156
0.31912225705329156
0.31912225705329156
0.35419397116644824
0.30701157249829814
0.35714285714285715
0.30680272108843537
0.31912225705329156
0.31912225705329156
0.3122216724393864
0.31912225705329156
0.3072207084468665
0.31912225705329156
0.3158150851581509
0.31912225705329156
0.3158150851581509
0.3158150851581509
0.31912225705329156
0.31912225705329156
0.31912225705329156
0.30680272108843537
0.30680272108843537
0.30680272108843537
0.34712722298221615
0.3072207084468665
0.3072207084468665
0.3158150851581509
0.3187226048841578
0.35419397116644824
0.3158150851581509
0.31912225705329156
0.34712722298221615
0.3158150851581509
0.3158150851581509
0.3072207084468665
0.3158150851581509
0.31912225705329156
0.31912225705329156
0.3158150851581509
0.35419397116644824
0.31912225705329156
0.31912225705329156
0.31912225705329156
0.3158150851581509
0.3158150851581509
0.3158150851581509
0.3158150851581509
0.3158150851581509
0.3158150851581509
0.35714285714285715
0.35714285714285715
0.35714285714285715
0.35714285714285715
0.35714285714285715
0.35714285714285715
0.35714285714285715
0.35714285714285715
0.35714285714285715
0.35714285714285715
0.35714285714285715
0.35714285714285715
0.35714285714285715
0.35714285714285715
0.35714285714285715
0.35714285714285715
0.35714285714285715
0.35714285714285715
0.35714285714285715
0.35714285714285715
0.35714285714285715
0.35714285714285715
0.35714285714285715
0.35714285714285715
0.35714285714285715
0.35714285714285715
0.35714285714285715
0.35714285714285715
0.35714285714285715
0.35714285714285715
0.35714285714285715
0.35714285714285715
0.35714285714285715
0.35714285714285715
0.35714285714285715
0.35714285714285715
0.35714285714285715
0.35714285714285715
0.35714285714285715
0.35714285714285715
0.35714285714285715
0.35714285714285715
0.35714285714285715
0.35714285714285715
0.35714285714285715
0.35714285714285715
0.35714285714285715
0.35714285714285715
0.35714285714285715
0.35714285714285715
0.35714285714285715
0.35714285714285715
0.35714285714285715
0.35714285714285715
0.35714285714285715
0.35714285714285715
0.35714285714285715
0.35714285714285715
0.35714285714285715
0.35714285714285715
0.35714285714285715
0.35714285714285715
0.35714285714285715
0.35714285714285715
0.35714285714285715
0.35714285714285715
0.35714285714285715
0.35714285714285715
0.35714285714285715
0.35714285714285715
0.35714285714285715
0.35714285714285715
0.35714285714285715
0.35714285714285715
0.35714285714285715
0.35714285714285715
0.35714285714285715
0.35714285714285715
0.35714285714285715
0.35714285714285715
0.35714285714285715
0.35714285714285715
0.35714285714285715
0.35714285714285715
0.35714285714285715
0.35714285714285715
0.35714285714285715
0.35714285714285715
0.35714285714285715
0.35714285714285715
0.35714285714285715
0.35714285714285715
0.35714285714285715
0.35714285714285715
0.35714285714285715
0.35714285714285715
0.35714285714285715
0.35714285714285715
0.35714285714285715
0.35714285714285715
0.35714285714285715
0.35714285714285715
0.35714285714285715
0.35714285714285715
0.35714285714285715
0.35714285714285715
0.35714285714285715
0.35714285714285715
0.35714285714285715
0.35714285714285715
0.35714285714285715
0.35714285714285715
0.35714285714285715
0.35714285714285715
0.35714285714285715
0.35714285714285715
0.35714285714285715
0.35714285714285715
0.35714285714285715
0.35714285714285715
0.35714285714285715
0.35714285714285715
0.35714285714285715
0.35714285714285715
0.35714285714285715
0.35714285714285715
0.35714285714285715
0.35714285714285715
0.35714285714285715
0.35714285714285715
0.35714285714285715
0.35714285714285715
0.35714285714285715
0.35714285714285715
0.3562447611064543
0.3562447611064543
0.35203252032520327
0.35714285714285715
0.35714285714285715
0.35714285714285715
0.3562447611064543
0.3562447611064543
0.3562447611064543
0.3562447611064543
0.3562447611064543
0.3562447611064543
0.3562447611064543
0.3562447611064543
0.3562447611064543
0.3562447611064543
0.3562447611064543
0.3562447611064543
0.3562447611064543
0.3562447611064543
0.3562447611064543
0.3562447611064543
0.3562447611064543
0.3562447611064543
0.3562447611064543
0.3562447611064543
0.3562447611064543
0.3562447611064543
0.3562447611064543
0.3562447611064543
0.3562447611064543
0.3562447611064543
0.3562447611064543
0.3562447611064543
0.3562447611064543
0.3562447611064543
0.3562447611064543
0.3562447611064543
0.3562447611064543
0.3562447611064543
0.3517465475223396
0.35714285714285715
0.35714285714285715
0.3562447611064543
0.3562447611064543
0.3562447611064543
0.3562447611064543
0.3562447611064543
0.3562447611064543
0.3562447611064543
0.3562447611064543
0.3562447611064543
0.3562447611064543
0.3562447611064543
0.3562447611064543
0.3562447611064543
0.35714285714285715
0.35714285714285715
0.3562447611064543
0.3562447611064543
0.3562447611064543
0.3562447611064543
0.3562447611064543
0.3562447611064543
0.3562447611064543
0.3562447611064543
0.3562447611064543
0.35714285714285715
0.3562447611064543
0.3562447611064543
0.35714285714285715
0.3562447611064543
0.3562447611064543
0.35714285714285715
0.3562447611064543
0.3562447611064543
0.3562447611064543
0.35714285714285715
0.3562447611064543
0.3562447611064543
0.3158150851581509
0.3158150851581509
0.3158150851581509
0.3562447611064543
0.3562447611064543
0.3562447611064543
0.3562447611064543
0.3562447611064543
0.3562447611064543
0.3562447611064543
0.3562447611064543
0.3562447611064543
0.3562447611064543
0.3562447611064543
0.3562447611064543
0.3158150851581509
0.3562447611064543
0.3562447611064543
0.3562447611064543
0.3562447611064543
0.3562447611064543
0.3562447611064543
0.35768261964735515
0.35768261964735515
0.35768261964735515
0.35768261964735515
0.35768261964735515
0.35768261964735515
0.35768261964735515
0.35768261964735515
0.35768261964735515
0.35768261964735515
0.35768261964735515
0.35768261964735515
0.35768261964735515
0.35768261964735515
0.35768261964735515
0.35768261964735515
0.35768261964735515
0.35768261964735515
0.35768261964735515
0.35768261964735515
0.35768261964735515
0.35768261964735515
0.35768261964735515
0.35768261964735515
0.35768261964735515
0.321656050955414
0.321656050955414
0.321656050955414
0.321656050955414
0.321656050955414
0.321656050955414
0.321656050955414
0.321656050955414
0.321656050955414
0.321656050955414
0.321656050955414
0.321656050955414
0.321656050955414
0.321656050955414
0.321656050955414
0.321656050955414
0.321656050955414
0.321656050955414
0.321656050955414
0.321656050955414
0.321656050955414
0.321656050955414
0.321656050955414
0.321656050955414
0.321656050955414
0.321656050955414
0.321656050955414
0.321656050955414
0.321656050955414
0.321656050955414
0.321656050955414
0.321656050955414
0.321656050955414
0.321656050955414
0.321656050955414
0.35714285714285715
0.35714285714285715
0.35714285714285715
0.35714285714285715
0.35714285714285715
0.35714285714285715
0.3526058631921824
0.35714285714285715
0.35714285714285715
0.35714285714285715
0.35714285714285715
0.35714285714285715
0.35714285714285715
0.35714285714285715
0.35714285714285715
0.35714285714285715
0.35714285714285715
0.35714285714285715
0.35714285714285715
0.35714285714285715
0.35714285714285715
0.3562447611064543
0.35714285714285715
0.35419397116644824
0.35419397116644824
0.35419397116644824
0.35419397116644824
0.35419397116644824
0.35419397116644824
0.35419397116644824
0.35419397116644824
0.35419397116644824
0.35419397116644824
0.35419397116644824
0.35419397116644824
0.35419397116644824
0.35419397116644824
0.35714285714285715
0.35714285714285715
0.3158150851581509
0.35714285714285715
0.35714285714285715
0.35714285714285715
0.3487629688747007
0.35714285714285715
0.35714285714285715
0.3158150851581509
0.35714285714285715
0.35714285714285715
0.35714285714285715
0.35714285714285715
0.35714285714285715
0.35714285714285715
0.35714285714285715
0.35714285714285715
0.35714285714285715
0.35714285714285715
0.35714285714285715
0.35714285714285715
0.35714285714285715
0.35714285714285715
0.35714285714285715
0.35714285714285715
0.35714285714285715
0.35714285714285715
0.35714285714285715
0.35714285714285715
0.35714285714285715
0.3122216724393864
0.3122216724393864
0.31912225705329156
0.3345971563981043
0.321656050955414
0.3072207084468665
0.3072207084468665
0.3072207084468665
0.3072207084468665
0.3072207084468665
0.3072207084468665
0.3345971563981043
0.3072207084468665
0.3072207084468665
0.30701157249829814
0.3072207084468665
0.3072207084468665
0.3072207084468665
0.3072207084468665
0.3072207084468665
0.3072207084468665
0.3072207084468665
0.30701157249829814
0.3072207084468665
0.3072207084468665
0.30701157249829814
0.3158150851581509
0.3158150851581509
0.35714285714285715
0.30934256055363324
0.3072207084468665
0.35203252032520327
0.3562447611064543
0.35714285714285715
0.3158150851581509
0.35768261964735515
0.35768261964735515
0.35768261964735515
0.35768261964735515
0.35768261964735515
0.35768261964735515
0.35768261964735515
0.321656050955414
0.321656050955414
0.321656050955414
0.321656050955414
0.321656050955414
0.321656050955414
0.321656050955414
0.321656050955414
0.321656050955414
0.35714285714285715
0.3562447611064543
0.35714285714285715
0.35714285714285715
0.35714285714285715
0.35714285714285715
0.35714285714285715
0.35714285714285715
0.35714285714285715
0.0
0.35714285714285715
0.35714285714285715
0.35714285714285715
0.35714285714285715
0.35714285714285715
0.35714285714285715
0.35714285714285715
0.35714285714285715
0.35714285714285715
0.35714285714285715
0.3072207084468665
0.3072207084468665
0.3072207084468665
0.3072207084468665
0.3072207084468665
0.3072207084468665
0.3072207084468665
0.3072207084468665
0.3072207084468665
0.30475552578700604
0.3072207084468665
0.3355513307984791
0.30934256055363324
0.30934256055363324
0.3091286307053942
0.30934256055363324
0.30934256055363324
0.30934256055363324
0.30934256055363324
0.30934256055363324
0.30934256055363324
0.35768261964735515
0.321656050955414
0.321656050955414
0.321656050955414
0.35714285714285715
0.35714285714285715
0.35714285714285715
0.3562447611064543
0.35714285714285715
0.30701157249829814
0.3355513307984791
0.3345971563981043
0.3355513307984791
0.3355513307984791
0.3345971563981043
0.3355513307984791
0.3355513307984791
0.30934256055363324
0.321656050955414
0.321656050955414
0.3355513307984791
0.3355513307984791
0.3355513307984791
0.3355513307984791
0.3355513307984791
0.321656050955414
0.3355513307984791
0.3355513307984791
0.3345971563981043
0.30680272108843537
0.30680272108843537
0.30680272108843537
0.30680272108843537
0.35714285714285715
0.3562447611064543
0.35089141004862234
0.35089141004862234
0.3562447611064543
0.3158150851581509
0.3158150851581509
0.3158150851581509
0.31912225705329156
0.31912225705329156
0.3562447611064543
0.3562447611064543
0.35714285714285715
0.31912225705329156
0.31912225705329156
0.31912225705329156
0.31912225705329156
0.31912225705329156
0.329981718464351
0.3072207084468665
0.35714285714285715
0.35714285714285715
0.35203252032520327
0.3487629688747007
0.35714285714285715
0.3562447611064543
0.35768261964735515
0.35768261964735515
0.35768261964735515
0.35768261964735515
0.35768261964735515
0.35768261964735515
0.35768261964735515
0.35768261964735515
0.35768261964735515
0.35768261964735515
0.35768261964735515
0.35768261964735515
0.3122216724393864
0.34867975626269465
0.3158150851581509
0.3158150851581509
0.3158150851581509
0.3158150851581509
0.3158150851581509
0.3526058631921824
0.3526058631921824
0.35089141004862234
0.3562447611064543
0.3562447611064543
0.3562447611064543
0.3562447611064543
0.3562447611064543
0.3562447611064543
0.31912225705329156
0.35768261964735515
0.35768261964735515
0.35768261964735515
0.35768261964735515
0.35768261964735515
0.35768261964735515
0.35768261964735515
0.30434782608695654
0.3072207084468665
0.3072207084468665
0.3072207084468665
0.3072207084468665
0.35714285714285715
0.3122216724393864
0.3158150851581509
0.3158150851581509
0.3355513307984791
0.3072207084468665
0.30934256055363324
0.30934256055363324
0.30934256055363324
0.30934256055363324
0.30934256055363324
0.30934256055363324
0.30934256055363324
0.30934256055363324
0.30934256055363324
0.30934256055363324
0.30934256055363324
0.30934256055363324
0.30934256055363324
0.30934256055363324
0.30934256055363324
0.30934256055363324
0.30934256055363324
0.30934256055363324
0.30934256055363324
0.30934256055363324
0.30934256055363324
0.30934256055363324
0.30934256055363324
0.30701157249829814
0.3072207084468665
0.30701157249829814
0.3072207084468665
0.33209302325581397
0.30701157249829814
0.30701157249829814
0.35714285714285715
0.321656050955414
0.35714285714285715
0.3355513307984791
0.3072207084468665
0.3072207084468665
0.3072207084468665
0.3072207084468665
0.3072207084468665
0.3158150851581509
0.3355513307984791
0.3562447611064543
0.3072207084468665
0.3355513307984791
0.3355513307984791
0.3562447611064543
0.3562447611064543
0.3562447611064543
0.3562447611064543
0.3562447611064543
0.35768261964735515
0.35714285714285715
0.3072207084468665
0.34712722298221615
0.30680272108843537
0.31912225705329156
0.35714285714285715
0.31912225705329156
0.31912225705329156
0.31912225705329156
0.31912225705329156
0.30934256055363324
0.30934256055363324
0.30934256055363324
0.3345971563981043
0.3072207084468665
0.3072207084468665
0.3072207084468665
0.3072207084468665
0.3072207084468665
0.3072207084468665
0.3072207084468665
0.35768261964735515
0.35714285714285715
0.30680272108843537
0.3562447611064543
0.30934256055363324
0.35768261964735515
0.35714285714285715
0.31912225705329156
0.30680272108843537
0.30934256055363324
0.3072207084468665
0.3158150851581509
0.30934256055363324
0.3345971563981043
0.33523700742432894
0.30934256055363324
0.30934256055363324
0.30934256055363324
0.30934256055363324
0.3072207084468665
0.35714285714285715
0.34712722298221615
0.30934256055363324
0.30934256055363324
0.30934256055363324
0.30934256055363324
0.30934256055363324
0.30934256055363324
0.31912225705329156
0.30934256055363324
0.3072207084468665
0.30934256055363324
0.3158150851581509
0.30934256055363324
0.3158150851581509
0.3158150851581509
0.3158150851581509
0.3158150851581509
0.33523700742432894
0.31912225705329156
0.3122216724393864
0.31912225705329156
0.30934256055363324
0.3158150851581509
0.329981718464351
0.30934256055363324
0.30934256055363324
0.34712722298221615
0.3158150851581509
0.3180473372781065
0.31912225705329156
0.30934256055363324
0.30934256055363324
0.30934256055363324
0.30934256055363324
0.30934256055363324
0.30934256055363324
0.30934256055363324
0.30934256055363324
0.3158150851581509
0.3180473372781065
0.30934256055363324
0.31912225705329156
0.31912225705329156
0.3333333333333333
0.3333333333333333
0.3333333333333333
0.3333333333333333
0.30934256055363324
0.31912225705329156
0.30934256055363324
0.3562447611064543
0.3333333333333333
0.35768261964735515
0.3562447611064543
0.3562447611064543
0.31912225705329156
0.30934256055363324
0.3305860805860806
0.3158150851581509
0.3305860805860806
0.3355513307984791
0.3355513307984791
0.3158150851581509
0.3072207084468665
0.35768261964735515
0.3158150851581509
0.30680272108843537
0.30934256055363324
0.3158150851581509
0.3305860805860806
0.35768261964735515
0.31912225705329156
0.30934256055363324
0.31912225705329156
0.35768261964735515
0.30680272108843537
0.30934256055363324
0.30934256055363324
0.30934256055363324
0.31912225705329156
0.3072207084468665
0.31912225705329156
0.31912225705329156
0.31912225705329156
0.31912225705329156
0.321656050955414
0.3187226048841578
0.31912225705329156
0.3333333333333333
0.3187226048841578
0.3333333333333333
0.31912225705329156
0.525231719876416
0.321656050955414
0.35768261964735515
0.3333333333333333
0.30934256055363324
0.3333333333333333
0.30934256055363324
0.30934256055363324
0.31912225705329156
0.35768261964735515
0.30934256055363324
0.3187226048841578
0.35768261964735515
0.31912225705329156
0.3122216724393864
0.3333333333333333
0.3180473372781065
0.35089141004862234
0.321656050955414
0.35714285714285715
0.3187226048841578
0.30934256055363324
0.3072207084468665
0.3214513049013367
0.30680272108843537
0.3072207084468665
0.3072207084468665
0.3072207084468665
0.30701157249829814
0.3072207084468665
0.30701157249829814
0.35768261964735515
0.3345971563981043
0.3180473372781065
0.35768261964735515
0.30934256055363324
0.30934256055363324
0.31912225705329156
0.30934256055363324
0.3180473372781065
0.31912225705329156
0.35768261964735515
0.30934256055363324
0.30934256055363324
0.3333333333333333
0.30701157249829814
0.3158150851581509
0.3158150851581509
0.3158150851581509
0.3158150851581509
0.3158150851581509
0.3072207084468665
0.3072207084468665
0.3072207084468665
0.3072207084468665
0.3072207084468665
0.3072207084468665
0.3072207084468665
0.3072207084468665
0.3345971563981043
0.3072207084468665
0.3072207084468665
0.3158150851581509
0.35768261964735515
0.35768261964735515
0.35768261964735515
0.35768261964735515
0.31912225705329156
0.30934256055363324
0.30934256055363324
0.30934256055363324
0.30934256055363324
0.30934256055363324
0.30934256055363324
0.30934256055363324
0.3158150851581509
0.35768261964735515
0.3072207084468665
0.3345971563981043
0.35768261964735515
0.3072207084468665
0.30680272108843537
0.35714285714285715
0.35714285714285715
0.329981718464351
0.3562447611064543
0.3305860805860806
0.3305860805860806
0.3305860805860806
0.3305860805860806
0.3305860805860806
0.3305860805860806
0.3305860805860806
0.3180473372781065
0.3526058631921824
0.3158150851581509
0.3333333333333333
0.3333333333333333
0.30680272108843537
0.30680272108843537
0.3180473372781065
0.33271202236719477
0.33271202236719477
0.33271202236719477
0.33271202236719477
0.35768261964735515
0.34712722298221615
0.34712722298221615
0.30934256055363324
0.30680272108843537
0.30934256055363324
0.3072207084468665
0.321656050955414
0.321656050955414
0.321656050955414
0.3072207084468665
0.30934256055363324
0.35714285714285715
0.3072207084468665
0.3345971563981043
0.32083862770012705
0.3345971563981043
0.3355513307984791
0.30701157249829814
0.3345971563981043
0.30701157249829814
0.30701157249829814
0.30701157249829814
0.30934256055363324
0.30701157249829814
0.35714285714285715
0.35714285714285715
0.35714285714285715
0.321656050955414
0.321656050955414
0.3072207084468665
0.35714285714285715
0.35714285714285715
0.3158150851581509
0.3562447611064543
0.30934256055363324
0.35714285714285715
0.30934256055363324
0.35714285714285715
0.30934256055363324
0.33523700742432894
0.3072207084468665
0.30934256055363324
0.30934256055363324
0.30934256055363324
0.3072207084468665
0.3072207084468665
0.3072207084468665
0.3072207084468665
0.3072207084468665
0.3072207084468665
0.30934256055363324
0.3333333333333333
0.3091286307053942
0.3562447611064543
0.30934256055363324
0.3345971563981043
0.30934256055363324
0.3562447611064543
0.30701157249829814
0.33523700742432894
0.321656050955414
0.321656050955414
0.321656050955414
0.321656050955414
0.321656050955414
0.321656050955414
0.321656050955414
0.3305860805860806
0.321656050955414
0.321656050955414
0.321656050955414
0.321656050955414
0.321656050955414
0.321656050955414
0.3355513307984791
