0.31912225705329156
0.3158150851581508
0.31912225705329156
0.3158150851581508
0.3158150851581508
0.3122216724393865
0.3345971563981043
0.3471272229822161
0.3068027210884354
0.33058608058608063
0.33058608058608063
0.33058608058608063
0.33058608058608063
0.33058608058608063
0.33058608058608063
0.3158150851581508
0.3158150851581508
0.33523700742432894
0.31912225705329156
0.3158150851581508
0.31912225705329156
0.31912225705329156
0.3158150851581508
0.31912225705329156
0.3158150851581508
0.31912225705329156
0.3158150851581508
0.31912225705329156
0.3158150851581508
0.3158150851581508
0.31912225705329156
0.3345971563981043
0.31912225705329156
0.31912225705329156
0.3068027210884354
0.31912225705329156
0.31912225705329156
0.3158150851581508
0.3158150851581508
0.3158150851581508
0.32083862770012705
0.3158150851581508
0.31912225705329156
0.31912225705329156
0.31912225705329156
0.35419397116644824
0.30701157249829814
0.3571428571428571
0.3068027210884354
0.31912225705329156
0.31912225705329156
0.3122216724393865
0.31912225705329156
0.30722070844686644
0.31912225705329156
0.3158150851581508
0.31912225705329156
0.3158150851581508
0.3158150851581508
0.31912225705329156
0.31912225705329156
0.31912225705329156
0.3068027210884354
0.3068027210884354
0.3068027210884354
0.3471272229822161
0.30722070844686644
0.30722070844686644
0.3158150851581508
0.3187226048841578
0.35419397116644824
0.3158150851581508
0.31912225705329156
0.3471272229822161
0.3158150851581508
0.3158150851581508
0.30722070844686644
0.3158150851581508
0.31912225705329156
0.31912225705329156
0.3158150851581508
0.35419397116644824
0.31912225705329156
0.31912225705329156
0.31912225705329156
0.3158150851581508
0.3158150851581508
0.3158150851581508
0.3158150851581508
0.3158150851581508
0.3158150851581508
0.3571428571428571
0.3571428571428571
0.3571428571428571
0.3571428571428571
0.3571428571428571
0.3571428571428571
0.3571428571428571
0.3571428571428571
0.3571428571428571
0.3571428571428571
0.3571428571428571
0.3571428571428571
0.3571428571428571
0.3571428571428571
0.3571428571428571
0.3571428571428571
0.3571428571428571
0.3571428571428571
0.3571428571428571
0.3571428571428571
0.3571428571428571
0.3571428571428571
0.3571428571428571
0.3571428571428571
0.3571428571428571
0.3571428571428571
0.3571428571428571
0.3571428571428571
0.3571428571428571
0.3571428571428571
0.3571428571428571
0.3571428571428571
0.3571428571428571
0.3571428571428571
0.3571428571428571
0.3571428571428571
0.3571428571428571
0.3571428571428571
0.3571428571428571
0.3571428571428571
0.3571428571428571
0.3571428571428571
0.3571428571428571
0.3571428571428571
0.3571428571428571
0.3571428571428571
0.3571428571428571
0.3571428571428571
0.3571428571428571
0.3571428571428571
0.3571428571428571
0.3571428571428571
0.3571428571428571
0.3571428571428571
0.3571428571428571
0.3571428571428571
0.3571428571428571
0.3571428571428571
0.3571428571428571
0.3571428571428571
0.3571428571428571
0.3571428571428571
0.3571428571428571
0.3571428571428571
0.3571428571428571
0.3571428571428571
0.3571428571428571
0.3571428571428571
0.3571428571428571
0.3571428571428571
0.3571428571428571
0.3571428571428571
0.3571428571428571
0.3571428571428571
0.3571428571428571
0.3571428571428571
0.3571428571428571
0.3571428571428571
0.3571428571428571
0.3571428571428571
0.3571428571428571
0.3571428571428571
0.3571428571428571
0.3571428571428571
0.3571428571428571
0.3571428571428571
0.3571428571428571
0.3571428571428571
0.3571428571428571
0.3571428571428571
0.3571428571428571
0.3571428571428571
0.3571428571428571
0.3571428571428571
0.3571428571428571
0.3571428571428571
0.3571428571428571
0.3571428571428571
0.3571428571428571
0.3571428571428571
0.3571428571428571
0.3571428571428571
0.3571428571428571
0.3571428571428571
0.3571428571428571
0.3571428571428571
0.3571428571428571
0.3571428571428571
0.3571428571428571
0.3571428571428571
0.3571428571428571
0.3571428571428571
0.3571428571428571
0.3571428571428571
0.3571428571428571
0.3571428571428571
0.3571428571428571
0.3571428571428571
0.3571428571428571
0.3571428571428571
0.3571428571428571
0.3571428571428571
0.3571428571428571
0.3571428571428571
0.3571428571428571
0.3571428571428571
0.3571428571428571
0.3571428571428571
0.3571428571428571
0.3571428571428571
0.3571428571428571
0.3571428571428571
0.3571428571428571
0.3571428571428571
0.3562447611064543
0.3562447611064543
0.35203252032520327
0.3571428571428571
0.3571428571428571
0.3571428571428571
0.3562447611064543
0.3562447611064543
0.3562447611064543
0.3562447611064543
0.3562447611064543
0.3562447611064543
0.3562447611064543
0.3562447611064543
0.3562447611064543
0.3562447611064543
0.3562447611064543
0.3562447611064543
0.3562447611064543
0.3562447611064543
0.3562447611064543
0.3562447611064543
0.3562447611064543
0.3562447611064543
0.3562447611064543
0.3562447611064543
0.3562447611064543
0.3562447611064543
0.3562447611064543
0.3562447611064543
0.3562447611064543
0.3562447611064543
0.3562447611064543
0.3562447611064543
0.3562447611064543
0.3562447611064543
0.3562447611064543
0.3562447611064543
0.3562447611064543
0.3562447611064543
0.3517465475223396
0.3571428571428571
0.3571428571428571
0.3562447611064543
0.3562447611064543
0.3562447611064543
0.3562447611064543
0.3562447611064543
0.3562447611064543
0.3562447611064543
0.3562447611064543
0.3562447611064543
0.3562447611064543
0.3562447611064543
0.3562447611064543
0.3562447611064543
0.3571428571428571
0.3571428571428571
0.3562447611064543
0.3562447611064543
0.3562447611064543
0.3562447611064543
0.3562447611064543
0.3562447611064543
0.3562447611064543
0.3562447611064543
0.3562447611064543
0.3571428571428571
0.3562447611064543
0.3562447611064543
0.3571428571428571
0.3562447611064543
0.3562447611064543
0.3571428571428571
0.3562447611064543
0.3562447611064543
0.3562447611064543
0.3571428571428571
0.3562447611064543
0.3562447611064543
0.3158150851581508
0.3158150851581508
0.3158150851581508
0.3562447611064543
0.3562447611064543
0.3562447611064543
0.3562447611064543
0.3562447611064543
0.3562447611064543
0.3562447611064543
0.3562447611064543
0.3562447611064543
0.3562447611064543
0.3562447611064543
0.3562447611064543
0.3158150851581508
0.3562447611064543
0.3562447611064543
0.3562447611064543
0.3562447611064543
0.3562447611064543
0.3562447611064543
0.35768261964735515
0.35768261964735515
0.35768261964735515
0.35768261964735515
0.35768261964735515
0.35768261964735515
0.35768261964735515
0.35768261964735515
0.35768261964735515
0.35768261964735515
0.35768261964735515
0.35768261964735515
0.35768261964735515
0.35768261964735515
0.35768261964735515
0.35768261964735515
0.35768261964735515
0.35768261964735515
0.35768261964735515
0.35768261964735515
0.35768261964735515
0.35768261964735515
0.35768261964735515
0.35768261964735515
0.35768261964735515
0.32165605095541405
0.32165605095541405
0.32165605095541405
0.32165605095541405
0.32165605095541405
0.32165605095541405
0.32165605095541405
0.32165605095541405
0.32165605095541405
0.32165605095541405
0.32165605095541405
0.32165605095541405
0.32165605095541405
0.32165605095541405
0.32165605095541405
0.32165605095541405
0.32165605095541405
0.32165605095541405
0.32165605095541405
0.32165605095541405
0.32165605095541405
0.32165605095541405
0.32165605095541405
0.32165605095541405
0.32165605095541405
0.32165605095541405
0.32165605095541405
0.32165605095541405
0.32165605095541405
0.32165605095541405
0.32165605095541405
0.32165605095541405
0.32165605095541405
0.32165605095541405
0.32165605095541405
0.3571428571428571
0.3571428571428571
0.3571428571428571
0.3571428571428571
0.3571428571428571
0.3571428571428571
0.35260586319218246
0.3571428571428571
0.3571428571428571
0.3571428571428571
0.3571428571428571
0.3571428571428571
0.3571428571428571
0.3571428571428571
0.3571428571428571
0.3571428571428571
0.3571428571428571
0.3571428571428571
0.3571428571428571
0.3571428571428571
0.3571428571428571
0.3562447611064543
0.3571428571428571
0.35419397116644824
0.35419397116644824
0.35419397116644824
0.35419397116644824
0.35419397116644824
0.35419397116644824
0.35419397116644824
0.35419397116644824
0.35419397116644824
0.35419397116644824
0.35419397116644824
0.35419397116644824
0.35419397116644824
0.35419397116644824
0.3571428571428571
0.3571428571428571
0.3158150851581508
0.3571428571428571
0.3571428571428571
0.3571428571428571
0.3487629688747007
0.3571428571428571
0.3571428571428571
0.3158150851581508
0.3571428571428571
0.3571428571428571
0.3571428571428571
0.3571428571428571
0.3571428571428571
0.3571428571428571
0.3571428571428571
0.3571428571428571
0.3571428571428571
0.3571428571428571
0.3571428571428571
0.3571428571428571
0.3571428571428571
0.3571428571428571
0.3571428571428571
0.3571428571428571
0.3571428571428571
0.3571428571428571
0.3571428571428571
0.3571428571428571
0.3571428571428571
0.3122216724393865
0.3122216724393865
0.31912225705329156
0.3345971563981043
0.32165605095541405
0.30722070844686644
0.30722070844686644
0.30722070844686644
0.30722070844686644
0.30722070844686644
0.30722070844686644
0.3345971563981043
0.30722070844686644
0.30722070844686644
0.30701157249829814
0.30722070844686644
0.30722070844686644
0.30722070844686644
0.30722070844686644
0.30722070844686644
0.30722070844686644
0.30722070844686644
0.30701157249829814
0.30722070844686644
0.30722070844686644
0.30701157249829814
0.3158150851581508
0.3158150851581508
0.3571428571428571
0.3093425605536332
0.30722070844686644
0.35203252032520327
0.3562447611064543
0.3571428571428571
0.3158150851581508
0.35768261964735515
0.35768261964735515
0.35768261964735515
0.35768261964735515
0.35768261964735515
0.35768261964735515
0.35768261964735515
0.32165605095541405
0.32165605095541405
0.32165605095541405
0.32165605095541405
0.32165605095541405
0.32165605095541405
0.32165605095541405
0.32165605095541405
0.32165605095541405
0.3571428571428571
0.3562447611064543
0.3571428571428571
0.3571428571428571
0.3571428571428571
0.3571428571428571
0.3571428571428571
0.3571428571428571
0.3571428571428571
0.0
0.3571428571428571
0.3571428571428571
0.3571428571428571
0.3571428571428571
0.3571428571428571
0.3571428571428571
0.3571428571428571
0.3571428571428571
0.3571428571428571
0.3571428571428571
0.30722070844686644
0.30722070844686644
0.30722070844686644
0.30722070844686644
0.30722070844686644
0.30722070844686644
0.30722070844686644
0.30722070844686644
0.30722070844686644
0.30475552578700604
0.30722070844686644
0.3355513307984791
0.3093425605536332
0.3093425605536332
0.3091286307053942
0.3093425605536332
0.3093425605536332
0.3093425605536332
0.3093425605536332
0.3093425605536332
0.3093425605536332
0.35768261964735515
0.32165605095541405
0.32165605095541405
0.32165605095541405
0.3571428571428571
0.3571428571428571
0.3571428571428571
0.3562447611064543
0.3571428571428571
0.30701157249829814
0.3355513307984791
0.3345971563981043
0.3355513307984791
0.3355513307984791
0.3345971563981043
0.3355513307984791
0.3355513307984791
0.3093425605536332
0.32165605095541405
0.32165605095541405
0.3355513307984791
0.3355513307984791
0.3355513307984791
0.3355513307984791
0.3355513307984791
0.32165605095541405
0.3355513307984791
0.3355513307984791
0.3345971563981043
0.3068027210884354
0.3068027210884354
0.3068027210884354
0.3068027210884354
0.3571428571428571
0.3562447611064543
0.35089141004862234
0.35089141004862234
0.3562447611064543
0.3158150851581508
0.3158150851581508
0.3158150851581508
0.31912225705329156
0.31912225705329156
0.3562447611064543
0.3562447611064543
0.3571428571428571
0.31912225705329156
0.31912225705329156
0.31912225705329156
0.31912225705329156
0.31912225705329156
0.329981718464351
0.30722070844686644
0.3571428571428571
0.3571428571428571
0.35203252032520327
0.3487629688747007
0.3571428571428571
0.3562447611064543
0.35768261964735515
0.35768261964735515
0.35768261964735515
0.35768261964735515
0.35768261964735515
0.35768261964735515
0.35768261964735515
0.35768261964735515
0.35768261964735515
0.35768261964735515
0.35768261964735515
0.35768261964735515
0.3122216724393865
0.34867975626269465
0.3158150851581508
0.3158150851581508
0.3158150851581508
0.3158150851581508
0.3158150851581508
0.35260586319218246
0.35260586319218246
0.35089141004862234
0.3562447611064543
0.3562447611064543
0.3562447611064543
0.3562447611064543
0.3562447611064543
0.3562447611064543
0.31912225705329156
0.35768261964735515
0.35768261964735515
0.35768261964735515
0.35768261964735515
0.35768261964735515
0.35768261964735515
0.35768261964735515
0.30434782608695654
0.30722070844686644
0.30722070844686644
0.30722070844686644
0.30722070844686644
0.3571428571428571
0.3122216724393865
0.3158150851581508
0.3158150851581508
0.3355513307984791
0.30722070844686644
0.3093425605536332
0.3093425605536332
0.3093425605536332
0.3093425605536332
0.3093425605536332
0.3093425605536332
0.3093425605536332
0.3093425605536332
0.3093425605536332
0.3093425605536332
0.3093425605536332
0.3093425605536332
0.3093425605536332
0.3093425605536332
0.3093425605536332
0.3093425605536332
0.3093425605536332
0.3093425605536332
0.3093425605536332
0.3093425605536332
0.3093425605536332
0.3093425605536332
0.3093425605536332
0.30701157249829814
0.30722070844686644
0.30701157249829814
0.30722070844686644
0.3320930232558139
0.30701157249829814
0.30701157249829814
0.3571428571428571
0.32165605095541405
0.3571428571428571
0.3355513307984791
0.30722070844686644
0.30722070844686644
0.30722070844686644
0.30722070844686644
0.30722070844686644
0.3158150851581508
0.3355513307984791
0.3562447611064543
0.30722070844686644
0.3355513307984791
0.3355513307984791
0.3562447611064543
0.3562447611064543
0.3562447611064543
0.3562447611064543
0.3562447611064543
0.35768261964735515
0.3571428571428571
0.30722070844686644
0.3471272229822161
0.3068027210884354
0.31912225705329156
0.3571428571428571
0.31912225705329156
0.31912225705329156
0.31912225705329156
0.31912225705329156
0.3093425605536332
0.3093425605536332
0.3093425605536332
0.3345971563981043
0.30722070844686644
0.30722070844686644
0.30722070844686644
0.30722070844686644
0.30722070844686644
0.30722070844686644
0.30722070844686644
0.35768261964735515
0.3571428571428571
0.3068027210884354
0.3562447611064543
0.3093425605536332
0.35768261964735515
0.3571428571428571
0.31912225705329156
0.3068027210884354
0.3093425605536332
0.30722070844686644
0.3158150851581508
0.3093425605536332
0.3345971563981043
0.33523700742432894
0.3093425605536332
0.3093425605536332
0.3093425605536332
0.3093425605536332
0.30722070844686644
0.3571428571428571
0.3471272229822161
0.3093425605536332
0.3093425605536332
0.3093425605536332
0.3093425605536332
0.3093425605536332
0.3093425605536332
0.31912225705329156
0.3093425605536332
0.30722070844686644
0.3093425605536332
0.3158150851581508
0.3093425605536332
0.3158150851581508
0.3158150851581508
0.3158150851581508
0.3158150851581508
0.33523700742432894
0.31912225705329156
0.3122216724393865
0.31912225705329156
0.3093425605536332
0.3158150851581508
0.329981718464351
0.3093425605536332
0.3093425605536332
0.3471272229822161
0.3158150851581508
0.3180473372781065
0.31912225705329156
0.3093425605536332
0.3093425605536332
0.3093425605536332
0.3093425605536332
0.3093425605536332
0.3093425605536332
0.3093425605536332
0.3093425605536332
0.3158150851581508
0.3180473372781065
0.3093425605536332
0.31912225705329156
0.31912225705329156
0.33333333333333337
0.33333333333333337
0.33333333333333337
0.33333333333333337
0.3093425605536332
0.31912225705329156
0.3093425605536332
0.3562447611064543
0.33333333333333337
0.35768261964735515
0.3562447611064543
0.3562447611064543
0.31912225705329156
0.3093425605536332
0.33058608058608063
0.3158150851581508
0.33058608058608063
0.3355513307984791
0.3355513307984791
0.3158150851581508
0.30722070844686644
0.35768261964735515
0.3158150851581508
0.3068027210884354
0.3093425605536332
0.3158150851581508
0.33058608058608063
0.35768261964735515
0.31912225705329156
0.3093425605536332
0.31912225705329156
0.35768261964735515
0.3068027210884354
0.3093425605536332
0.3093425605536332
0.3093425605536332
0.31912225705329156
0.30722070844686644
0.31912225705329156
0.31912225705329156
0.31912225705329156
0.31912225705329156
0.32165605095541405
0.3187226048841578
0.31912225705329156
0.33333333333333337
0.3187226048841578
0.33333333333333337
0.31912225705329156
0.525231719876416
0.32165605095541405
0.35768261964735515
0.33333333333333337
0.3093425605536332
0.33333333333333337
0.3093425605536332
0.3093425605536332
0.31912225705329156
0.35768261964735515
0.3093425605536332
0.3187226048841578
0.35768261964735515
0.31912225705329156
0.3122216724393865
0.33333333333333337
0.3180473372781065
0.35089141004862234
0.32165605095541405
0.3571428571428571
0.3187226048841578
0.3093425605536332
0.30722070844686644
0.3214513049013368
0.3068027210884354
0.30722070844686644
0.30722070844686644
0.30722070844686644
0.30701157249829814
0.30722070844686644
0.30701157249829814
0.35768261964735515
0.3345971563981043
0.3180473372781065
0.35768261964735515
0.3093425605536332
0.3093425605536332
0.31912225705329156
0.3093425605536332
0.3180473372781065
0.31912225705329156
0.35768261964735515
0.3093425605536332
0.3093425605536332
0.33333333333333337
0.30701157249829814
0.3158150851581508
0.3158150851581508
0.3158150851581508
0.3158150851581508
0.3158150851581508
0.30722070844686644
0.30722070844686644
0.30722070844686644
0.30722070844686644
0.30722070844686644
0.30722070844686644
0.30722070844686644
0.30722070844686644
0.3345971563981043
0.30722070844686644
0.30722070844686644
0.3158150851581508
0.35768261964735515
0.35768261964735515
0.35768261964735515
0.35768261964735515
0.31912225705329156
0.3093425605536332
0.3093425605536332
0.3093425605536332
0.3093425605536332
0.3093425605536332
0.3093425605536332
0.3093425605536332
0.3158150851581508
0.35768261964735515
0.30722070844686644
0.3345971563981043
0.35768261964735515
0.30722070844686644
0.3068027210884354
0.3571428571428571
0.3571428571428571
0.329981718464351
0.3562447611064543
0.33058608058608063
0.33058608058608063
0.33058608058608063
0.33058608058608063
0.33058608058608063
0.33058608058608063
0.33058608058608063
0.3180473372781065
0.35260586319218246
0.3158150851581508
0.33333333333333337
0.33333333333333337
0.3068027210884354
0.3068027210884354
0.3180473372781065
0.33271202236719477
0.33271202236719477
0.33271202236719477
0.33271202236719477
0.35768261964735515
0.3471272229822161
0.3471272229822161
0.3093425605536332
0.3068027210884354
0.3093425605536332
0.30722070844686644
0.32165605095541405
0.32165605095541405
0.32165605095541405
0.30722070844686644
0.3093425605536332
0.3571428571428571
0.30722070844686644
0.3345971563981043
0.32083862770012705
0.3345971563981043
0.3355513307984791
0.30701157249829814
0.3345971563981043
0.30701157249829814
0.30701157249829814
0.30701157249829814
0.3093425605536332
0.30701157249829814
0.3571428571428571
0.3571428571428571
0.3571428571428571
0.32165605095541405
0.32165605095541405
0.30722070844686644
0.3571428571428571
0.3571428571428571
0.3158150851581508
0.3562447611064543
0.3093425605536332
0.3571428571428571
0.3093425605536332
0.3571428571428571
0.3093425605536332
0.33523700742432894
0.30722070844686644
0.3093425605536332
0.3093425605536332
0.3093425605536332
0.30722070844686644
0.30722070844686644
0.30722070844686644
0.30722070844686644
0.30722070844686644
0.30722070844686644
0.3093425605536332
0.33333333333333337
0.3091286307053942
0.3562447611064543
0.3093425605536332
0.3345971563981043
0.3093425605536332
0.3562447611064543
0.30701157249829814
0.33523700742432894
0.32165605095541405
0.32165605095541405
0.32165605095541405
0.32165605095541405
0.32165605095541405
0.32165605095541405
0.32165605095541405
0.33058608058608063
0.32165605095541405
0.32165605095541405
0.32165605095541405
0.32165605095541405
0.32165605095541405
0.32165605095541405
0.3355513307984791
