0.18985453189108537
0.18751805836463453
0.18985453189108537
0.18751805836463453
0.18751805836463453
0.18498973907944882
0.2009106431417188
0.21001448375750054
0.18119726797910807
0.19802523313219966
0.19802523313219966
0.19802523313219966
0.19802523313219966
0.19802523313219966
0.19802523313219966
0.18751805836463453
0.18751805836463453
0.20137221269296746
0.18985453189108537
0.18751805836463453
0.18985453189108537
0.18985453189108537
0.18751805836463453
0.18985453189108537
0.18751805836463453
0.18985453189108537
0.18751805836463453
0.18985453189108537
0.18751805836463453
0.18751805836463453
0.18985453189108537
0.2009106431417188
0.18985453189108537
0.18985453189108537
0.18119726797910807
0.18985453189108537
0.18985453189108537
0.18751805836463453
0.18751805836463453
0.18751805836463453
0.19107075293227394
0.18751805836463453
0.18985453189108537
0.18985453189108537
0.18985453189108537
0.21521003384431614
0.18134298351427425
0.21739130434782605
0.18119726797910807
0.18985453189108537
0.18985453189108537
0.18498973907944882
0.18985453189108537
0.18148893360160967
0.18985453189108537
0.18751805836463453
0.18985453189108537
0.18751805836463453
0.18751805836463453
0.18985453189108537
0.18985453189108537
0.18985453189108537
0.18119726797910807
0.18119726797910807
0.18119726797910807
0.21001448375750054
0.18148893360160967
0.18148893360160967
0.18751805836463453
0.18957169459962753
0.21521003384431614
0.18751805836463453
0.18985453189108537
0.21001448375750054
0.18751805836463453
0.18751805836463453
0.18148893360160967
0.18751805836463453
0.18985453189108537
0.18985453189108537
0.18751805836463453
0.21521003384431614
0.18985453189108537
0.18985453189108537
0.18985453189108537
0.18751805836463453
0.18751805836463453
0.18751805836463453
0.18751805836463453
0.18751805836463453
0.18751805836463453
0.21739130434782605
0.21739130434782605
0.21739130434782605
0.21739130434782605
0.21739130434782605
0.21739130434782605
0.21739130434782605
0.21739130434782605
0.21739130434782605
0.21739130434782605
0.21739130434782605
0.21739130434782605
0.21739130434782605
0.21739130434782605
0.21739130434782605
0.21739130434782605
0.21739130434782605
0.21739130434782605
0.21739130434782605
0.21739130434782605
0.21739130434782605
0.21739130434782605
0.21739130434782605
0.21739130434782605
0.21739130434782605
0.21739130434782605
0.21739130434782605
0.21739130434782605
0.21739130434782605
0.21739130434782605
0.21739130434782605
0.21739130434782605
0.21739130434782605
0.21739130434782605
0.21739130434782605
0.21739130434782605
0.21739130434782605
0.21739130434782605
0.21739130434782605
0.21739130434782605
0.21739130434782605
0.21739130434782605
0.21739130434782605
0.21739130434782605
0.21739130434782605
0.21739130434782605
0.21739130434782605
0.21739130434782605
0.21739130434782605
0.21739130434782605
0.21739130434782605
0.21739130434782605
0.21739130434782605
0.21739130434782605
0.21739130434782605
0.21739130434782605
0.21739130434782605
0.21739130434782605
0.21739130434782605
0.21739130434782605
0.21739130434782605
0.21739130434782605
0.21739130434782605
0.21739130434782605
0.21739130434782605
0.21739130434782605
0.21739130434782605
0.21739130434782605
0.21739130434782605
0.21739130434782605
0.21739130434782605
0.21739130434782605
0.21739130434782605
0.21739130434782605
0.21739130434782605
0.21739130434782605
0.21739130434782605
0.21739130434782605
0.21739130434782605
0.21739130434782605
0.21739130434782605
0.21739130434782605
0.21739130434782605
0.21739130434782605
0.21739130434782605
0.21739130434782605
0.21739130434782605
0.21739130434782605
0.21739130434782605
0.21739130434782605
0.21739130434782605
0.21739130434782605
0.21739130434782605
0.21739130434782605
0.21739130434782605
0.21739130434782605
0.21739130434782605
0.21739130434782605
0.21739130434782605
0.21739130434782605
0.21739130434782605
0.21739130434782605
0.21739130434782605
0.21739130434782605
0.21739130434782605
0.21739130434782605
0.21739130434782605
0.21739130434782605
0.21739130434782605
0.21739130434782605
0.21739130434782605
0.21739130434782605
0.21739130434782605
0.21739130434782605
0.21739130434782605
0.21739130434782605
0.21739130434782605
0.21739130434782605
0.21739130434782605
0.21739130434782605
0.21739130434782605
0.21739130434782605
0.21739130434782605
0.21739130434782605
0.21739130434782605
0.21739130434782605
0.21739130434782605
0.21739130434782605
0.21739130434782605
0.21739130434782605
0.21739130434782605
0.21739130434782605
0.21739130434782605
0.21739130434782605
0.21672616012238655
0.21672616012238655
0.21361618154908735
0.21739130434782605
0.21739130434782605
0.21739130434782605
0.21672616012238655
0.21672616012238655
0.21672616012238655
0.21672616012238655
0.21672616012238655
0.21672616012238655
0.21672616012238655
0.21672616012238655
0.21672616012238655
0.21672616012238655
0.21672616012238655
0.21672616012238655
0.21672616012238655
0.21672616012238655
0.21672616012238655
0.21672616012238655
0.21672616012238655
0.21672616012238655
0.21672616012238655
0.21672616012238655
0.21672616012238655
0.21672616012238655
0.21672616012238655
0.21672616012238655
0.21672616012238655
0.21672616012238655
0.21672616012238655
0.21672616012238655
0.21672616012238655
0.21672616012238655
0.21672616012238655
0.21672616012238655
0.21672616012238655
0.21672616012238655
0.21340561853129625
0.21739130434782605
0.21739130434782605
0.21672616012238655
0.21672616012238655
0.21672616012238655
0.21672616012238655
0.21672616012238655
0.21672616012238655
0.21672616012238655
0.21672616012238655
0.21672616012238655
0.21672616012238655
0.21672616012238655
0.21672616012238655
0.21672616012238655
0.21739130434782605
0.21739130434782605
0.21672616012238655
0.21672616012238655
0.21672616012238655
0.21672616012238655
0.21672616012238655
0.21672616012238655
0.21672616012238655
0.21672616012238655
0.21672616012238655
0.21739130434782605
0.21672616012238655
0.21672616012238655
0.21739130434782605
0.21672616012238655
0.21672616012238655
0.21739130434782605
0.21672616012238655
0.21672616012238655
0.21672616012238655
0.21739130434782605
0.21672616012238655
0.21672616012238655
0.18751805836463453
0.18751805836463453
0.18751805836463453
0.21672616012238655
0.21672616012238655
0.21672616012238655
0.21672616012238655
0.21672616012238655
0.21672616012238655
0.21672616012238655
0.21672616012238655
0.21672616012238655
0.21672616012238655
0.21672616012238655
0.21672616012238655
0.18751805836463453
0.21672616012238655
0.21672616012238655
0.21672616012238655
0.21672616012238655
0.21672616012238655
0.21672616012238655
0.21779141104294475
0.21779141104294475
0.21779141104294475
0.21779141104294475
0.21779141104294475
0.21779141104294475
0.21779141104294475
0.21779141104294475
0.21779141104294475
0.21779141104294475
0.21779141104294475
0.21779141104294475
0.21779141104294475
0.21779141104294475
0.21779141104294475
0.21779141104294475
0.21779141104294475
0.21779141104294475
0.21779141104294475
0.21779141104294475
0.21779141104294475
0.21779141104294475
0.21779141104294475
0.21779141104294475
0.21779141104294475
0.19165085388994307
0.19165085388994307
0.19165085388994307
0.19165085388994307
0.19165085388994307
0.19165085388994307
0.19165085388994307
0.19165085388994307
0.19165085388994307
0.19165085388994307
0.19165085388994307
0.19165085388994307
0.19165085388994307
0.19165085388994307
0.19165085388994307
0.19165085388994307
0.19165085388994307
0.19165085388994307
0.19165085388994307
0.19165085388994307
0.19165085388994307
0.19165085388994307
0.19165085388994307
0.19165085388994307
0.19165085388994307
0.19165085388994307
0.19165085388994307
0.19165085388994307
0.19165085388994307
0.19165085388994307
0.19165085388994307
0.19165085388994307
0.19165085388994307
0.19165085388994307
0.19165085388994307
0.21739130434782605
0.21739130434782605
0.21739130434782605
0.21739130434782605
0.21739130434782605
0.21739130434782605
0.2140385565991102
0.21739130434782605
0.21739130434782605
0.21739130434782605
0.21739130434782605
0.21739130434782605
0.21739130434782605
0.21739130434782605
0.21739130434782605
0.21739130434782605
0.21739130434782605
0.21739130434782605
0.21739130434782605
0.21739130434782605
0.21739130434782605
0.21672616012238655
0.21739130434782605
0.21521003384431614
0.21521003384431614
0.21521003384431614
0.21521003384431614
0.21521003384431614
0.21521003384431614
0.21521003384431614
0.21521003384431614
0.21521003384431614
0.21521003384431614
0.21521003384431614
0.21521003384431614
0.21521003384431614
0.21521003384431614
0.21739130434782605
0.21739130434782605
0.18751805836463453
0.21739130434782605
0.21739130434782605
0.21739130434782605
0.21121314644755917
0.21739130434782605
0.21739130434782605
0.18751805836463453
0.21739130434782605
0.21739130434782605
0.21739130434782605
0.21739130434782605
0.21739130434782605
0.21739130434782605
0.21739130434782605
0.21739130434782605
0.21739130434782605
0.21739130434782605
0.21739130434782605
0.21739130434782605
0.21739130434782605
0.21739130434782605
0.21739130434782605
0.21739130434782605
0.21739130434782605
0.21739130434782605
0.21739130434782605
0.21739130434782605
0.21739130434782605
0.18498973907944882
0.18498973907944882
0.18985453189108537
0.2009106431417188
0.19165085388994307
0.18148893360160967
0.18148893360160967
0.18148893360160967
0.18148893360160967
0.18148893360160967
0.18148893360160967
0.2009106431417188
0.18148893360160967
0.18148893360160967
0.18134298351427425
0.18148893360160967
0.18148893360160967
0.18148893360160967
0.18148893360160967
0.18148893360160967
0.18148893360160967
0.18148893360160967
0.18134298351427425
0.18148893360160967
0.18148893360160967
0.18134298351427425
0.18751805836463453
0.18751805836463453
0.21739130434782605
0.18297175603765858
0.18148893360160967
0.21361618154908735
0.21672616012238655
0.21739130434782605
0.18751805836463453
0.21779141104294475
0.21779141104294475
0.21779141104294475
0.21779141104294475
0.21779141104294475
0.21779141104294475
0.21779141104294475
0.19165085388994307
0.19165085388994307
0.19165085388994307
0.19165085388994307
0.19165085388994307
0.19165085388994307
0.19165085388994307
0.19165085388994307
0.19165085388994307
0.21739130434782605
0.21672616012238655
0.21739130434782605
0.21739130434782605
0.21739130434782605
0.21739130434782605
0.21739130434782605
0.21739130434782605
0.21739130434782605
0.0
0.21739130434782605
0.21739130434782605
0.21739130434782605
0.21739130434782605
0.21739130434782605
0.21739130434782605
0.21739130434782605
0.21739130434782605
0.21739130434782605
0.21739130434782605
0.18148893360160967
0.18148893360160967
0.18148893360160967
0.18148893360160967
0.18148893360160967
0.18148893360160967
0.18148893360160967
0.18148893360160967
0.18148893360160967
0.179770841564599
0.18148893360160967
0.2015990862364363
0.18297175603765858
0.18297175603765858
0.1828220858895706
0.18297175603765858
0.18297175603765858
0.18297175603765858
0.18297175603765858
0.18297175603765858
0.18297175603765858
0.21779141104294475
0.19165085388994307
0.19165085388994307
0.19165085388994307
0.21739130434782605
0.21739130434782605
0.21739130434782605
0.21672616012238655
0.21739130434782605
0.18134298351427425
0.2015990862364363
0.2009106431417188
0.2015990862364363
0.2015990862364363
0.2009106431417188
0.2015990862364363
0.2015990862364363
0.18297175603765858
0.19165085388994307
0.19165085388994307
0.2015990862364363
0.2015990862364363
0.2015990862364363
0.2015990862364363
0.2015990862364363
0.19165085388994307
0.2015990862364363
0.2015990862364363
0.2009106431417188
0.18119726797910807
0.18119726797910807
0.18119726797910807
0.18119726797910807
0.21739130434782605
0.21672616012238655
0.2127764127764128
0.2127764127764128
0.21672616012238655
0.18751805836463453
0.18751805836463453
0.18751805836463453
0.18985453189108537
0.18985453189108537
0.21672616012238655
0.21672616012238655
0.21739130434782605
0.18985453189108537
0.18985453189108537
0.18985453189108537
0.18985453189108537
0.18985453189108537
0.19759168035030106
0.18148893360160967
0.21739130434782605
0.21739130434782605
0.21361618154908735
0.21121314644755917
0.21739130434782605
0.21672616012238655
0.21779141104294475
0.21779141104294475
0.21779141104294475
0.21779141104294475
0.21779141104294475
0.21779141104294475
0.21779141104294475
0.21779141104294475
0.21779141104294475
0.21779141104294475
0.21779141104294475
0.21779141104294475
0.18498973907944882
0.21115211152111524
0.18751805836463453
0.18751805836463453
0.18751805836463453
0.18751805836463453
0.18751805836463453
0.2140385565991102
0.2140385565991102
0.2127764127764128
0.21672616012238655
0.21672616012238655
0.21672616012238655
0.21672616012238655
0.21672616012238655
0.21672616012238655
0.18985453189108537
0.21779141104294475
0.21779141104294475
0.21779141104294475
0.21779141104294475
0.21779141104294475
0.21779141104294475
0.21779141104294475
0.17948717948717952
0.18148893360160967
0.18148893360160967
0.18148893360160967
0.18148893360160967
0.21739130434782605
0.18498973907944882
0.18751805836463453
0.18751805836463453
0.2015990862364363
0.18148893360160967
0.18297175603765858
0.18297175603765858
0.18297175603765858
0.18297175603765858
0.18297175603765858
0.18297175603765858
0.18297175603765858
0.18297175603765858
0.18297175603765858
0.18297175603765858
0.18297175603765858
0.18297175603765858
0.18297175603765858
0.18297175603765858
0.18297175603765858
0.18297175603765858
0.18297175603765858
0.18297175603765858
0.18297175603765858
0.18297175603765858
0.18297175603765858
0.18297175603765858
0.18297175603765858
0.18134298351427425
0.18148893360160967
0.18134298351427425
0.18148893360160967
0.1991076408254322
0.18134298351427425
0.18134298351427425
0.21739130434782605
0.19165085388994307
0.21739130434782605
0.2015990862364363
0.18148893360160967
0.18148893360160967
0.18148893360160967
0.18148893360160967
0.18148893360160967
0.18751805836463453
0.2015990862364363
0.21672616012238655
0.18148893360160967
0.2015990862364363
0.2015990862364363
0.21672616012238655
0.21672616012238655
0.21672616012238655
0.21672616012238655
0.21672616012238655
0.21779141104294475
0.21739130434782605
0.18148893360160967
0.21001448375750054
0.18119726797910807
0.18985453189108537
0.21739130434782605
0.18985453189108537
0.18985453189108537
0.18985453189108537
0.18985453189108537
0.18297175603765858
0.18297175603765858
0.18297175603765858
0.2009106431417188
0.18148893360160967
0.18148893360160967
0.18148893360160967
0.18148893360160967
0.18148893360160967
0.18148893360160967
0.18148893360160967
0.21779141104294475
0.21739130434782605
0.18119726797910807
0.21672616012238655
0.18297175603765858
0.21779141104294475
0.21739130434782605
0.18985453189108537
0.18119726797910807
0.18297175603765858
0.18148893360160967
0.18751805836463453
0.18297175603765858
0.2009106431417188
0.20137221269296746
0.18297175603765858
0.18297175603765858
0.18297175603765858
0.18297175603765858
0.18148893360160967
0.21739130434782605
0.21001448375750054
0.18297175603765858
0.18297175603765858
0.18297175603765858
0.18297175603765858
0.18297175603765858
0.18297175603765858
0.18985453189108537
0.18297175603765858
0.18148893360160967
0.18297175603765858
0.18751805836463453
0.18297175603765858
0.18751805836463453
0.18751805836463453
0.18751805836463453
0.18751805836463453
0.20137221269296746
0.18985453189108537
0.18498973907944882
0.18985453189108537
0.18297175603765858
0.18751805836463453
0.19759168035030106
0.18297175603765858
0.18297175603765858
0.21001448375750054
0.18751805836463453
0.18909410729991205
0.18985453189108537
0.18297175603765858
0.18297175603765858
0.18297175603765858
0.18297175603765858
0.18297175603765858
0.18297175603765858
0.18297175603765858
0.18297175603765858
0.18751805836463453
0.18909410729991205
0.18297175603765858
0.18985453189108537
0.18985453189108537
0.19999999999999996
0.19999999999999996
0.19999999999999996
0.19999999999999996
0.18297175603765858
0.18985453189108537
0.18297175603765858
0.21672616012238655
0.19999999999999996
0.21779141104294475
0.21672616012238655
0.21672616012238655
0.18985453189108537
0.18297175603765858
0.19802523313219966
0.18751805836463453
0.19802523313219966
0.2015990862364363
0.2015990862364363
0.18751805836463453
0.18148893360160967
0.21779141104294475
0.18751805836463453
0.18119726797910807
0.18297175603765858
0.18751805836463453
0.19802523313219966
0.21779141104294475
0.18985453189108537
0.18297175603765858
0.18985453189108537
0.21779141104294475
0.18119726797910807
0.18297175603765858
0.18297175603765858
0.18297175603765858
0.18985453189108537
0.18148893360160967
0.18985453189108537
0.18985453189108537
0.18985453189108537
0.18985453189108537
0.19165085388994307
0.18957169459962753
0.18985453189108537
0.19999999999999996
0.18957169459962753
0.19999999999999996
0.18985453189108537
0.3561452513966481
0.19165085388994307
0.21779141104294475
0.19999999999999996
0.18297175603765858
0.19999999999999996
0.18297175603765858
0.18297175603765858
0.18985453189108537
0.21779141104294475
0.18297175603765858
0.18957169459962753
0.21779141104294475
0.18985453189108537
0.18498973907944882
0.19999999999999996
0.18909410729991205
0.2127764127764128
0.19165085388994307
0.21739130434782605
0.18957169459962753
0.18297175603765858
0.18148893360160967
0.19150549867273414
0.18119726797910807
0.18148893360160967
0.18148893360160967
0.18148893360160967
0.18134298351427425
0.18148893360160967
0.18134298351427425
0.21779141104294475
0.2009106431417188
0.18909410729991205
0.21779141104294475
0.18297175603765858
0.18297175603765858
0.18985453189108537
0.18297175603765858
0.18909410729991205
0.18985453189108537
0.21779141104294475
0.18297175603765858
0.18297175603765858
0.19999999999999996
0.18134298351427425
0.18751805836463453
0.18751805836463453
0.18751805836463453
0.18751805836463453
0.18751805836463453
0.18148893360160967
0.18148893360160967
0.18148893360160967
0.18148893360160967
0.18148893360160967
0.18148893360160967
0.18148893360160967
0.18148893360160967
0.2009106431417188
0.18148893360160967
0.18148893360160967
0.18751805836463453
0.21779141104294475
0.21779141104294475
0.21779141104294475
0.21779141104294475
0.18985453189108537
0.18297175603765858
0.18297175603765858
0.18297175603765858
0.18297175603765858
0.18297175603765858
0.18297175603765858
0.18297175603765858
0.18751805836463453
0.21779141104294475
0.18148893360160967
0.2009106431417188
0.21779141104294475
0.18148893360160967
0.18119726797910807
0.21739130434782605
0.21739130434782605
0.19759168035030106
0.21672616012238655
0.19802523313219966
0.19802523313219966
0.19802523313219966
0.19802523313219966
0.19802523313219966
0.19802523313219966
0.19802523313219966
0.18909410729991205
0.2140385565991102
0.18751805836463453
0.19999999999999996
0.19999999999999996
0.18119726797910807
0.18119726797910807
0.18909410729991205
0.19955282280603692
0.19955282280603692
0.19955282280603692
0.19955282280603692
0.21779141104294475
0.21001448375750054
0.21001448375750054
0.18297175603765858
0.18119726797910807
0.18297175603765858
0.18148893360160967
0.19165085388994307
0.19165085388994307
0.19165085388994307
0.18148893360160967
0.18297175603765858
0.21739130434782605
0.18148893360160967
0.2009106431417188
0.19107075293227394
0.2009106431417188
0.2015990862364363
0.18134298351427425
0.2009106431417188
0.18134298351427425
0.18134298351427425
0.18134298351427425
0.18297175603765858
0.18134298351427425
0.21739130434782605
0.21739130434782605
0.21739130434782605
0.19165085388994307
0.19165085388994307
0.18148893360160967
0.21739130434782605
0.21739130434782605
0.18751805836463453
0.21672616012238655
0.18297175603765858
0.21739130434782605
0.18297175603765858
0.21739130434782605
0.18297175603765858
0.20137221269296746
0.18148893360160967
0.18297175603765858
0.18297175603765858
0.18297175603765858
0.18148893360160967
0.18148893360160967
0.18148893360160967
0.18148893360160967
0.18148893360160967
0.18148893360160967
0.18297175603765858
0.19999999999999996
0.1828220858895706
0.21672616012238655
0.18297175603765858
0.2009106431417188
0.18297175603765858
0.21672616012238655
0.18134298351427425
0.20137221269296746
0.19165085388994307
0.19165085388994307
0.19165085388994307
0.19165085388994307
0.19165085388994307
0.19165085388994307
0.19165085388994307
0.19802523313219966
0.19165085388994307
0.19165085388994307
0.19165085388994307
0.19165085388994307
0.19165085388994307
0.19165085388994307
0.2015990862364363
