0.016304347826086918
0.018156424581005637
0.016304347826086918
0.018156424581005637
0.018156424581005637
0.016973125884017004
0.0
0.01901336073997939
0.011639185257032003
0.0
0.0
0.0
0.0
0.0
0.0
0.018156424581005637
0.018156424581005637
0.013559322033898313
0.016304347826086918
0.018156424581005637
0.016304347826086918
0.016304347826086918
0.018156424581005637
0.016304347826086918
0.018156424581005637
0.016304347826086918
0.018156424581005637
0.016304347826086918
0.018156424581005637
0.018156424581005637
0.016304347826086918
0.0
0.016304347826086918
0.016304347826086918
0.011639185257032003
0.016304347826086918
0.016304347826086918
0.018156424581005637
0.018156424581005637
0.018156424581005637
0.016559337626494974
0.018156424581005637
0.016304347826086918
0.016304347826086918
0.016304347826086918
0.0194029850746269
0.011650485436893177
0.010349288486416586
0.011639185257032003
0.016304347826086918
0.016304347826086918
0.016973125884017004
0.016304347826086918
0.011661807580174877
0.016304347826086918
0.018156424581005637
0.016304347826086918
0.018156424581005637
0.018156424581005637
0.016304347826086918
0.016304347826086918
0.016304347826086918
0.011639185257032003
0.011639185257032003
0.011639185257032003
0.01901336073997939
0.011661807580174877
0.011661807580174877
0.018156424581005637
0.016274864376130238
0.0194029850746269
0.018156424581005637
0.016304347826086918
0.01901336073997939
0.018156424581005637
0.018156424581005637
0.011661807580174877
0.018156424581005637
0.016304347826086918
0.016304347826086918
0.018156424581005637
0.0194029850746269
0.016304347826086918
0.016304347826086918
0.016304347826086918
0.018156424581005637
0.018156424581005637
0.018156424581005637
0.018156424581005637
0.018156424581005637
0.018156424581005637
0.010349288486416586
0.010349288486416586
0.010349288486416586
0.010349288486416586
0.010349288486416586
0.010349288486416586
0.010349288486416586
0.010349288486416586
0.010349288486416586
0.010349288486416586
0.010349288486416586
0.010349288486416586
0.010349288486416586
0.010349288486416586
0.010349288486416586
0.010349288486416586
0.010349288486416586
0.010349288486416586
0.010349288486416586
0.010349288486416586
0.010349288486416586
0.010349288486416586
0.010349288486416586
0.010349288486416586
0.010349288486416586
0.010349288486416586
0.010349288486416586
0.010349288486416586
0.010349288486416586
0.010349288486416586
0.010349288486416586
0.010349288486416586
0.010349288486416586
0.010349288486416586
0.010349288486416586
0.010349288486416586
0.010349288486416586
0.010349288486416586
0.010349288486416586
0.010349288486416586
0.010349288486416586
0.010349288486416586
0.010349288486416586
0.010349288486416586
0.010349288486416586
0.010349288486416586
0.010349288486416586
0.010349288486416586
0.010349288486416586
0.010349288486416586
0.010349288486416586
0.010349288486416586
0.010349288486416586
0.010349288486416586
0.010349288486416586
0.010349288486416586
0.010349288486416586
0.010349288486416586
0.010349288486416586
0.010349288486416586
0.010349288486416586
0.010349288486416586
0.010349288486416586
0.010349288486416586
0.010349288486416586
0.010349288486416586
0.010349288486416586
0.010349288486416586
0.010349288486416586
0.010349288486416586
0.010349288486416586
0.010349288486416586
0.010349288486416586
0.010349288486416586
0.010349288486416586
0.010349288486416586
0.010349288486416586
0.010349288486416586
0.010349288486416586
0.010349288486416586
0.010349288486416586
0.010349288486416586
0.010349288486416586
0.010349288486416586
0.010349288486416586
0.010349288486416586
0.010349288486416586
0.010349288486416586
0.010349288486416586
0.010349288486416586
0.010349288486416586
0.010349288486416586
0.010349288486416586
0.010349288486416586
0.010349288486416586
0.010349288486416586
0.010349288486416586
0.010349288486416586
0.010349288486416586
0.010349288486416586
0.010349288486416586
0.010349288486416586
0.010349288486416586
0.010349288486416586
0.010349288486416586
0.010349288486416586
0.010349288486416586
0.010349288486416586
0.010349288486416586
0.010349288486416586
0.010349288486416586
0.010349288486416586
0.010349288486416586
0.010349288486416586
0.010349288486416586
0.010349288486416586
0.010349288486416586
0.010349288486416586
0.010349288486416586
0.010349288486416586
0.010349288486416586
0.010349288486416586
0.010349288486416586
0.010349288486416586
0.010349288486416586
0.010349288486416586
0.010349288486416586
0.010349288486416586
0.010349288486416586
0.010349288486416586
0.010349288486416586
0.010349288486416586
0.010349288486416586
0.010349288486416586
0.010309278350515427
0.010309278350515427
0.009937888198757738
0.010349288486416586
0.010349288486416586
0.010349288486416586
0.010309278350515427
0.010309278350515427
0.010309278350515427
0.010309278350515427
0.010309278350515427
0.010309278350515427
0.010309278350515427
0.010309278350515427
0.010309278350515427
0.010309278350515427
0.010309278350515427
0.010309278350515427
0.010309278350515427
0.010309278350515427
0.010309278350515427
0.010309278350515427
0.010309278350515427
0.010309278350515427
0.010309278350515427
0.010309278350515427
0.010309278350515427
0.010309278350515427
0.010309278350515427
0.010309278350515427
0.010309278350515427
0.010309278350515427
0.010309278350515427
0.010309278350515427
0.010309278350515427
0.010309278350515427
0.010309278350515427
0.010309278350515427
0.010309278350515427
0.010309278350515427
0.00992555831265507
0.010349288486416586
0.010349288486416586
0.010309278350515427
0.010309278350515427
0.010309278350515427
0.010309278350515427
0.010309278350515427
0.010309278350515427
0.010309278350515427
0.010309278350515427
0.010309278350515427
0.010309278350515427
0.010309278350515427
0.010309278350515427
0.010309278350515427
0.010349288486416586
0.010349288486416586
0.010309278350515427
0.010309278350515427
0.010309278350515427
0.010309278350515427
0.010309278350515427
0.010309278350515427
0.010309278350515427
0.010309278350515427
0.010309278350515427
0.010349288486416586
0.010309278350515427
0.010309278350515427
0.010349288486416586
0.010309278350515427
0.010309278350515427
0.010349288486416586
0.010309278350515427
0.010309278350515427
0.010309278350515427
0.010349288486416586
0.010309278350515427
0.010309278350515427
0.018156424581005637
0.018156424581005637
0.018156424581005637
0.010309278350515427
0.010309278350515427
0.010309278350515427
0.010309278350515427
0.010309278350515427
0.010309278350515427
0.010309278350515427
0.010309278350515427
0.010309278350515427
0.010309278350515427
0.010309278350515427
0.010309278350515427
0.018156424581005637
0.010309278350515427
0.010309278350515427
0.010309278350515427
0.010309278350515427
0.010309278350515427
0.010309278350515427
0.020737327188940058
0.020737327188940058
0.020737327188940058
0.020737327188940058
0.020737327188940058
0.020737327188940058
0.020737327188940058
0.020737327188940058
0.020737327188940058
0.020737327188940058
0.020737327188940058
0.020737327188940058
0.020737327188940058
0.020737327188940058
0.020737327188940058
0.020737327188940058
0.020737327188940058
0.020737327188940058
0.020737327188940058
0.020737327188940058
0.020737327188940058
0.020737327188940058
0.020737327188940058
0.020737327188940058
0.020737327188940058
0.0166204986149584
0.0166204986149584
0.0166204986149584
0.0166204986149584
0.0166204986149584
0.0166204986149584
0.0166204986149584
0.0166204986149584
0.0166204986149584
0.0166204986149584
0.0166204986149584
0.0166204986149584
0.0166204986149584
0.0166204986149584
0.0166204986149584
0.0166204986149584
0.0166204986149584
0.0166204986149584
0.0166204986149584
0.0166204986149584
0.0166204986149584
0.0166204986149584
0.0166204986149584
0.0166204986149584
0.0166204986149584
0.0166204986149584
0.0166204986149584
0.0166204986149584
0.0166204986149584
0.0166204986149584
0.0166204986149584
0.0166204986149584
0.0166204986149584
0.0166204986149584
0.0166204986149584
0.010349288486416586
0.010349288486416586
0.010349288486416586
0.010349288486416586
0.010349288486416586
0.010349288486416586
0.00996264009962644
0.010349288486416586
0.010349288486416586
0.010349288486416586
0.010349288486416586
0.010349288486416586
0.010349288486416586
0.010349288486416586
0.010349288486416586
0.010349288486416586
0.010349288486416586
0.010349288486416586
0.010349288486416586
0.010349288486416586
0.010349288486416586
0.010309278350515427
0.010349288486416586
0.0194029850746269
0.0194029850746269
0.0194029850746269
0.0194029850746269
0.0194029850746269
0.0194029850746269
0.0194029850746269
0.0194029850746269
0.0194029850746269
0.0194029850746269
0.0194029850746269
0.0194029850746269
0.0194029850746269
0.0194029850746269
0.010349288486416586
0.010349288486416586
0.018156424581005637
0.010349288486416586
0.010349288486416586
0.010349288486416586
0.009708737864077666
0.010349288486416586
0.010349288486416586
0.018156424581005637
0.010349288486416586
0.010349288486416586
0.010349288486416586
0.010349288486416586
0.010349288486416586
0.010349288486416586
0.010349288486416586
0.010349288486416586
0.010349288486416586
0.010349288486416586
0.010349288486416586
0.010349288486416586
0.010349288486416586
0.010349288486416586
0.010349288486416586
0.010349288486416586
0.010349288486416586
0.010349288486416586
0.010349288486416586
0.010349288486416586
0.010349288486416586
0.016973125884017004
0.016973125884017004
0.016304347826086918
0.0
0.0166204986149584
0.011661807580174877
0.011661807580174877
0.011661807580174877
0.011661807580174877
0.011661807580174877
0.011661807580174877
0.0
0.011661807580174877
0.011661807580174877
0.011650485436893177
0.011661807580174877
0.011661807580174877
0.011661807580174877
0.011661807580174877
0.011661807580174877
0.011661807580174877
0.011661807580174877
0.011650485436893177
0.011661807580174877
0.011661807580174877
0.011650485436893177
0.018156424581005637
0.018156424581005637
0.010349288486416586
0.011881188118811892
0.011661807580174877
0.009937888198757738
0.010309278350515427
0.010349288486416586
0.018156424581005637
0.020737327188940058
0.020737327188940058
0.020737327188940058
0.020737327188940058
0.020737327188940058
0.020737327188940058
0.020737327188940058
0.0166204986149584
0.0166204986149584
0.0166204986149584
0.0166204986149584
0.0166204986149584
0.0166204986149584
0.0166204986149584
0.0166204986149584
0.0166204986149584
0.010349288486416586
0.010309278350515427
0.010349288486416586
0.010349288486416586
0.010349288486416586
0.010349288486416586
0.010349288486416586
0.010349288486416586
0.010349288486416586
0.0
0.010349288486416586
0.010349288486416586
0.010349288486416586
0.010349288486416586
0.010349288486416586
0.010349288486416586
0.010349288486416586
0.010349288486416586
0.010349288486416586
0.010349288486416586
0.011661807580174877
0.011661807580174877
0.011661807580174877
0.011661807580174877
0.011661807580174877
0.011661807580174877
0.011661807580174877
0.011661807580174877
0.011661807580174877
0.011428571428571455
0.011661807580174877
0.0
0.011881188118811892
0.011881188118811892
0.011869436201780381
0.011881188118811892
0.011881188118811892
0.011881188118811892
0.011881188118811892
0.011881188118811892
0.011881188118811892
0.020737327188940058
0.0166204986149584
0.0166204986149584
0.0166204986149584
0.010349288486416586
0.010349288486416586
0.010349288486416586
0.010309278350515427
0.010349288486416586
0.011650485436893177
0.0
0.0
0.0
0.0
0.0
0.0
0.0
0.011881188118811892
0.0166204986149584
0.0166204986149584
0.0
0.0
0.0
0.0
0.0
0.0166204986149584
0.0
0.0
0.0
0.011639185257032003
0.011639185257032003
0.011639185257032003
0.011639185257032003
0.010349288486416586
0.010309278350515427
0.00988875154511748
0.00988875154511748
0.010309278350515427
0.018156424581005637
0.018156424581005637
0.018156424581005637
0.016304347826086918
0.016304347826086918
0.010309278350515427
0.010309278350515427
0.010349288486416586
0.016304347826086918
0.016304347826086918
0.016304347826086918
0.016304347826086918
0.016304347826086918
0.0
0.011661807580174877
0.010349288486416586
0.010349288486416586
0.009937888198757738
0.009708737864077666
0.010349288486416586
0.010309278350515427
0.020737327188940058
0.020737327188940058
0.020737327188940058
0.020737327188940058
0.020737327188940058
0.020737327188940058
0.020737327188940058
0.020737327188940058
0.020737327188940058
0.020737327188940058
0.020737327188940058
0.020737327188940058
0.016973125884017004
0.01836734693877551
0.018156424581005637
0.018156424581005637
0.018156424581005637
0.018156424581005637
0.018156424581005637
0.00996264009962644
0.00996264009962644
0.00988875154511748
0.010309278350515427
0.010309278350515427
0.010309278350515427
0.010309278350515427
0.010309278350515427
0.010309278350515427
0.016304347826086918
0.020737327188940058
0.020737327188940058
0.020737327188940058
0.020737327188940058
0.020737327188940058
0.020737327188940058
0.020737327188940058
0.011406844106463865
0.011661807580174877
0.011661807580174877
0.011661807580174877
0.011661807580174877
0.010349288486416586
0.016973125884017004
0.018156424581005637
0.018156424581005637
0.0
0.011661807580174877
0.011881188118811892
0.011881188118811892
0.011881188118811892
0.011881188118811892
0.011881188118811892
0.011881188118811892
0.011881188118811892
0.011881188118811892
0.011881188118811892
0.011881188118811892
0.011881188118811892
0.011881188118811892
0.011881188118811892
0.011881188118811892
0.011881188118811892
0.011881188118811892
0.011881188118811892
0.011881188118811892
0.011881188118811892
0.011881188118811892
0.011881188118811892
0.011881188118811892
0.011881188118811892
0.011650485436893177
0.011661807580174877
0.011650485436893177
0.011661807580174877
0.0
0.011650485436893177
0.011650485436893177
0.010349288486416586
0.0166204986149584
0.010349288486416586
0.0
0.011661807580174877
0.011661807580174877
0.011661807580174877
0.011661807580174877
0.011661807580174877
0.018156424581005637
0.0
0.010309278350515427
0.011661807580174877
0.0
0.0
0.010309278350515427
0.010309278350515427
0.010309278350515427
0.010309278350515427
0.010309278350515427
0.020737327188940058
0.010349288486416586
0.011661807580174877
0.01901336073997939
0.011639185257032003
0.016304347826086918
0.010349288486416586
0.016304347826086918
0.016304347826086918
0.016304347826086918
0.016304347826086918
0.011881188118811892
0.011881188118811892
0.011881188118811892
0.0
0.011661807580174877
0.011661807580174877
0.011661807580174877
0.011661807580174877
0.011661807580174877
0.011661807580174877
0.011661807580174877
0.020737327188940058
0.010349288486416586
0.011639185257032003
0.010309278350515427
0.011881188118811892
0.020737327188940058
0.010349288486416586
0.016304347826086918
0.011639185257032003
0.011881188118811892
0.011661807580174877
0.018156424581005637
0.011881188118811892
0.0
0.013559322033898313
0.011881188118811892
0.011881188118811892
0.011881188118811892
0.011881188118811892
0.011661807580174877
0.010349288486416586
0.01901336073997939
0.011881188118811892
0.011881188118811892
0.011881188118811892
0.011881188118811892
0.011881188118811892
0.011881188118811892
0.016304347826086918
0.011881188118811892
0.011661807580174877
0.011881188118811892
0.018156424581005637
0.011881188118811892
0.018156424581005637
0.018156424581005637
0.018156424581005637
0.018156424581005637
0.013559322033898313
0.016304347826086918
0.016973125884017004
0.016304347826086918
0.011881188118811892
0.018156424581005637
0.0
0.011881188118811892
0.011881188118811892
0.01901336073997939
0.018156424581005637
0.018452803406671436
0.016304347826086918
0.011881188118811892
0.011881188118811892
0.011881188118811892
0.011881188118811892
0.011881188118811892
0.011881188118811892
0.011881188118811892
0.011881188118811892
0.018156424581005637
0.018452803406671436
0.011881188118811892
0.016304347826086918
0.016304347826086918
0.0
0.0
0.0
0.0
0.011881188118811892
0.016304347826086918
0.011881188118811892
0.010309278350515427
0.0
0.020737327188940058
0.010309278350515427
0.010309278350515427
0.016304347826086918
0.011881188118811892
0.0
0.018156424581005637
0.0
0.0
0.0
0.018156424581005637
0.011661807580174877
0.020737327188940058
0.018156424581005637
0.011639185257032003
0.011881188118811892
0.018156424581005637
0.0
0.020737327188940058
0.016304347826086918
0.011881188118811892
0.016304347826086918
0.020737327188940058
0.011639185257032003
0.011881188118811892
0.011881188118811892
0.011881188118811892
0.016304347826086918
0.011661807580174877
0.016304347826086918
0.016304347826086918
0.016304347826086918
0.016304347826086918
0.0166204986149584
0.016274864376130238
0.016304347826086918
0.0
0.016274864376130238
0.0
0.016304347826086918
0.018452803406671436
0.0166204986149584
0.020737327188940058
0.0
0.011881188118811892
0.0
0.011881188118811892
0.011881188118811892
0.016304347826086918
0.020737327188940058
0.011881188118811892
0.016274864376130238
0.020737327188940058
0.016304347826086918
0.016973125884017004
0.0
0.018452803406671436
0.00988875154511748
0.0166204986149584
0.010349288486416586
0.016274864376130238
0.011881188118811892
0.011661807580174877
0.016605166051660514
0.011639185257032003
0.011661807580174877
0.011661807580174877
0.011661807580174877
0.011650485436893177
0.011661807580174877
0.011650485436893177
0.020737327188940058
0.0
0.018452803406671436
0.020737327188940058
0.011881188118811892
0.011881188118811892
0.016304347826086918
0.011881188118811892
0.018452803406671436
0.016304347826086918
0.020737327188940058
0.011881188118811892
0.011881188118811892
0.0
0.011650485436893177
0.018156424581005637
0.018156424581005637
0.018156424581005637
0.018156424581005637
0.018156424581005637
0.011661807580174877
0.011661807580174877
0.011661807580174877
0.011661807580174877
0.011661807580174877
0.011661807580174877
0.011661807580174877
0.011661807580174877
0.0
0.011661807580174877
0.011661807580174877
0.018156424581005637
0.020737327188940058
0.020737327188940058
0.020737327188940058
0.020737327188940058
0.016304347826086918
0.011881188118811892
0.011881188118811892
0.011881188118811892
0.011881188118811892
0.011881188118811892
0.011881188118811892
0.011881188118811892
0.018156424581005637
0.020737327188940058
0.011661807580174877
0.0
0.020737327188940058
0.011661807580174877
0.011639185257032003
0.010349288486416586
0.010349288486416586
0.0
0.010309278350515427
0.0
0.0
0.0
0.0
0.0
0.0
0.0
0.018452803406671436
0.00996264009962644
0.018156424581005637
0.0
0.0
0.011639185257032003
0.011639185257032003
0.018452803406671436
0.0
0.0
0.0
0.0
0.020737327188940058
0.01901336073997939
0.01901336073997939
0.011881188118811892
0.011639185257032003
0.011881188118811892
0.011661807580174877
0.0166204986149584
0.0166204986149584
0.0166204986149584
0.011661807580174877
0.011881188118811892
0.010349288486416586
0.011661807580174877
0.0
0.016559337626494974
0.0
0.0
0.011650485436893177
0.0
0.011650485436893177
0.011650485436893177
0.011650485436893177
0.011881188118811892
0.011650485436893177
0.010349288486416586
0.010349288486416586
0.010349288486416586
0.0166204986149584
0.0166204986149584
0.011661807580174877
0.010349288486416586
0.010349288486416586
0.018156424581005637
0.010309278350515427
0.011881188118811892
0.010349288486416586
0.011881188118811892
0.010349288486416586
0.011881188118811892
0.013559322033898313
0.011661807580174877
0.011881188118811892
0.011881188118811892
0.011881188118811892
0.011661807580174877
0.011661807580174877
0.011661807580174877
0.011661807580174877
0.011661807580174877
0.011661807580174877
0.011881188118811892
0.0
0.011869436201780381
0.010309278350515427
0.011881188118811892
0.0
0.011881188118811892
0.010309278350515427
0.011650485436893177
0.013559322033898313
0.0166204986149584
0.0166204986149584
0.0166204986149584
0.0166204986149584
0.0166204986149584
0.0166204986149584
0.0166204986149584
0.0
0.0166204986149584
0.0166204986149584
0.0166204986149584
0.0166204986149584
0.0166204986149584
0.0166204986149584
0.0
