0.0
0.0
0.0
0.0
0.0
0.0
0.0786516853932584
0.0
0.0
0.0
0.0
0.0786516853932584
0.0
0.0
0.0
0.0
0.0
0.2068965517241379
0.0
0.2068965517241379
0.0
0.0786516853932584
0.2264150943396226
0.0
0.0
0.23529411764705888
0.0786516853932584
0.17894736842105263
0.17894736842105263
0.0786516853932584
0.0786516853932584
0.0786516853932584
0.0
0.07526881720430112
0.1875
0.1875
0.1875
0.1875
0.17894736842105263
0.1875
0.17894736842105263
0.17894736842105263
0.17894736842105263
0.17894736842105263
0.17894736842105263
0.17894736842105263
0.17894736842105263
0.17894736842105263
0.17894736842105263
0.17894736842105263
0.17894736842105263
0.17894736842105263
0.23529411764705888
0.1875
0.1875
0.17894736842105263
0.17894736842105263
0.17894736842105263
0.17894736842105263
0.1875
0.1875
0.1875
0.1875
0.1875
0.1875
0.1875
0.1875
0.1875
0.1875
0.1875
0.1875
0.1875
0.1875
0.0786516853932584
0.0786516853932584
0.0786516853932584
0.1875
0.17894736842105263
0.17894736842105263
0.17894736842105263
0.17894736842105263
0.17894736842105263
0.17894736842105263
0.17894736842105263
0.17894736842105263
0.17894736842105263
0.17894736842105263
0.17894736842105263
0.17894736842105263
0.17894736842105263
0.17894736842105263
0.1875
0.17894736842105263
0.17894736842105263
0.1875
0.17894736842105263
0.17894736842105263
0.17894736842105263
0.17894736842105263
0.17894736842105263
0.17894736842105263
0.17894736842105263
0.17894736842105263
0.17894736842105263
0.1875
0.1875
0.1875
0.17894736842105263
0.17894736842105263
0.17894736842105263
0.17894736842105263
0.17894736842105263
0.17894736842105263
0.17894736842105263
0.1875
0.1875
0.17894736842105263
0.1875
0.17894736842105263
0.1875
0.1875
0.0786516853932584
0.17894736842105263
0.17894736842105263
0.17894736842105263
0.17894736842105263
0.17894736842105263
0.17894736842105263
0.17894736842105263
0.17894736842105263
0.17894736842105263
0.17894736842105263
0.17894736842105263
0.17894736842105263
0.17894736842105263
0.17894736842105263
0.17894736842105263
0.17894736842105263
0.17894736842105263
0.17894736842105263
0.17894736842105263
0.1875
0.1875
0.17894736842105263
0.17894736842105263
0.17894736842105263
0.17894736842105263
0.17894736842105263
0.17894736842105263
0.1875
0.17894736842105263
0.17894736842105263
0.17894736842105263
0.17894736842105263
0.17894736842105263
0.17894736842105263
0.17894736842105263
0.17894736842105263
0.0
0.1875
0.1875
0.1875
0.1875
0.1875
0.17894736842105263
0.17894736842105263
0.17894736842105263
0.17894736842105263
0.0
0.1875
0.17894736842105263
0.17894736842105263
0.0
0.2068965517241379
0.17894736842105263
0.17894736842105263
0.23529411764705888
0.17894736842105263
0.11363636363636365
0.11363636363636365
0.11363636363636365
0.11363636363636365
0.17894736842105263
0.0
0.11363636363636365
0.42500000000000004
0.14583333333333337
0.14583333333333337
0.14583333333333337
0.14583333333333337
0.14583333333333337
0.14583333333333337
0.14583333333333337
0.15217391304347827
0.16129032258064513
0.17894736842105263
0.17894736842105263
0.17894736842105263
0.0
0.21999999999999997
0.14583333333333337
0.21999999999999997
0.40476190476190477
0.40476190476190477
0.40476190476190477
0.42500000000000004
0.42500000000000004
0.40476190476190477
0.40476190476190477
0.40476190476190477
0.40476190476190477
0.40476190476190477
0.40476190476190477
0.0
0.1875
0.21999999999999997
0.21999999999999997
0.21999999999999997
0.21999999999999997
0.21999999999999997
0.17894736842105263
0.1875
0.17894736842105263
0.15217391304347827
0.17894736842105263
0.17894736842105263
0.0
0.17894736842105263
0.17894736842105263
0.2743362831858407
0.17894736842105263
0.17894736842105263
0.0786516853932584
0.11363636363636365
0.0
0.0
0.24137931034482762
0.40476190476190477
0.17894736842105263
0.17894736842105263
0.11363636363636365
0.1235955056179775
0.17894736842105263
0.42500000000000004
0.47126436781609193
0.17894736842105263
0.16129032258064513
0.21999999999999997
0.21999999999999997
0.21999999999999997
0.21999999999999997
0.11363636363636365
0.15217391304347827
0.17894736842105263
0.17894736842105263
0.17894736842105263
0.17894736842105263
0.0
0.17894736842105263
0.17894736842105263
0.4025974025974026
0.11363636363636365
0.0
0.0
0.1875
0.47126436781609193
0.11363636363636365
0.4025974025974026
0.17894736842105263
0.0786516853932584
0.2068965517241379
0.4457831325301205
0.27692307692307694
0.17894736842105263
0.17894736842105263
0.11363636363636365
0.17894736842105263
0.21568627450980393
0.11363636363636365
0.4457831325301205
0.11363636363636365
0.21999999999999997
0.39473684210526316
0.11363636363636365
0.11363636363636365
0.4457831325301205
0.4457831325301205
0.4457831325301205
0.11363636363636365
0.0
0.21212121212121215
0.11363636363636365
0.4457831325301205
0.4457831325301205
0.4457831325301205
0.4457831325301205
0.4457831325301205
0.4457831325301205
0.4457831325301205
0.4457831325301205
0.4457831325301205
0.4457831325301205
0.4457831325301205
0.4457831325301205
0.4457831325301205
0.4457831325301205
0.4457831325301205
0.4457831325301205
0.4457831325301205
0.4457831325301205
0.4457831325301205
0.4457831325301205
0.4457831325301205
0.45238095238095233
0.4457831325301205
0.4457831325301205
0.2777777777777778
0.39473684210526316
0.39473684210526316
0.2777777777777778
0.2777777777777778
0.39473684210526316
0.39473684210526316
0.2777777777777778
0.2777777777777778
0.2777777777777778
0.45238095238095233
0.2777777777777778
0.2777777777777778
0.21999999999999997
0.4457831325301205
0.2777777777777778
0.2777777777777778
0.17894736842105263
0.4457831325301205
0.39473684210526316
0.2777777777777778
0.375
0.375
0.2777777777777778
0.4457831325301205
0.39473684210526316
0.39473684210526316
0.375
0.1875
0.0
0.40476190476190477
0.1717171717171717
0.21999999999999997
0.23529411764705888
0.0
0.0
0.0
0.0
0.0
0.0
0.0786516853932584
0.0786516853932584
0.0
0.0
0.0
0.0
0.0
0.0
0.0
0.0
0.0
0.0
0.0
0.0
0.0
0.0786516853932584
0.0
0.0
0.0
0.0
0.0
0.0
0.0
0.0
0.0
0.0
0.0
0.0
0.0
0.0
0.0
0.0
0.0
0.0
0.0
0.0
0.0
0.0
0.0786516853932584
0.0
0.0
0.0
0.0
0.0
0.0
0.0
0.0
0.0
0.0
0.0
0.0
0.0
0.0
0.0
0.0
0.0
0.0
0.0
0.0
0.0
0.0
0.0
0.0
0.0
0.0
0.0
0.0
0.0
0.0
0.0
0.0
0.0
0.0
0.23529411764705888
0.0
0.0
0.0
0.17894736842105263
0.17894736842105263
0.17894736842105263
0.17894736842105263
0.17894736842105263
0.17894736842105263
0.17894736842105263
0.15217391304347827
0.0
0.0
0.0
0.0
0.0
0.0
0.0
0.0
0.0
0.0
0.0
0.0
0.0
0.0
0.0
0.0
0.0
0.0
0.0
0.0786516853932584
0.0
0.0
0.0
0.0
0.0
0.0
0.0
0.0
0.0
0.0
0.0
0.0
0.0
0.0
0.0
0.0
0.0
0.0
0.0
0.0
0.0
0.0
0.16129032258064513
0.0
0.0
0.21212121212121215
0.0
0.0
0.0
0.42500000000000004
0.0
0.0
0.0
0.0
0.0
0.0
0.0
0.0
0.0
0.0
0.0
0.16129032258064513
0.0
0.0
0.0
0.0
0.0
0.21212121212121215
0.0
0.0
0.0
0.0
0.0
0.17894736842105263
0.0
0.0
0.21212121212121215
0.0
0.0
0.0
0.0
0.0
0.0
0.0
0.23529411764705888
0.0
0.11363636363636365
0.21212121212121215
0.21212121212121215
0.21212121212121215
0.21212121212121215
0.0786516853932584
0.4457831325301205
0.0
0.17894736842105263
0.17894736842105263
0.17894736842105263
0.0
0.0
0.17894736842105263
0.0
0.0
0.17894736842105263
0.0
0.21999999999999997
0.0
0.21212121212121215
0.21212121212121215
0.3858267716535433
0.21212121212121215
0.21212121212121215
0.47126436781609193
0.17894736842105263
0.4457831325301205
0.4457831325301205
0.0
0.21212121212121215
0.4457831325301205
0.0
0.0
0.0
0.0
0.0
0.0
0.0
0.0
0.0
0.0
0.0
0.0
0.0
0.21212121212121215
0.21212121212121215
0.0
0.0
0.0
0.0
0.0
0.0
0.0
0.21212121212121215
0.17894736842105263
0.17894736842105263
0.17894736842105263
0.0
0.0
0.0
0.0
0.6068376068376069
0.0786516853932584
0.4457831325301205
0.47126436781609193
0.4457831325301205
0.21212121212121215
0.0
0.0
0.0
0.0
0.4457831325301205
0.4457831325301205
0.4457831325301205
0.11363636363636365
0.0
0.2264150943396226
0.21212121212121215
0.21212121212121215
0.21212121212121215
0.0
0.21999999999999997
0.0
0.4320987654320988
0.014084507042253502
0.0
0.6260162601626016
0.17894736842105263
0.21999999999999997
0.0
0.17894736842105263
0.47126436781609193
0.17894736842105263
0.17894736842105263
0.17894736842105263
0.17894736842105263
0.38095238095238093
0.47126436781609193
0.0
0.15217391304347827
0.0
0.375
0.47126436781609193
0.11363636363636365
0.47126436781609193
0.11363636363636365
0.11363636363636365
0.17894736842105263
0.0
0.0
0.014084507042253502
0.014084507042253502
0.014084507042253502
0.0
0.42500000000000004
0.17894736842105263
0.11363636363636365
0.375
0.39473684210526316
0.375
0.39473684210526316
0.1875
0.45238095238095233
0.45238095238095233
0.45238095238095233
0.375
0.39473684210526316
0.39473684210526316
0.39473684210526316
0.39473684210526316
0.39473684210526316
0.2777777777777778
0.39473684210526316
0.39473684210526316
0.39473684210526316
0.2844036697247706
0.39473684210526316
0.39473684210526316
0.39473684210526316
0.39473684210526316
0.39473684210526316
0.39473684210526316
0.39473684210526316
0.39473684210526316
0.39473684210526316
0.2777777777777778
0.014084507042253502
0.39473684210526316
0.39473684210526316
0.39473684210526316
0.2777777777777778
0.39473684210526316
0.0
0.39473684210526316
0.0
