0.711864406779661
0.5182926829268293
0.7098445595854922
0.7903225806451613
0.22916666666666666
0.6904761904761905
0.7094017094017094
0.5975609756097561
0.6190476190476191
0.8171428571428572
0.7696335078534031
0.4827586206896552
0.7605633802816901
0.8055555555555556
0.0
0.806060606060606
0.7068965517241379
0.5739644970414202
0.0
0.7843137254901961
0.56353591160221
0.0
0.711864406779661
0.8689655172413793
0.0
0.6766467065868264
0.6730769230769231
0.0
0.782051282051282
0.8689655172413793
0.8097826086956522
0.936
0.7062146892655368
0.8298429319371727
0.0
0.7843137254901961
0.6936936936936937
0.6645161290322581
0.5695364238410596
0.695852534562212
0.936
0.4827586206896552
0.0
0.0
0.8832116788321168
0.0
0.6904761904761905
0.7843137254901961
0.0
0.0
0.0
0.9152119700748129
0.0
0.7850162866449512
0.6132075471698113
0.79375
0.0
0.7461538461538462
0.6766467065868264
0.859504132231405
0.7843137254901961
0.8142076502732241
0.7962382445141066
0.8808193668528864
0.6687898089171974
0.7843137254901961
0.782608695652174
0.0
0.6839080459770115
0.6880733944954128
0.8097826086956522
0.7811447811447811
0.7096774193548387
0.6730769230769231
0.5825242718446602
0.936
0.782608695652174
0.7833333333333333
0.7843137254901961
0.7843137254901961
0.7843137254901961
0.4827586206896552
0.0
0.0
0.0
0.8131868131868132
0.936
0.6132075471698113
0.7843137254901961
0.0
0.0
0.7843137254901961
0.7843137254901961
0.0
0.7833333333333333
0.5797872340425532
0.0
0.0
0.6326530612244898
0.4827586206896552
0.782608695652174
0.5844594594594594
0.7833333333333333
0.782051282051282
0.7315789473684211
0.7843137254901961
0.6616161616161617
0.005154639175257732
0.7843137254901961
0.7843137254901961
0.7843137254901961
0.7062146892655368
0.782608695652174
0.782608695652174
0.782608695652174
0.7843137254901961
0.0
0.6687898089171974
0.0
0.7861842105263158
0.7068965517241379
0.5526932084309133
0.7843137254901961
0.7151162790697675
0.7924528301886793
0.6964285714285714
0.5423728813559322
0.0
0.0
0.8306878306878307
0.7043478260869566
0.782608695652174
0.7161290322580646
0.8689655172413793
0.0
0.7096774193548387
0.7781569965870307
0.8057142857142857
0.8201058201058201
0.7843137254901961
0.7149122807017544
0.6988636363636364
0.0
0.0
0.7789115646258503
0.7670250896057348
0.7789115646258503
0.0
0.7608695652173914
0.6112852664576802
0.7636363636363637
0.7833333333333333
0.7843137254901961
0.5825242718446602
0.0
0.8
0.0
0.807909604519774
0.7843137254901961
0.7843137254901961
0.6919431279620853
0.0
0.8097826086956522
0.5490196078431373
0.0
0.7843137254901961
0.0
0.0
0.936
0.7843137254901961
0.7923497267759563
0.8177339901477833
0.7574626865671642
0.0
0.0
0.8142076502732241
0.7183908045977011
0.5955056179775281
0.672
0.577922077922078
0.5490196078431373
0.5241635687732342
0.0
0.6839080459770115
0.8232044198895028
0.7161290322580646
0.8399014778325123
0.7833333333333333
0.7903225806451613
0.6924460431654677
0.5490196078431373
0.8052631578947368
0.7843137254901961
0.0
0.8689655172413793
0.565
0.0
0.7593984962406015
0.704
0.0
0.0
0.7833333333333333
0.704
0.6829268292682927
0.7868852459016393
0.936
0.782608695652174
0.7168141592920354
0.0
0.6645161290322581
0.711864406779661
0.0
0.6991150442477876
0.0
0.6949152542372882
0.7833333333333333
0.8689655172413793
0.0
0.0
0.782608695652174
0.8298429319371727
0.807909604519774
0.6645161290322581
0.807909604519774
0.6137566137566137
0.8688524590163934
0.6645161290322581
0.6935866983372921
0.6645161290322581
0.0
0.0
0.0
0.0
0.0
0.0
0.6043478260869565
0.7911392405063291
0.0
0.8831385642737897
0.806060606060606
0.806060606060606
0.806060606060606
0.806060606060606
0.806060606060606
0.806060606060606
0.806060606060606
0.806060606060606
0.806060606060606
0.806060606060606
0.806060606060606
0.806060606060606
0.8106508875739645
0.806060606060606
0.806060606060606
0.6766169154228856
0.8447488584474886
0.7880794701986755
0.8358974358974359
0.815028901734104
0.0
0.0
0.8832116788321168
0.8832116788321168
0.8832116788321168
0.8832116788321168
0.6904761904761905
0.6904761904761905
0.8832116788321168
0.8131868131868132
0.8131868131868132
0.7017543859649122
0.7068965517241379
0.7068965517241379
0.7068965517241379
0.7068965517241379
0.7068965517241379
0.7068965517241379
0.7068965517241379
0.7068965517241379
0.7068965517241379
0.7068965517241379
0.7068965517241379
0.5764705882352941
0.5777126099706745
0.6210526315789474
0.6390977443609023
0.5777126099706745
0.6210526315789474
0.6210526315789474
0.6390977443609023
0.6210526315789474
0.6137566137566137
0.6210526315789474
0.6210526315789474
0.6024844720496895
0.7117117117117117
0.7746478873239436
0.7117117117117117
0.7746478873239436
0.7746478873239436
0.7117117117117117
0.7117117117117117
0.7746478873239436
0.8341968911917098
0.5460992907801419
0.8341968911917098
0.7746478873239436
0.7117117117117117
0.6210526315789474
0.6
0.6210526315789474
0.6137566137566137
0.6390977443609023
0.5561797752808989
0.23006134969325154
0.7096774193548387
0.71875
0.7839506172839507
0.7096774193548387
0.7096774193548387
0.7839506172839507
0.7839506172839507
0.7875
0.8600823045267489
0.7839506172839507
0.7839506172839507
0.7699115044247787
0.7277486910994765
0.788235294117647
0.8052631578947368
0.6210526315789474
0.0
0.0
0.7916666666666666
0.5704697986577181
0.5704697986577181
0.5704697986577181
0.5704697986577181
0.6982758620689655
0.6842105263157895
0.5704697986577181
0.5704697986577181
0.936
0.936
0.936
0.936
0.936
0.936
0.9267734553775744
0.9386973180076629
0.936
0.6964285714285714
0.6190476190476191
0.7811447811447811
0.5695364238410596
0.5695364238410596
0.5695364238410596
0.5695364238410596
0.7016806722689075
0.8641975308641975
0.8808193668528864
0.8808193668528864
0.7151162790697675
0.8808193668528864
0.8808193668528864
0.8808193668528864
0.6210526315789474
0.6226993865030674
0.6226993865030674
0.6226993865030674
0.6226993865030674
0.6226993865030674
0.6226993865030674
0.6687898089171974
0.8022598870056498
0.5764705882352941
0.936
0.806060606060606
0.7068965517241379
0.7068965517241379
0.2796610169491525
0.6203703703703703
0.6203703703703703
0.6203703703703703
0.6203703703703703
0.6203703703703703
0.6203703703703703
0.0
0.6339285714285714
0.6904761904761905
0.863013698630137
0.6203703703703703
0.0
0.6137566137566137
0.0
0.022988505747126436
0.7833333333333333
0.8106508875739645
0.5695364238410596
0.5695364238410596
0.6073298429319371
0.6390977443609023
0.0
0.0
0.6878048780487804
0.8212290502793296
0.7653061224489796
0.8306878306878307
0.8212290502793296
0.8476190476190476
0.7398373983739838
0.8306878306878307
0.7578947368421053
0.6942675159235668
0.040145985401459854
0.8106508875739645
0.6076294277929155
0.7323943661971831
0.9262472885032538
0.7168141592920354
0.7333333333333333
0.6904761904761905
0.6952380952380952
0.6904761904761905
0.6506024096385542
0.8827838827838828
0.07194244604316546
0.654639175257732
0.0
0.6190476190476191
0.6210526315789474
0.19811320754716982
0.9262472885032538
0.9262472885032538
0.0
0.7727272727272727
0.9262472885032538
0.7655172413793103
0.7840531561461794
0.7068965517241379
0.5695364238410596
0.7336065573770492
0.8583162217659137
0.8827838827838828
0.7037037037037037
0.7310924369747899
0.7333333333333333
0.8171428571428572
0.5825242718446602
0.7265625
0.7265625
0.7058823529411765
0.8207831325301205
0.679214402618658
0.6688102893890675
0.6688102893890675
0.6210526315789474
0.6210526315789474
0.5069767441860465
0.5088495575221239
0.5173210161662818
0.8565891472868217
0.8593155893536122
0.8565891472868217
0.8565891472868217
0.8565891472868217
0.6226993865030674
0.807131280388979
0.6226993865030674
0.8306878306878307
0.8586956521739131
0.5438972162740899
0.5831622176591376
0.8306878306878307
0.5825242718446602
0.5825242718446602
0.5825242718446602
0.5825242718446602
0.8166409861325116
0.6203703703703703
0.564625850340136
0.5094339622641509
0.6210526315789474
0.6190476190476191
0.5977653631284916
0.863013698630137
0.8823529411764706
0.04
0.5094339622641509
0.7934782608695652
0.5094339622641509
0.7183908045977011
0.6904761904761905
0.5094339622641509
0.8483606557377049
0.7310924369747899
0.6210526315789474
0.7215909090909091
0.8737541528239202
0.0
0.5739644970414202
0.6022099447513812
0.5150812064965197
0.5695364238410596
0.7746478873239436
0.7730496453900709
0.7730496453900709
0.8808193668528864
0.8578680203045685
0.862475442043222
0.6451612903225806
0.9353680430879713
0.7730496453900709
0.7730496453900709
0.7948717948717948
