0.0
0.0
0.0
0.0
0.0
0.0
0.0
0.0
0.0
0.0
0.0
0.0
0.0
0.0
0.0
0.0
0.0
0.1785714285714286
0.0
0.1785714285714286
0.0
0.0
0.18000000000000005
0.0
0.0
0.1875
0.0
0.04878048780487809
0.17021276595744683
0.0
0.0
0.0
0.0
0.0
0.1875
0.1875
0.1875
0.1875
0.17021276595744683
0.1875
0.17021276595744683
0.17021276595744683
0.17021276595744683
0.17021276595744683
0.17021276595744683
0.17021276595744683
0.17021276595744683
0.17021276595744683
0.17021276595744683
0.17021276595744683
0.17021276595744683
0.17021276595744683
0.1875
0.1875
0.1875
0.17021276595744683
0.17021276595744683
0.17021276595744683
0.17021276595744683
0.1875
0.1875
0.1875
0.1875
0.1875
0.1875
0.1875
0.1875
0.1875
0.1875
0.1875
0.1875
0.1875
0.1875
0.0
0.0
0.0
0.1875
0.17021276595744683
0.17021276595744683
0.17021276595744683
0.17021276595744683
0.17021276595744683
0.17021276595744683
0.17021276595744683
0.17021276595744683
0.17021276595744683
0.17021276595744683
0.17021276595744683
0.17021276595744683
0.17021276595744683
0.17021276595744683
0.1875
0.17021276595744683
0.17021276595744683
0.1875
0.17021276595744683
0.17021276595744683
0.17021276595744683
0.17021276595744683
0.17021276595744683
0.17021276595744683
0.17021276595744683
0.17021276595744683
0.17021276595744683
0.1875
0.1875
0.1875
0.17021276595744683
0.17021276595744683
0.17021276595744683
0.17021276595744683
0.17021276595744683
0.17021276595744683
0.17021276595744683
0.1875
0.1875
0.17021276595744683
0.1875
0.17021276595744683
0.1875
0.1875
0.0
0.17021276595744683
0.17021276595744683
0.17021276595744683
0.17021276595744683
0.17021276595744683
0.17021276595744683
0.17021276595744683
0.17021276595744683
0.17021276595744683
0.17021276595744683
0.17021276595744683
0.17021276595744683
0.17021276595744683
0.17021276595744683
0.17021276595744683
0.17021276595744683
0.17021276595744683
0.17021276595744683
0.17021276595744683
0.1875
0.1875
0.17021276595744683
0.17021276595744683
0.17021276595744683
0.17021276595744683
0.17021276595744683
0.17021276595744683
0.1875
0.17021276595744683
0.17021276595744683
0.17021276595744683
0.17021276595744683
0.17021276595744683
0.17021276595744683
0.17021276595744683
0.17021276595744683
0.0
0.1875
0.1875
0.1875
0.1875
0.1875
0.17021276595744683
0.17021276595744683
0.17021276595744683
0.17021276595744683
0.0
0.1875
0.17021276595744683
0.17021276595744683
0.0
0.1785714285714286
0.04878048780487809
0.04878048780487809
0.1875
0.17021276595744683
0.04878048780487809
0.04878048780487809
0.04878048780487809
0.04878048780487809
0.17021276595744683
0.0
0.04878048780487809
0.41025641025641024
0.046511627906976716
0.046511627906976716
0.046511627906976716
0.046511627906976716
0.046511627906976716
0.046511627906976716
0.046511627906976716
0.04878048780487809
0.04878048780487809
0.04878048780487809
0.04878048780487809
0.04878048780487809
0.0
0.1875
0.046511627906976716
0.1875
0.3902439024390244
0.3902439024390244
0.3902439024390244
0.41025641025641024
0.41025641025641024
0.3902439024390244
0.3902439024390244
0.3902439024390244
0.3902439024390244
0.3902439024390244
0.3902439024390244
0.0
0.1875
0.1875
0.1875
0.1875
0.1875
0.1875
0.17021276595744683
0.1875
0.17021276595744683
0.04878048780487809
0.17021276595744683
0.17021276595744683
0.0
0.17021276595744683
0.17021276595744683
0.2264150943396226
0.17021276595744683
0.17021276595744683
0.0
0.04878048780487809
0.0
0.0
0.0
0.3902439024390244
0.17021276595744683
0.17021276595744683
0.04878048780487809
0.04878048780487809
0.17021276595744683
0.34285714285714286
0.41025641025641024
0.17021276595744683
0.04878048780487809
0.1875
0.17021276595744683
0.1875
0.1875
0.04878048780487809
0.04878048780487809
0.04878048780487809
0.17021276595744683
0.17021276595744683
0.17021276595744683
0.0
0.17021276595744683
0.17021276595744683
0.36111111111111116
0.04878048780487809
0.0
0.0
0.1875
0.41025641025641024
0.04878048780487809
0.36111111111111116
0.17021276595744683
0.0
0.1785714285714286
0.34285714285714286
0.09615384615384615
0.17021276595744683
0.17021276595744683
0.04878048780487809
0.17021276595744683
0.024390243902439046
0.04878048780487809
0.34285714285714286
0.04878048780487809
0.1875
0.34285714285714286
0.04878048780487809
0.04878048780487809
0.34285714285714286
0.34285714285714286
0.34285714285714286
0.04878048780487809
0.0
0.1875
0.04878048780487809
0.34285714285714286
0.34285714285714286
0.34285714285714286
0.34285714285714286
0.34285714285714286
0.34285714285714286
0.34285714285714286
0.34285714285714286
0.34285714285714286
0.34285714285714286
0.34285714285714286
0.34285714285714286
0.34285714285714286
0.34285714285714286
0.34285714285714286
0.34285714285714286
0.34285714285714286
0.34285714285714286
0.34285714285714286
0.34285714285714286
0.34285714285714286
0.36111111111111116
0.34285714285714286
0.34285714285714286
0.23529411764705888
0.34285714285714286
0.34285714285714286
0.23529411764705888
0.23529411764705888
0.34285714285714286
0.34285714285714286
0.23529411764705888
0.23529411764705888
0.23529411764705888
0.36111111111111116
0.23529411764705888
0.23529411764705888
0.1875
0.34285714285714286
0.23529411764705888
0.23529411764705888
0.17021276595744683
0.34285714285714286
0.34285714285714286
0.23529411764705888
0.32432432432432434
0.32432432432432434
0.23529411764705888
0.34285714285714286
0.34285714285714286
0.34285714285714286
0.32432432432432434
0.1875
0.0
0.3902439024390244
0.046511627906976716
0.1875
0.1875
0.0
0.0
0.0
0.0
0.0
0.0
0.0
0.0
0.0
0.0
0.0
0.0
0.0
0.0
0.0
0.0
0.0
0.0
0.0
0.0
0.0
0.0
0.0
0.0
0.0
0.0
0.0
0.0
0.0
0.0
0.0
0.0
0.0
0.0
0.0
0.0
0.0
0.0
0.0
0.0
0.0
0.0
0.0
0.0
0.0
0.0
0.0
0.0
0.0
0.0
0.0
0.0
0.0
0.0
0.0
0.0
0.0
0.0
0.0
0.0
0.0
0.0
0.0
0.0
0.0
0.0
0.0
0.0
0.0
0.0
0.0
0.0
0.0
0.0
0.0
0.0
0.0
0.0
0.0
0.1875
0.0
0.0
0.0
0.17021276595744683
0.17021276595744683
0.17021276595744683
0.17021276595744683
0.17021276595744683
0.17021276595744683
0.17021276595744683
0.04878048780487809
0.0
0.0
0.0
0.0
0.0
0.0
0.0
0.0
0.0
0.0
0.0
0.0
0.0
0.0
0.0
0.0
0.0
0.0
0.0
0.0
0.0
0.0
0.0
0.0
0.0
0.0
0.0
0.0
0.0
0.0
0.0
0.0
0.0
0.0
0.0
0.0
0.0
0.0
0.0
0.0
0.0
0.0
0.04878048780487809
0.0
0.0
0.1875
0.0
0.0
0.0
0.41025641025641024
0.0
0.0
0.0
0.0
0.0
0.0
0.0
0.0
0.0
0.0
0.0
0.04878048780487809
0.0
0.0
0.0
0.0
0.0
0.1875
0.0
0.0
0.0
0.0
0.0
0.17021276595744683
0.0
0.0
0.1875
0.0
0.0
0.0
0.0
0.0
0.0
0.0
0.1875
0.0
0.04878048780487809
0.1875
0.1875
0.1875
0.1875
0.0
0.34285714285714286
0.0
0.17021276595744683
0.17021276595744683
0.17021276595744683
0.0
0.0
0.17021276595744683
0.0
0.0
0.04878048780487809
0.0
0.1875
0.0
0.1875
0.1875
0.1875
0.1875
0.1875
0.41025641025641024
0.17021276595744683
0.34285714285714286
0.34285714285714286
0.0
0.1875
0.34285714285714286
0.0
0.0
0.0
0.0
0.0
0.0
0.0
0.0
0.0
0.0
0.0
0.0
0.0
0.1875
0.1875
0.0
0.0
0.0
0.0
0.0
0.0
0.0
0.1875
0.17021276595744683
0.17021276595744683
0.17021276595744683
0.0
0.0
0.0
0.0
0.4390243902439024
0.0
0.34285714285714286
0.41025641025641024
0.34285714285714286
0.1875
0.0
0.0
0.0
0.0
0.34285714285714286
0.34285714285714286
0.34285714285714286
0.04878048780487809
0.0
0.18000000000000005
0.1875
0.1875
0.1875
0.0
0.1875
0.0
0.36111111111111116
0.0
0.0
0.5208333333333333
0.17021276595744683
0.1875
0.0
0.17021276595744683
0.41025641025641024
0.17021276595744683
0.17021276595744683
0.17021276595744683
0.17021276595744683
0.1875
0.41025641025641024
0.0
0.04878048780487809
0.0
0.32432432432432434
0.41025641025641024
0.04878048780487809
0.41025641025641024
0.04878048780487809
0.04878048780487809
0.17021276595744683
0.0
0.0
0.0
0.0
0.0
0.0
0.41025641025641024
0.17021276595744683
0.04878048780487809
0.32432432432432434
0.34285714285714286
0.32432432432432434
0.34285714285714286
0.1875
0.36111111111111116
0.36111111111111116
0.36111111111111116
0.32432432432432434
0.34285714285714286
0.34285714285714286
0.34285714285714286
0.34285714285714286
0.34285714285714286
0.23529411764705888
0.34285714285714286
0.34285714285714286
0.34285714285714286
0.25
0.34285714285714286
0.34285714285714286
0.34285714285714286
0.34285714285714286
0.34285714285714286
0.34285714285714286
0.34285714285714286
0.34285714285714286
0.34285714285714286
0.23529411764705888
0.0
0.34285714285714286
0.34285714285714286
0.34285714285714286
0.23529411764705888
0.34285714285714286
0.0
0.34285714285714286
0.0
