0.5526315789473684
0.34979423868312753
0.5502008032128514
0.6533333333333333
0.12941176470588234
0.5272727272727273
0.5496688741721854
0.4260869565217391
0.4482758620689655
0.6908212560386473
0.625531914893617
0.31818181818181823
0.6136363636363636
0.6744186046511628
0.0
0.6751269035532995
0.5466666666666666
0.4024896265560166
0.0
0.6451612903225806
0.39230769230769236
0.0
0.5526315789473684
0.7682926829268293
0.0
0.5113122171945701
0.5072463768115942
0.0
0.6421052631578947
0.7682926829268293
0.680365296803653
0.8796992481203008
0.5458515283842795
0.70917225950783
0.0
0.6451612903225806
0.5310344827586206
0.4975845410628019
0.39814814814814814
0.5335689045936396
0.8796992481203008
0.31818181818181823
0.0
0.0
0.7908496732026143
0.0
0.5272727272727273
0.6451612903225806
0.0
0.0
0.0
0.8436781609195403
0.0
0.646112600536193
0.44217687074829937
0.6580310880829016
0.0
0.5950920245398773
0.5113122171945701
0.7536231884057971
0.6451612903225806
0.6866359447004609
0.6614583333333333
0.7870216306156406
0.5023923444976077
0.6451612903225806
0.6428571428571428
0.0
0.519650655021834
0.5244755244755245
0.680365296803653
0.6408839779005524
0.55
0.5072463768115942
0.410958904109589
0.8796992481203008
0.6428571428571428
0.6438356164383562
0.6451612903225806
0.6451612903225806
0.6451612903225806
0.31818181818181823
0.0
0.0
0.0
0.6851851851851851
0.8796992481203008
0.44217687074829937
0.6451612903225806
0.0
0.0
0.6451612903225806
0.6451612903225806
0.0
0.6438356164383562
0.40823970037453183
0.0
0.0
0.4626865671641791
0.31818181818181823
0.6428571428571428
0.4128878281622912
0.6438356164383562
0.6421052631578947
0.5767634854771784
0.6451612903225806
0.49433962264150944
0.0025839793281653423
0.6451612903225806
0.6451612903225806
0.6451612903225806
0.5458515283842795
0.6428571428571428
0.6428571428571428
0.6428571428571428
0.6451612903225806
0.0
0.5023923444976077
0.0
0.6476964769647697
0.5466666666666666
0.3818770226537217
0.6451612903225806
0.5565610859728507
0.65625
0.5342465753424658
0.37209302325581395
0.0
0.0
0.7104072398190044
0.5436241610738255
0.6428571428571428
0.5577889447236181
0.7682926829268293
0.0
0.55
0.6368715083798883
0.6746411483253589
0.695067264573991
0.6451612903225806
0.5563139931740615
0.537117903930131
0.0
0.0
0.637883008356546
0.622093023255814
0.637883008356546
0.0
0.6140350877192983
0.4401805869074492
0.6176470588235294
0.6438356164383562
0.6451612903225806
0.410958904109589
0.0
0.6666666666666667
0.0
0.6777251184834123
0.6451612903225806
0.6451612903225806
0.5289855072463768
0.0
0.680365296803653
0.3783783783783784
0.0
0.6451612903225806
0.0
0.0
0.8796992481203008
0.6451612903225806
0.6561085972850679
0.6916666666666667
0.6096096096096096
0.0
0.0
0.6866359447004609
0.5605381165919283
0.42400000000000004
0.5060240963855422
0.406392694063927
0.3783783783783784
0.35516372795969775
0.0
0.519650655021834
0.6995305164319249
0.5577889447236181
0.7239915074309979
0.6438356164383562
0.6533333333333333
0.5295735900962861
0.3783783783783784
0.6740088105726872
0.6451612903225806
0.0
0.7682926829268293
0.39372822299651566
0.0
0.6121212121212121
0.5432098765432098
0.0
0.0
0.6438356164383562
0.5432098765432098
0.5185185185185186
0.6486486486486487
0.8796992481203008
0.6428571428571428
0.5586206896551724
0.0
0.4975845410628019
0.5526315789473684
0.0
0.5374149659863945
0.0
0.5324675324675325
0.6438356164383562
0.7682926829268293
0.0
0.0
0.6428571428571428
0.70917225950783
0.6777251184834123
0.4975845410628019
0.6777251184834123
0.4427480916030534
0.7681159420289855
0.4975845410628019
0.5309090909090909
0.4975845410628019
0.0
0.0
0.0
0.0
0.0
0.0
0.4330218068535826
0.6544502617801047
0.0
0.7907324364723468
0.6751269035532995
0.6751269035532995
0.6751269035532995
0.6751269035532995
0.6751269035532995
0.6751269035532995
0.6751269035532995
0.6751269035532995
0.6751269035532995
0.6751269035532995
0.6751269035532995
0.6751269035532995
0.681592039800995
0.6751269035532995
0.6751269035532995
0.5112781954887218
0.7312252964426877
0.6502732240437159
0.7180616740088106
0.6878048780487804
0.0
0.0
0.7908496732026143
0.7908496732026143
0.7908496732026143
0.7908496732026143
0.5272727272727273
0.5272727272727273
0.7908496732026143
0.6851851851851851
0.6851851851851851
0.5405405405405406
0.5466666666666666
0.5466666666666666
0.5466666666666666
0.5466666666666666
0.5466666666666666
0.5466666666666666
0.5466666666666666
0.5466666666666666
0.5466666666666666
0.5466666666666666
0.5466666666666666
0.4049586776859504
0.4061855670103093
0.45038167938931295
0.4696132596685083
0.4061855670103093
0.45038167938931295
0.45038167938931295
0.4696132596685083
0.45038167938931295
0.4427480916030534
0.45038167938931295
0.45038167938931295
0.4311111111111111
0.5524475524475525
0.632183908045977
0.5524475524475525
0.632183908045977
0.632183908045977
0.5524475524475525
0.5524475524475525
0.632183908045977
0.7155555555555555
0.375609756097561
0.7155555555555555
0.632183908045977
0.5524475524475525
0.45038167938931295
0.4285714285714286
0.45038167938931295
0.4427480916030534
0.4696132596685083
0.38521400778210113
0.12998266897746968
0.55
0.5609756097560976
0.6446700507614214
0.55
0.55
0.6446700507614214
0.6446700507614214
0.6494845360824743
0.7545126353790614
0.6446700507614214
0.6446700507614214
0.6258992805755396
0.5720164609053497
0.6504854368932038
0.6740088105726872
0.45038167938931295
0.0
0.0
0.6551724137931034
0.39906103286384975
0.39906103286384975
0.39906103286384975
0.39906103286384975
0.5364238410596027
0.52
0.39906103286384975
0.39906103286384975
0.8796992481203008
0.8796992481203008
0.8796992481203008
0.8796992481203008
0.8796992481203008
0.8796992481203008
0.8635394456289979
0.8844765342960289
0.8796992481203008
0.5342465753424658
0.4482758620689655
0.6408839779005524
0.39814814814814814
0.39814814814814814
0.39814814814814814
0.39814814814814814
0.540453074433657
0.7608695652173914
0.7870216306156406
0.7870216306156406
0.5565610859728507
0.7870216306156406
0.7870216306156406
0.7870216306156406
0.45038167938931295
0.4521158129175946
0.4521158129175946
0.4521158129175946
0.4521158129175946
0.4521158129175946
0.4521158129175946
0.5023923444976077
0.6698113207547169
0.4049586776859504
0.8796992481203008
0.6751269035532995
0.5466666666666666
0.5466666666666666
0.16256157635467983
0.44966442953020136
0.44966442953020136
0.44966442953020136
0.44966442953020136
0.44966442953020136
0.44966442953020136
0.0
0.46405228758169936
0.5272727272727273
0.7590361445783133
0.44966442953020136
0.0
0.4427480916030534
0.0
0.011627906976744207
0.6438356164383562
0.681592039800995
0.39814814814814814
0.39814814814814814
0.43609022556390975
0.4696132596685083
0.0
0.0
0.5241635687732342
0.6966824644549763
0.6198347107438016
0.7104072398190044
0.6966824644549763
0.7355371900826446
0.5870967741935484
0.7104072398190044
0.6101694915254237
0.5317073170731708
0.020484171322160183
0.681592039800995
0.43639921722113506
0.5777777777777777
0.8626262626262626
0.5586206896551724
0.5789473684210527
0.5272727272727273
0.5328467153284672
0.5272727272727273
0.4821428571428571
0.7901639344262295
0.03731343283582089
0.48659003831417624
0.0
0.4482758620689655
0.45038167938931295
0.10994764397905754
0.8626262626262626
0.8626262626262626
0.0
0.6296296296296297
0.8626262626262626
0.6201117318435754
0.644808743169399
0.5466666666666666
0.39814814814814814
0.5792880258899676
0.7517985611510791
0.7901639344262295
0.5428571428571429
0.576158940397351
0.5789473684210527
0.6908212560386473
0.410958904109589
0.5705521472392638
0.5705521472392638
0.5454545454545454
0.6960408684546615
0.5142503097893433
0.5024154589371981
0.5024154589371981
0.45038167938931295
0.45038167938931295
0.33956386292834895
0.34124629080118696
0.3489096573208723
0.7491525423728813
0.7533333333333333
0.7491525423728813
0.7491525423728813
0.7491525423728813
0.4521158129175946
0.6766304347826086
0.4521158129175946
0.7104072398190044
0.7523809523809524
0.3735294117647059
0.41159420289855075
0.7104072398190044
0.410958904109589
0.410958904109589
0.410958904109589
0.410958904109589
0.6901041666666667
0.44966442953020136
0.39336492890995256
0.3417721518987342
0.45038167938931295
0.4482758620689655
0.42629482071713143
0.7590361445783133
0.7894736842105263
0.020408163265306145
0.3417721518987342
0.6576576576576576
0.3417721518987342
0.5605381165919283
0.5272727272727273
0.3417721518987342
0.7366548042704626
0.576158940397351
0.45038167938931295
0.5644444444444445
0.775811209439528
0.0
0.4024896265560166
0.43083003952569165
0.34687500000000004
0.39814814814814814
0.632183908045977
0.630057803468208
0.630057803468208
0.7870216306156406
0.7511111111111111
0.7582037996545768
0.47619047619047616
0.8785834738617201
0.630057803468208
0.630057803468208
0.6595744680851063
