0.0
0.0
0.0
0.0
0.0
0.0
0.14583333333333334
0.0
0.0
0.0
0.0
0.14583333333333334
0.0
0.0
0.0
0.0
0.0
0.34285714285714286
0.0
0.34285714285714286
0.0
0.14583333333333334
0.36923076923076925
0.0
0.0
0.38095238095238093
0.14583333333333334
0.30357142857142855
0.30357142857142855
0.14583333333333334
0.14583333333333334
0.14583333333333334
0.0
0.14
0.3157894736842105
0.3157894736842105
0.3157894736842105
0.3157894736842105
0.30357142857142855
0.3157894736842105
0.30357142857142855
0.30357142857142855
0.30357142857142855
0.30357142857142855
0.30357142857142855
0.30357142857142855
0.30357142857142855
0.30357142857142855
0.30357142857142855
0.30357142857142855
0.30357142857142855
0.30357142857142855
0.38095238095238093
0.3157894736842105
0.3157894736842105
0.30357142857142855
0.30357142857142855
0.30357142857142855
0.30357142857142855
0.3157894736842105
0.3157894736842105
0.3157894736842105
0.3157894736842105
0.3157894736842105
0.3157894736842105
0.3157894736842105
0.3157894736842105
0.3157894736842105
0.3157894736842105
0.3157894736842105
0.3157894736842105
0.3157894736842105
0.3157894736842105
0.14583333333333334
0.14583333333333334
0.14583333333333334
0.3157894736842105
0.30357142857142855
0.30357142857142855
0.30357142857142855
0.30357142857142855
0.30357142857142855
0.30357142857142855
0.30357142857142855
0.30357142857142855
0.30357142857142855
0.30357142857142855
0.30357142857142855
0.30357142857142855
0.30357142857142855
0.30357142857142855
0.3157894736842105
0.30357142857142855
0.30357142857142855
0.3157894736842105
0.30357142857142855
0.30357142857142855
0.30357142857142855
0.30357142857142855
0.30357142857142855
0.30357142857142855
0.30357142857142855
0.30357142857142855
0.30357142857142855
0.3157894736842105
0.3157894736842105
0.3157894736842105
0.30357142857142855
0.30357142857142855
0.30357142857142855
0.30357142857142855
0.30357142857142855
0.30357142857142855
0.30357142857142855
0.3157894736842105
0.3157894736842105
0.30357142857142855
0.3157894736842105
0.30357142857142855
0.3157894736842105
0.3157894736842105
0.14583333333333334
0.30357142857142855
0.30357142857142855
0.30357142857142855
0.30357142857142855
0.30357142857142855
0.30357142857142855
0.30357142857142855
0.30357142857142855
0.30357142857142855
0.30357142857142855
0.30357142857142855
0.30357142857142855
0.30357142857142855
0.30357142857142855
0.30357142857142855
0.30357142857142855
0.30357142857142855
0.30357142857142855
0.30357142857142855
0.3157894736842105
0.3157894736842105
0.30357142857142855
0.30357142857142855
0.30357142857142855
0.30357142857142855
0.30357142857142855
0.30357142857142855
0.3157894736842105
0.30357142857142855
0.30357142857142855
0.30357142857142855
0.30357142857142855
0.30357142857142855
0.30357142857142855
0.30357142857142855
0.30357142857142855
0.0
0.3157894736842105
0.3157894736842105
0.3157894736842105
0.3157894736842105
0.3157894736842105
0.30357142857142855
0.30357142857142855
0.30357142857142855
0.30357142857142855
0.0
0.3157894736842105
0.30357142857142855
0.30357142857142855
0.0
0.34285714285714286
0.30357142857142855
0.30357142857142855
0.38095238095238093
0.30357142857142855
0.20408163265306123
0.20408163265306123
0.20408163265306123
0.20408163265306123
0.30357142857142855
0.0
0.20408163265306123
0.5964912280701754
0.2545454545454545
0.2545454545454545
0.2545454545454545
0.2545454545454545
0.2545454545454545
0.2545454545454545
0.2545454545454545
0.2641509433962264
0.2777777777777778
0.30357142857142855
0.30357142857142855
0.30357142857142855
0.0
0.36065573770491804
0.2545454545454545
0.36065573770491804
0.576271186440678
0.576271186440678
0.576271186440678
0.5964912280701754
0.5964912280701754
0.576271186440678
0.576271186440678
0.576271186440678
0.576271186440678
0.576271186440678
0.576271186440678
0.0
0.3157894736842105
0.36065573770491804
0.36065573770491804
0.36065573770491804
0.36065573770491804
0.36065573770491804
0.30357142857142855
0.3157894736842105
0.30357142857142855
0.2641509433962264
0.30357142857142855
0.30357142857142855
0.0
0.30357142857142855
0.30357142857142855
0.4305555555555556
0.30357142857142855
0.30357142857142855
0.14583333333333334
0.20408163265306123
0.0
0.0
0.3888888888888889
0.576271186440678
0.30357142857142855
0.30357142857142855
0.20408163265306123
0.22
0.30357142857142855
0.5964912280701754
0.640625
0.30357142857142855
0.2777777777777778
0.36065573770491804
0.36065573770491804
0.36065573770491804
0.36065573770491804
0.20408163265306123
0.2641509433962264
0.30357142857142855
0.30357142857142855
0.30357142857142855
0.30357142857142855
0.0
0.30357142857142855
0.30357142857142855
0.5740740740740741
0.20408163265306123
0.0
0.0
0.3157894736842105
0.640625
0.20408163265306123
0.5740740740740741
0.30357142857142855
0.14583333333333334
0.34285714285714286
0.6166666666666667
0.43373493975903615
0.30357142857142855
0.30357142857142855
0.20408163265306123
0.30357142857142855
0.3548387096774194
0.20408163265306123
0.6166666666666667
0.20408163265306123
0.36065573770491804
0.5660377358490566
0.20408163265306123
0.20408163265306123
0.6166666666666667
0.6166666666666667
0.6166666666666667
0.20408163265306123
0.0
0.35
0.20408163265306123
0.6166666666666667
0.6166666666666667
0.6166666666666667
0.6166666666666667
0.6166666666666667
0.6166666666666667
0.6166666666666667
0.6166666666666667
0.6166666666666667
0.6166666666666667
0.6166666666666667
0.6166666666666667
0.6166666666666667
0.6166666666666667
0.6166666666666667
0.6166666666666667
0.6166666666666667
0.6166666666666667
0.6166666666666667
0.6166666666666667
0.6166666666666667
0.6229508196721312
0.6166666666666667
0.6166666666666667
0.43478260869565216
0.5660377358490566
0.5660377358490566
0.43478260869565216
0.43478260869565216
0.5660377358490566
0.5660377358490566
0.43478260869565216
0.43478260869565216
0.43478260869565216
0.6229508196721312
0.43478260869565216
0.43478260869565216
0.36065573770491804
0.6166666666666667
0.43478260869565216
0.43478260869565216
0.30357142857142855
0.6166666666666667
0.5660377358490566
0.43478260869565216
0.5454545454545454
0.5454545454545454
0.43478260869565216
0.6166666666666667
0.5660377358490566
0.5660377358490566
0.5454545454545454
0.3157894736842105
0.0
0.576271186440678
0.29310344827586204
0.36065573770491804
0.38095238095238093
0.0
0.0
0.0
0.0
0.0
0.0
0.14583333333333334
0.14583333333333334
0.0
0.0
0.0
0.0
0.0
0.0
0.0
0.0
0.0
0.0
0.0
0.0
0.0
0.14583333333333334
0.0
0.0
0.0
0.0
0.0
0.0
0.0
0.0
0.0
0.0
0.0
0.0
0.0
0.0
0.0
0.0
0.0
0.0
0.0
0.0
0.0
0.0
0.14583333333333334
0.0
0.0
0.0
0.0
0.0
0.0
0.0
0.0
0.0
0.0
0.0
0.0
0.0
0.0
0.0
0.0
0.0
0.0
0.0
0.0
0.0
0.0
0.0
0.0
0.0
0.0
0.0
0.0
0.0
0.0
0.0
0.0
0.0
0.0
0.38095238095238093
0.0
0.0
0.0
0.30357142857142855
0.30357142857142855
0.30357142857142855
0.30357142857142855
0.30357142857142855
0.30357142857142855
0.30357142857142855
0.2641509433962264
0.0
0.0
0.0
0.0
0.0
0.0
0.0
0.0
0.0
0.0
0.0
0.0
0.0
0.0
0.0
0.0
0.0
0.0
0.0
0.14583333333333334
0.0
0.0
0.0
0.0
0.0
0.0
0.0
0.0
0.0
0.0
0.0
0.0
0.0
0.0
0.0
0.0
0.0
0.0
0.0
0.0
0.0
0.0
0.2777777777777778
0.0
0.0
0.35
0.0
0.0
0.0
0.5964912280701754
0.0
0.0
0.0
0.0
0.0
0.0
0.0
0.0
0.0
0.0
0.0
0.2777777777777778
0.0
0.0
0.0
0.0
0.0
0.35
0.0
0.0
0.0
0.0
0.0
0.30357142857142855
0.0
0.0
0.35
0.0
0.0
0.0
0.0
0.0
0.0
0.0
0.38095238095238093
0.0
0.20408163265306123
0.35
0.35
0.35
0.35
0.14583333333333334
0.6166666666666667
0.0
0.30357142857142855
0.30357142857142855
0.30357142857142855
0.0
0.0
0.30357142857142855
0.0
0.0
0.30357142857142855
0.0
0.36065573770491804
0.0
0.35
0.35
0.5568181818181818
0.35
0.35
0.640625
0.30357142857142855
0.6166666666666667
0.6166666666666667
0.0
0.35
0.6166666666666667
0.0
0.0
0.0
0.0
0.0
0.0
0.0
0.0
0.0
0.0
0.0
0.0
0.0
0.35
0.35
0.0
0.0
0.0
0.0
0.0
0.0
0.0
0.35
0.30357142857142855
0.30357142857142855
0.30357142857142855
0.0
0.0
0.0
0.0
0.7553191489361702
0.14583333333333334
0.6166666666666667
0.640625
0.6166666666666667
0.35
0.0
0.0
0.0
0.0
0.6166666666666667
0.6166666666666667
0.6166666666666667
0.20408163265306123
0.0
0.36923076923076925
0.35
0.35
0.35
0.0
0.36065573770491804
0.0
0.603448275862069
0.027777777777777776
0.0
0.77
0.30357142857142855
0.36065573770491804
0.0
0.30357142857142855
0.640625
0.30357142857142855
0.30357142857142855
0.30357142857142855
0.30357142857142855
0.5517241379310345
0.640625
0.0
0.2641509433962264
0.0
0.5454545454545454
0.640625
0.20408163265306123
0.640625
0.20408163265306123
0.20408163265306123
0.30357142857142855
0.0
0.0
0.027777777777777776
0.027777777777777776
0.027777777777777776
0.0
0.5964912280701754
0.30357142857142855
0.20408163265306123
0.5454545454545454
0.5660377358490566
0.5454545454545454
0.5660377358490566
0.3157894736842105
0.6229508196721312
0.6229508196721312
0.6229508196721312
0.5454545454545454
0.5660377358490566
0.5660377358490566
0.5660377358490566
0.5660377358490566
0.5660377358490566
0.43478260869565216
0.5660377358490566
0.5660377358490566
0.5660377358490566
0.44285714285714284
0.5660377358490566
0.5660377358490566
0.5660377358490566
0.5660377358490566
0.5660377358490566
0.5660377358490566
0.5660377358490566
0.5660377358490566
0.5660377358490566
0.43478260869565216
0.027777777777777776
0.5660377358490566
0.5660377358490566
0.5660377358490566
0.43478260869565216
0.5660377358490566
0.0
0.5660377358490566
0.0
