0.1282051282051282
0.13186813186813184
0.4509803921568627
0.644808743169399
0.12941176470588234
0.0
0.15000000000000002
0.39634146341463417
0.4418604651162791
0.4920634920634921
0.3623188405797102
0.24187725631768953
0.1282051282051282
0.44907407407407407
0.0
0.5076923076923077
0.1282051282051282
0.4
0.0
0.639344262295082
0.20999999999999996
0.0
0.1282051282051282
0.7304964539007093
0.0
0.28
0.06849315068493156
0.0
0.5878787878787879
0.7304964539007093
0.6236559139784946
0.6767676767676767
0.17460317460317465
0.044117647058823484
0.0
0.639344262295082
0.1282051282051282
0.17460317460317465
0.2696629213483146
0.09589041095890416
0.6767676767676767
0.24187725631768953
0.0
0.0
0.6701030927835052
0.0
0.0
0.639344262295082
0.0
0.0
0.0
0.1282051282051282
0.0
0.6413043478260869
0.3278688524590164
0.6413043478260869
0.0
0.5741935483870968
0.28
0.5277777777777778
0.639344262295082
0.5277777777777778
0.5962732919254659
0.09859154929577463
0.17460317460317465
0.639344262295082
0.6408839779005524
0.0
0.3292682926829268
0.10526315789473684
0.6236559139784946
0.5886075949367089
0.28
0.06849315068493156
0.3915094339622641
0.6767676767676767
0.6428571428571428
0.6408839779005524
0.639344262295082
0.639344262295082
0.639344262295082
0.24187725631768953
0.0
0.0
0.0
0.5277777777777778
0.6767676767676767
0.3278688524590164
0.639344262295082
0.0
0.0
0.639344262295082
0.639344262295082
0.0
0.6408839779005524
0.28181818181818186
0.0
0.0
0.23943661971830987
0.24187725631768953
0.6408839779005524
0.32417582417582413
0.6408839779005524
0.5696202531645569
0.5622317596566524
0.639344262295082
0.4273504273504274
0.0
0.639344262295082
0.639344262295082
0.639344262295082
0.17460317460317465
0.6428571428571428
0.6408839779005524
0.6408839779005524
0.639344262295082
0.0
0.17460317460317465
0.0
0.6060606060606061
0.1282051282051282
0.3798701298701299
0.639344262295082
0.449438202247191
0.639344262295082
0.1707317073170732
0.19801980198019797
0.0
0.0
0.5223880597014925
0.1282051282051282
0.6428571428571428
0.3015873015873016
0.7304964539007093
0.0
0.28
0.577922077922078
0.5277777777777778
0.5277777777777778
0.639344262295082
0.40909090909090906
0.29333333333333333
0.0
0.0
0.5806451612903225
0.5987654320987654
0.5806451612903225
0.0
0.5686274509803921
0.32608695652173914
0.5886075949367089
0.6408839779005524
0.639344262295082
0.3915094339622641
0.0
0.5342465753424658
0.0
0.5277777777777778
0.639344262295082
0.639344262295082
0.02985074626865669
0.0
0.6236559139784946
0.3175074183976261
0.0
0.639344262295082
0.0
0.0
0.6767676767676767
0.639344262295082
0.6310679611650485
0.5595238095238095
0.49612403100775193
0.0
0.0
0.5277777777777778
0.46153846153846156
0.4049586776859504
0.3970588235294118
0.2441860465116279
0.3175074183976261
0.33333333333333337
0.0
0.3292682926829268
0.5223880597014925
0.3015873015873016
0.0
0.6408839779005524
0.644808743169399
0.07065217391304346
0.3175074183976261
0.5647058823529412
0.639344262295082
0.0
0.7304964539007093
0.2232142857142857
0.0
0.4385964912280702
0.45985401459854014
0.0
0.0
0.6408839779005524
0.45985401459854014
0.17460317460317465
0.6428571428571428
0.6767676767676767
0.6408839779005524
0.030303030303030276
0.0
0.17460317460317465
0.1282051282051282
0.0
0.11917098445595853
0.0
0.20588235294117652
0.5962732919254659
0.7304964539007093
0.0
0.0
0.6408839779005524
0.044117647058823484
0.5277777777777778
0.17460317460317465
0.5277777777777778
0.43846153846153846
0.5151515151515151
0.17460317460317465
0.46473029045643155
0.17460317460317465
0.0
0.0
0.0
0.0
0.0
0.0
0.40909090909090906
0.42105263157894735
0.0
0.44881889763779526
0.5076923076923077
0.5076923076923077
0.5076923076923077
0.5076923076923077
0.5076923076923077
0.5076923076923077
0.5076923076923077
0.5076923076923077
0.5076923076923077
0.5076923076923077
0.5076923076923077
0.5076923076923077
0.5076923076923077
0.5076923076923077
0.5076923076923077
0.015151515151515138
0.6822429906542056
0.5076923076923077
0.6595744680851063
0.5076923076923077
0.0
0.0
0.6701030927835052
0.6701030927835052
0.6701030927835052
0.6701030927835052
0.015151515151515138
0.015151515151515138
0.6701030927835052
0.5277777777777778
0.5277777777777778
0.1282051282051282
0.1282051282051282
0.1282051282051282
0.1282051282051282
0.1282051282051282
0.1282051282051282
0.1282051282051282
0.1282051282051282
0.1282051282051282
0.1282051282051282
0.1282051282051282
0.1282051282051282
0.3571428571428571
0.36
0.4461538461538461
0.4545454545454546
0.36
0.4461538461538461
0.4461538461538461
0.4545454545454546
0.4461538461538461
0.43846153846153846
0.4461538461538461
0.4461538461538461
0.30434782608695654
0.2195121951219512
0.2195121951219512
0.2195121951219512
0.2195121951219512
0.2195121951219512
0.2195121951219512
0.2195121951219512
0.2195121951219512
0.6521739130434783
0.11111111111111116
0.6521739130434783
0.2195121951219512
0.2195121951219512
0.4461538461538461
0.36
0.4461538461538461
0.43846153846153846
0.4545454545454546
0.20999999999999996
0.0492424242424242
0.28
0.33333333333333337
0.6391752577319587
0.28
0.28
0.6391752577319587
0.6391752577319587
0.6458333333333333
0.7068965517241379
0.6391752577319587
0.6391752577319587
0.6
0.4347826086956522
0.5764705882352941
0.5647058823529412
0.4461538461538461
0.0
0.0
0.6242774566473989
0.19999999999999996
0.19999999999999996
0.19999999999999996
0.19999999999999996
0.18604651162790697
0.16279069767441856
0.19999999999999996
0.19999999999999996
0.6767676767676767
0.6767676767676767
0.6767676767676767
0.6767676767676767
0.6767676767676767
0.6767676767676767
0.6767676767676767
0.6767676767676767
0.6767676767676767
0.1707317073170732
0.4418604651162791
0.5886075949367089
0.2696629213483146
0.2696629213483146
0.2696629213483146
0.2696629213483146
0.5170068027210885
0.22352941176470587
0.09859154929577463
0.09859154929577463
0.449438202247191
0.09859154929577463
0.09859154929577463
0.09859154929577463
0.4461538461538461
0.40865384615384615
0.40865384615384615
0.40865384615384615
0.40865384615384615
0.40865384615384615
0.40865384615384615
0.17460317460317465
0.6391752577319587
0.4049586776859504
0.6767676767676767
0.5
0.1282051282051282
0.1282051282051282
0.1385135135135135
0.40291262135922334
0.40291262135922334
0.40291262135922334
0.40291262135922334
0.40291262135922334
0.40291262135922334
0.0
0.44594594594594594
0.015151515151515138
0.38596491228070173
0.40291262135922334
0.0
0.43846153846153846
0.0
0.0
0.5962732919254659
0.632183908045977
0.2696629213483146
0.2696629213483146
0.43181818181818177
0.4545454545454546
0.0
0.0
0.518796992481203
0.5076923076923077
0.48888888888888893
0.5076923076923077
0.5076923076923077
0.6666666666666667
0.5076923076923077
0.5076923076923077
0.48888888888888893
0.3513513513513513
0.018656716417910446
0.6483516483516483
0.4049586776859504
0.3870967741935484
0.5641025641025641
0.030303030303030276
0.36
0.015151515151515138
0.030303030303030276
0.015151515151515138
0.2564102564102564
0.6666666666666667
0.0337078651685393
0.4173913043478261
0.0
0.4418604651162791
0.4461538461538461
0.0
0.5641025641025641
0.5641025641025641
0.0
0.6107784431137724
0.5641025641025641
0.5878787878787879
0.5962732919254659
0.1282051282051282
0.2696629213483146
0.4881889763779528
0.2247191011235955
0.6666666666666667
0.37662337662337664
0.3191489361702128
0.2727272727272727
0.632183908045977
0.3915094339622641
0.39655172413793105
0.39655172413793105
0.16666666666666663
0.516260162601626
0.25757575757575757
0.21969696969696972
0.21969696969696972
0.4461538461538461
0.4461538461538461
0.1877394636015326
0.19272727272727275
0.20833333333333337
0.6725663716814159
0.6725663716814159
0.6725663716814159
0.6725663716814159
0.6725663716814159
0.40865384615384615
0.5062240663900415
0.40865384615384615
0.5076923076923077
0.7111111111111111
0.2705479452054794
0.34935897435897434
0.5076923076923077
0.3915094339622641
0.3915094339622641
0.3915094339622641
0.3915094339622641
0.4386792452830188
0.40291262135922334
0.17948717948717952
0.1843137254901961
0.4461538461538461
0.4418604651162791
0.4098360655737705
0.38596491228070173
0.6822429906542056
0.018587360594795488
0.1843137254901961
0.5777777777777777
0.1843137254901961
0.449438202247191
0.015151515151515138
0.1843137254901961
0.6725663716814159
0.3191489361702128
0.4461538461538461
0.46153846153846156
0.6859504132231404
0.0
0.4
0.4049586776859504
0.2022900763358778
0.2696629213483146
0.2195121951219512
0.5076923076923077
0.5076923076923077
0.09859154929577463
0.42068965517241375
0.375
0.43103448275862066
0.7142857142857143
0.5076923076923077
0.5076923076923077
0.4920634920634921
