0.0
0.0
0.0
0.0
0.0
0.0
0.14583333333333337
0.0
0.0
0.0
0.0
0.14583333333333337
0.0
0.0
0.0
0.0
0.0
0.34285714285714286
0.0
0.34285714285714286
0.0
0.14583333333333337
0.36923076923076925
0.0
0.0
0.38095238095238093
0.14583333333333337
0.3035714285714286
0.3035714285714286
0.14583333333333337
0.14583333333333337
0.14583333333333337
0.0
0.14
0.3157894736842105
0.3157894736842105
0.3157894736842105
0.3157894736842105
0.3035714285714286
0.3157894736842105
0.3035714285714286
0.3035714285714286
0.3035714285714286
0.3035714285714286
0.3035714285714286
0.3035714285714286
0.3035714285714286
0.3035714285714286
0.3035714285714286
0.3035714285714286
0.3035714285714286
0.3035714285714286
0.38095238095238093
0.3157894736842105
0.3157894736842105
0.3035714285714286
0.3035714285714286
0.3035714285714286
0.3035714285714286
0.3157894736842105
0.3157894736842105
0.3157894736842105
0.3157894736842105
0.3157894736842105
0.3157894736842105
0.3157894736842105
0.3157894736842105
0.3157894736842105
0.3157894736842105
0.3157894736842105
0.3157894736842105
0.3157894736842105
0.3157894736842105
0.14583333333333337
0.14583333333333337
0.14583333333333337
0.3157894736842105
0.3035714285714286
0.3035714285714286
0.3035714285714286
0.3035714285714286
0.3035714285714286
0.3035714285714286
0.3035714285714286
0.3035714285714286
0.3035714285714286
0.3035714285714286
0.3035714285714286
0.3035714285714286
0.3035714285714286
0.3035714285714286
0.3157894736842105
0.3035714285714286
0.3035714285714286
0.3157894736842105
0.3035714285714286
0.3035714285714286
0.3035714285714286
0.3035714285714286
0.3035714285714286
0.3035714285714286
0.3035714285714286
0.3035714285714286
0.3035714285714286
0.3157894736842105
0.3157894736842105
0.3157894736842105
0.3035714285714286
0.3035714285714286
0.3035714285714286
0.3035714285714286
0.3035714285714286
0.3035714285714286
0.3035714285714286
0.3157894736842105
0.3157894736842105
0.3035714285714286
0.3157894736842105
0.3035714285714286
0.3157894736842105
0.3157894736842105
0.14583333333333337
0.3035714285714286
0.3035714285714286
0.3035714285714286
0.3035714285714286
0.3035714285714286
0.3035714285714286
0.3035714285714286
0.3035714285714286
0.3035714285714286
0.3035714285714286
0.3035714285714286
0.3035714285714286
0.3035714285714286
0.3035714285714286
0.3035714285714286
0.3035714285714286
0.3035714285714286
0.3035714285714286
0.3035714285714286
0.3157894736842105
0.3157894736842105
0.3035714285714286
0.3035714285714286
0.3035714285714286
0.3035714285714286
0.3035714285714286
0.3035714285714286
0.3157894736842105
0.3035714285714286
0.3035714285714286
0.3035714285714286
0.3035714285714286
0.3035714285714286
0.3035714285714286
0.3035714285714286
0.3035714285714286
0.0
0.3157894736842105
0.3157894736842105
0.3157894736842105
0.3157894736842105
0.3157894736842105
0.3035714285714286
0.3035714285714286
0.3035714285714286
0.3035714285714286
0.0
0.3157894736842105
0.3035714285714286
0.3035714285714286
0.0
0.34285714285714286
0.3035714285714286
0.3035714285714286
0.38095238095238093
0.3035714285714286
0.20408163265306123
0.20408163265306123
0.20408163265306123
0.20408163265306123
0.3035714285714286
0.0
0.20408163265306123
0.5964912280701755
0.2545454545454545
0.2545454545454545
0.2545454545454545
0.2545454545454545
0.2545454545454545
0.2545454545454545
0.2545454545454545
0.26415094339622647
0.2777777777777778
0.3035714285714286
0.3035714285714286
0.3035714285714286
0.0
0.360655737704918
0.2545454545454545
0.360655737704918
0.576271186440678
0.576271186440678
0.576271186440678
0.5964912280701755
0.5964912280701755
0.576271186440678
0.576271186440678
0.576271186440678
0.576271186440678
0.576271186440678
0.576271186440678
0.0
0.3157894736842105
0.360655737704918
0.360655737704918
0.360655737704918
0.360655737704918
0.360655737704918
0.3035714285714286
0.3157894736842105
0.3035714285714286
0.26415094339622647
0.3035714285714286
0.3035714285714286
0.0
0.3035714285714286
0.3035714285714286
0.4305555555555556
0.3035714285714286
0.3035714285714286
0.14583333333333337
0.20408163265306123
0.0
0.0
0.38888888888888884
0.576271186440678
0.3035714285714286
0.3035714285714286
0.20408163265306123
0.21999999999999997
0.3035714285714286
0.5964912280701755
0.640625
0.3035714285714286
0.2777777777777778
0.360655737704918
0.360655737704918
0.360655737704918
0.360655737704918
0.20408163265306123
0.26415094339622647
0.3035714285714286
0.3035714285714286
0.3035714285714286
0.3035714285714286
0.0
0.3035714285714286
0.3035714285714286
0.5740740740740741
0.20408163265306123
0.0
0.0
0.3157894736842105
0.640625
0.20408163265306123
0.5740740740740741
0.3035714285714286
0.14583333333333337
0.34285714285714286
0.6166666666666667
0.4337349397590361
0.3035714285714286
0.3035714285714286
0.20408163265306123
0.3035714285714286
0.3548387096774194
0.20408163265306123
0.6166666666666667
0.20408163265306123
0.360655737704918
0.5660377358490566
0.20408163265306123
0.20408163265306123
0.6166666666666667
0.6166666666666667
0.6166666666666667
0.20408163265306123
0.0
0.35
0.20408163265306123
0.6166666666666667
0.6166666666666667
0.6166666666666667
0.6166666666666667
0.6166666666666667
0.6166666666666667
0.6166666666666667
0.6166666666666667
0.6166666666666667
0.6166666666666667
0.6166666666666667
0.6166666666666667
0.6166666666666667
0.6166666666666667
0.6166666666666667
0.6166666666666667
0.6166666666666667
0.6166666666666667
0.6166666666666667
0.6166666666666667
0.6166666666666667
0.6229508196721312
0.6166666666666667
0.6166666666666667
0.4347826086956522
0.5660377358490566
0.5660377358490566
0.4347826086956522
0.4347826086956522
0.5660377358490566
0.5660377358490566
0.4347826086956522
0.4347826086956522
0.4347826086956522
0.6229508196721312
0.4347826086956522
0.4347826086956522
0.360655737704918
0.6166666666666667
0.4347826086956522
0.4347826086956522
0.3035714285714286
0.6166666666666667
0.5660377358490566
0.4347826086956522
0.5454545454545454
0.5454545454545454
0.4347826086956522
0.6166666666666667
0.5660377358490566
0.5660377358490566
0.5454545454545454
0.3157894736842105
0.0
0.576271186440678
0.2931034482758621
0.360655737704918
0.38095238095238093
0.0
0.0
0.0
0.0
0.0
0.0
0.14583333333333337
0.14583333333333337
0.0
0.0
0.0
0.0
0.0
0.0
0.0
0.0
0.0
0.0
0.0
0.0
0.0
0.14583333333333337
0.0
0.0
0.0
0.0
0.0
0.0
0.0
0.0
0.0
0.0
0.0
0.0
0.0
0.0
0.0
0.0
0.0
0.0
0.0
0.0
0.0
0.0
0.14583333333333337
0.0
0.0
0.0
0.0
0.0
0.0
0.0
0.0
0.0
0.0
0.0
0.0
0.0
0.0
0.0
0.0
0.0
0.0
0.0
0.0
0.0
0.0
0.0
0.0
0.0
0.0
0.0
0.0
0.0
0.0
0.0
0.0
0.0
0.0
0.38095238095238093
0.0
0.0
0.0
0.3035714285714286
0.3035714285714286
0.3035714285714286
0.3035714285714286
0.3035714285714286
0.3035714285714286
0.3035714285714286
0.26415094339622647
0.0
0.0
0.0
0.0
0.0
0.0
0.0
0.0
0.0
0.0
0.0
0.0
0.0
0.0
0.0
0.0
0.0
0.0
0.0
0.14583333333333337
0.0
0.0
0.0
0.0
0.0
0.0
0.0
0.0
0.0
0.0
0.0
0.0
0.0
0.0
0.0
0.0
0.0
0.0
0.0
0.0
0.0
0.0
0.2777777777777778
0.0
0.0
0.35
0.0
0.0
0.0
0.5964912280701755
0.0
0.0
0.0
0.0
0.0
0.0
0.0
0.0
0.0
0.0
0.0
0.2777777777777778
0.0
0.0
0.0
0.0
0.0
0.35
0.0
0.0
0.0
0.0
0.0
0.3035714285714286
0.0
0.0
0.35
0.0
0.0
0.0
0.0
0.0
0.0
0.0
0.38095238095238093
0.0
0.20408163265306123
0.35
0.35
0.35
0.35
0.14583333333333337
0.6166666666666667
0.0
0.3035714285714286
0.3035714285714286
0.3035714285714286
0.0
0.0
0.3035714285714286
0.0
0.0
0.3035714285714286
0.0
0.360655737704918
0.0
0.35
0.35
0.5568181818181819
0.35
0.35
0.640625
0.3035714285714286
0.6166666666666667
0.6166666666666667
0.0
0.35
0.6166666666666667
0.0
0.0
0.0
0.0
0.0
0.0
0.0
0.0
0.0
0.0
0.0
0.0
0.0
0.35
0.35
0.0
0.0
0.0
0.0
0.0
0.0
0.0
0.35
0.3035714285714286
0.3035714285714286
0.3035714285714286
0.0
0.0
0.0
0.0
0.7553191489361702
0.14583333333333337
0.6166666666666667
0.640625
0.6166666666666667
0.35
0.0
0.0
0.0
0.0
0.6166666666666667
0.6166666666666667
0.6166666666666667
0.20408163265306123
0.0
0.36923076923076925
0.35
0.35
0.35
0.0
0.360655737704918
0.0
0.603448275862069
0.02777777777777779
0.0
0.77
0.3035714285714286
0.360655737704918
0.0
0.3035714285714286
0.640625
0.3035714285714286
0.3035714285714286
0.3035714285714286
0.3035714285714286
0.5517241379310345
0.640625
0.0
0.26415094339622647
0.0
0.5454545454545454
0.640625
0.20408163265306123
0.640625
0.20408163265306123
0.20408163265306123
0.3035714285714286
0.0
0.0
0.02777777777777779
0.02777777777777779
0.02777777777777779
0.0
0.5964912280701755
0.3035714285714286
0.20408163265306123
0.5454545454545454
0.5660377358490566
0.5454545454545454
0.5660377358490566
0.3157894736842105
0.6229508196721312
0.6229508196721312
0.6229508196721312
0.5454545454545454
0.5660377358490566
0.5660377358490566
0.5660377358490566
0.5660377358490566
0.5660377358490566
0.4347826086956522
0.5660377358490566
0.5660377358490566
0.5660377358490566
0.44285714285714284
0.5660377358490566
0.5660377358490566
0.5660377358490566
0.5660377358490566
0.5660377358490566
0.5660377358490566
0.5660377358490566
0.5660377358490566
0.5660377358490566
0.4347826086956522
0.02777777777777779
0.5660377358490566
0.5660377358490566
0.5660377358490566
0.4347826086956522
0.5660377358490566
0.0
0.5660377358490566
0.0
