0.0
0.0
0.0
0.0
0.0
0.0
0.0
0.0
0.0
0.0
0.0
0.0
0.0
0.0
0.0
0.0
0.0
0.0
0.0
0.0
0.0
0.0
0.0
0.0
0.0
0.0
0.0
0.0
0.37684210526315787
0.0
0.2892768079800499
0.37684210526315787
0.2892768079800499
0.43373493975903615
0.2892768079800499
0.2892768079800499
0.45981308411214955
0.4238178633975482
0.0
0.2892768079800499
0.2927927927927928
0.0
0.2892768079800499
0.42782608695652175
0.3954802259887006
0.43373493975903615
0.45981308411214955
0.421792618629174
0.2892768079800499
0.42782608695652175
0.421792618629174
0.46382189239332094
0.0
0.42280701754385963
0.3954022988505747
0.3206751054852321
0.0
0.2892768079800499
0.0
0.3966165413533835
0.0
0.2892768079800499
0.3951612903225806
0.0
0.0
0.0
0.0
0.0
0.0
0.0
0.0
0.3254901960784314
0.0
0.0
0.0
0.28293736501079914
0.0
0.3583138173302108
0.330078125
0.3966165413533835
0.3453815261044177
0.42280701754385963
0.42280701754385963
0.42280701754385963
0.26422764227642276
0.26422764227642276
0.3966165413533835
0.26422764227642276
0.42280701754385963
0.34988179669030733
0.4226190476190476
0.42280701754385963
0.31490384615384615
0.32745098039215687
0.32745098039215687
0.32745098039215687
0.0
0.0
0.3729508196721312
0.359504132231405
0.37971698113207547
0.3966165413533835
0.3954022988505747
0.37825059101654845
0.2892768079800499
0.26422764227642276
0.3177966101694915
0.3458333333333333
0.37825059101654845
0.33852140077821014
0.4238178633975482
0.42280701754385963
0.42280701754385963
0.3966165413533835
0.3319838056680162
0.37825059101654845
0.37825059101654845
0.3966165413533835
0.37825059101654845
0.2892768079800499
0.33852140077821014
0.0
0.42147117296222664
0.2892768079800499
0.4203187250996016
0.359504132231405
0.42280701754385963
0.2892768079800499
0.4203187250996016
0.2892768079800499
0.3729508196721312
0.3729508196721312
0.4226190476190476
0.42280701754385963
0.42482517482517484
0.4238178633975482
0.42280701754385963
0.37825059101654845
0.0
0.4203187250996016
0.359504132231405
0.4203187250996016
0.42147117296222664
0.4608208955223881
0.398876404494382
0.42280701754385963
0.3099273607748184
0.3132530120481928
0.0
0.0
0.0
0.3099273607748184
0.37825059101654845
0.3099273607748184
0.2813852813852814
0.3132530120481928
0.0
0.0
0.0
0.0
0.0
0.3627684964200477
0.37825059101654845
0.37825059101654845
0.37825059101654845
0.37825059101654845
0.37825059101654845
0.37825059101654845
0.3099273607748184
0.0
0.2892768079800499
0.42280701754385963
0.2892768079800499
0.2892768079800499
0.37825059101654845
0.2892768079800499
0.0
0.28893905191873587
0.359504132231405
0.2892768079800499
0.2892768079800499
0.2892768079800499
0.2892768079800499
0.37825059101654845
0.2892768079800499
0.0
0.37825059101654845
0.2892768079800499
0.2892768079800499
0.2892768079800499
0.37971698113207547
0.2892768079800499
0.2892768079800499
0.2892768079800499
0.2691415313225058
0.2892768079800499
0.2691415313225058
0.2892768079800499
0.2892768079800499
0.2892768079800499
0.37825059101654845
0.2892768079800499
0.2691415313225058
0.2892768079800499
0.2892768079800499
0.37825059101654845
0.2892768079800499
0.37825059101654845
0.3811764705882353
0.2892768079800499
0.2691415313225058
0.2892768079800499
0.3966165413533835
0.37825059101654845
0.37971698113207547
0.2892768079800499
0.35604395604395606
0.3966165413533835
0.28293736501079914
0.347926267281106
0.2691415313225058
0.27251732101616627
0.27251732101616627
0.2691415313225058
0.27251732101616627
0.4288840262582057
0.27251732101616627
0.4
0.35462555066079293
0.33980582524271846
0.2708333333333333
0.2691415313225058
0.35604395604395606
0.2708333333333333
0.2892768079800499
0.2892768079800499
0.27251732101616627
0.2708333333333333
0.39473684210526316
0.29213483146067415
0.29213483146067415
0.2708333333333333
0.36082474226804123
0.2905405405405405
0.28893905191873587
0.4238178633975482
0.271461716937355
0.26422764227642276
0.27419354838709675
0.2892768079800499
0.2892768079800499
0.2892768079800499
0.2708333333333333
0.0
0.0
0.3954802259887006
0.0
0.0
0.27251732101616627
0.0
0.2708333333333333
0.2708333333333333
0.2782258064516129
0.4
0.4
0.4
0.4
0.42482517482517484
0.43567753001715265
0.0
0.4258289703315881
0.37971698113207547
0.34942528735632183
0.42376237623762375
0.3977485928705441
0.46382189239332094
0.346723044397463
0.4226190476190476
0.2892768079800499
0.359504132231405
0.359504132231405
0.0
0.3966165413533835
0.0
0.3966165413533835
0.32612966601178783
0.36398467432950193
0.3966165413533835
0.3464203233256351
0.42280701754385963
0.2708333333333333
0.2892768079800499
0.27251732101616627
0.2892768079800499
0.2708333333333333
0.2708333333333333
0.2708333333333333
0.45981308411214955
0.37971698113207547
0.37825059101654845
0.27251732101616627
0.27251732101616627
0.3287671232876712
0.4
0.4238178633975482
0.0
0.2708333333333333
0.2691415313225058
0.2691415313225058
0.3287671232876712
0.2892768079800499
0.2892768079800499
0.3977485928705441
0.32612966601178783
0.2892768079800499
0.26422764227642276
0.271461716937355
0.398876404494382
0.271461716937355
0.0
0.2691415313225058
0.2708333333333333
0.2892768079800499
0.0
0.29596412556053814
0.42280701754385963
0.347926267281106
0.42482517482517484
0.296137339055794
0.35320088300220753
0.359504132231405
0.421792618629174
0.347926267281106
0.3610503282275711
0.0
0.0
0.271461716937355
0.0
0.0
0.2691415313225058
0.2691415313225058
0.0
0.0
0.3966165413533835
0.4186046511627907
0.291044776119403
0.291044776119403
0.29280397022332505
0.37971698113207547
0.2892768079800499
0.291044776119403
0.2657200811359026
0.0
0.37825059101654845
0.2708333333333333
0.32745098039215687
0.27251732101616627
0.27251732101616627
0.42482517482517484
0.42280701754385963
0.0
0.2905405405405405
0.27251732101616627
0.2708333333333333
0.2892768079800499
0.27251732101616627
0.33852140077821014
0.27251732101616627
0.33852140077821014
0.2708333333333333
0.2708333333333333
0.27251732101616627
0.2708333333333333
0.27251732101616627
0.27251732101616627
0.2708333333333333
0.27251732101616627
0.4238178633975482
0.26422764227642276
0.33852140077821014
0.4258289703315881
0.27251732101616627
0.24896265560165975
0.2708333333333333
0.33852140077821014
0.4203187250996016
0.0
0.0
0.37825059101654845
0.4203187250996016
0.2691415313225058
0.3459915611814346
0.0
0.3981308411214953
0.39473684210526316
0.33852140077821014
0.39473684210526316
0.33852140077821014
0.28893905191873587
0.3574561403508772
0.35462555066079293
0.0
0.2796780684104628
0.3254901960784314
0.33852140077821014
0.33852140077821014
0.26422764227642276
0.2691415313225058
0.2892768079800499
0.27251732101616627
