0.0
0.0
0.0
0.0
0.0
0.0
0.0
0.0
0.0
0.0
0.0
0.0
0.0
0.0
0.0
0.0
0.0
0.0
0.0
0.0
0.0
0.0
0.0
0.0
0.0
0.0
0.0
0.0
0.21276595744680848
0.0
0.1690962099125365
0.21276595744680848
0.1690962099125365
0.25396825396825395
0.1690962099125365
0.1690962099125365
0.26086956521739135
0.2331002331002331
0.0
0.1690962099125365
0.160427807486631
0.0
0.1690962099125365
0.24018475750577373
0.23571428571428577
0.2505694760820045
0.26086956521739135
0.2331002331002331
0.1690962099125365
0.2436781609195402
0.2331002331002331
0.2646310432569975
0.0
0.23488372093023258
0.23546511627906974
0.1806615776081425
0.0
0.1690962099125365
0.0
0.23752969121140144
0.0
0.1690962099125365
0.23664122137404575
0.0
0.0
0.0
0.0
0.0
0.0
0.0
0.0
0.18289786223277915
0.0
0.0
0.0
0.15306122448979587
0.0
0.20348837209302328
0.18527315914489306
0.23752969121140144
0.19106699751861045
0.23488372093023258
0.23488372093023258
0.23488372093023258
0.14014251781472686
0.14014251781472686
0.23752969121140144
0.14014251781472686
0.23488372093023258
0.20058139534883723
0.25575447570332477
0.23488372093023258
0.17630057803468213
0.18527315914489306
0.18527315914489306
0.18527315914489306
0.0
0.0
0.21739130434782605
0.2071611253196931
0.23323615160349853
0.23752969121140144
0.23546511627906974
0.23323615160349853
0.1690962099125365
0.14014251781472686
0.17647058823529416
0.19693094629156005
0.23323615160349853
0.19239904988123513
0.2331002331002331
0.23488372093023258
0.23488372093023258
0.23752969121140144
0.15601023017902815
0.23323615160349853
0.23323615160349853
0.23752969121140144
0.23323615160349853
0.1690962099125365
0.19239904988123513
0.0
0.25765306122448983
0.1690962099125365
0.25575447570332477
0.2071611253196931
0.23488372093023258
0.1690962099125365
0.25575447570332477
0.1690962099125365
0.21739130434782605
0.21739130434782605
0.25575447570332477
0.23488372093023258
0.23488372093023258
0.23665893271461713
0.23488372093023258
0.23323615160349853
0.0
0.25575447570332477
0.2071611253196931
0.25575447570332477
0.25765306122448983
0.2627551020408163
0.23752969121140144
0.23488372093023258
0.17151162790697672
0.17391304347826086
0.0
0.0
0.0
0.17151162790697672
0.23323615160349853
0.17151162790697672
0.15089514066496168
0.17391304347826086
0.0
0.0
0.0
0.0
0.0
0.22157434402332365
0.23323615160349853
0.23323615160349853
0.23323615160349853
0.23323615160349853
0.23323615160349853
0.23323615160349853
0.17151162790697672
0.0
0.1690962099125365
0.23488372093023258
0.1690962099125365
0.1690962099125365
0.23323615160349853
0.1690962099125365
0.0
0.15775401069518713
0.2071611253196931
0.1690962099125365
0.1690962099125365
0.1690962099125365
0.1690962099125365
0.23323615160349853
0.1690962099125365
0.0
0.23323615160349853
0.1690962099125365
0.1690962099125365
0.1690962099125365
0.23323615160349853
0.1690962099125365
0.1690962099125365
0.1690962099125365
0.1554959785522788
0.1690962099125365
0.1554959785522788
0.1690962099125365
0.1690962099125365
0.1690962099125365
0.23323615160349853
0.1690962099125365
0.1554959785522788
0.1690962099125365
0.1690962099125365
0.23323615160349853
0.1690962099125365
0.23323615160349853
0.23323615160349853
0.1690962099125365
0.1554959785522788
0.1690962099125365
0.23752969121140144
0.23323615160349853
0.23323615160349853
0.1690962099125365
0.21447721179624668
0.23752969121140144
0.15306122448979587
0.17492711370262393
0.1554959785522788
0.1554959785522788
0.1554959785522788
0.1554959785522788
0.1554959785522788
0.24127906976744184
0.1554959785522788
0.23933649289099523
0.21447721179624668
0.1943127962085308
0.1554959785522788
0.1554959785522788
0.21657754010695185
0.1554959785522788
0.1690962099125365
0.1690962099125365
0.1554959785522788
0.1554959785522788
0.23515439429928742
0.16000000000000003
0.15775401069518713
0.1554959785522788
0.2091836734693877
0.16000000000000003
0.15775401069518713
0.23665893271461713
0.15591397849462363
0.14014251781472686
0.1554959785522788
0.1690962099125365
0.1690962099125365
0.1690962099125365
0.1554959785522788
0.0
0.0
0.23752969121140144
0.0
0.0
0.1554959785522788
0.0
0.1554959785522788
0.1554959785522788
0.14964370546318295
0.23933649289099523
0.23933649289099523
0.23933649289099523
0.23933649289099523
0.23488372093023258
0.25396825396825395
0.0
0.23665893271461713
0.23323615160349853
0.17492711370262393
0.2595419847328244
0.23752969121140144
0.2646310432569975
0.2097186700767263
0.25765306122448983
0.1690962099125365
0.2071611253196931
0.2071611253196931
0.0
0.23752969121140144
0.0
0.23752969121140144
0.18333333333333335
0.2114014251781473
0.23752969121140144
0.17492711370262393
0.23488372093023258
0.1554959785522788
0.1690962099125365
0.1554959785522788
0.1690962099125365
0.1554959785522788
0.1554959785522788
0.1554959785522788
0.2810945273631841
0.23323615160349853
0.23323615160349853
0.1554959785522788
0.1554959785522788
0.1872037914691943
0.23933649289099523
0.23665893271461713
0.0
0.1554959785522788
0.1554959785522788
0.1554959785522788
0.18138424821002386
0.1690962099125365
0.1690962099125365
0.23752969121140144
0.18333333333333335
0.1690962099125365
0.14014251781472686
0.15591397849462363
0.23752969121140144
0.15591397849462363
0.0
0.1554959785522788
0.1554959785522788
0.1690962099125365
0.0
0.160427807486631
0.23488372093023258
0.17492711370262393
0.23488372093023258
0.16112531969309463
0.21447721179624668
0.2071611253196931
0.2331002331002331
0.17492711370262393
0.21715817694369977
0.0
0.0
0.15591397849462363
0.0
0.0
0.1554959785522788
0.1554959785522788
0.0
0.0
0.23752969121140144
0.2627345844504021
0.1690962099125365
0.1690962099125365
0.17151162790697672
0.23323615160349853
0.1690962099125365
0.1690962099125365
0.14218009478672988
0.0
0.23323615160349853
0.1554959785522788
0.18527315914489306
0.1554959785522788
0.1554959785522788
0.23488372093023258
0.23488372093023258
0.0
0.15775401069518713
0.1554959785522788
0.1554959785522788
0.1690962099125365
0.1554959785522788
0.19239904988123513
0.1554959785522788
0.19239904988123513
0.1554959785522788
0.1554959785522788
0.1554959785522788
0.1554959785522788
0.1554959785522788
0.1554959785522788
0.1554959785522788
0.1554959785522788
0.23665893271461713
0.14014251781472686
0.19239904988123513
0.23665893271461713
0.1554959785522788
0.14218009478672988
0.1554959785522788
0.19239904988123513
0.25575447570332477
0.0
0.0
0.23323615160349853
0.25575447570332477
0.1554959785522788
0.2091836734693877
0.0
0.23877068557919623
0.23515439429928742
0.19239904988123513
0.23515439429928742
0.19239904988123513
0.15775401069518713
0.21447721179624668
0.21447721179624668
0.0
0.15165876777251186
0.18289786223277915
0.19239904988123513
0.19239904988123513
0.14014251781472686
0.1554959785522788
0.1690962099125365
0.1554959785522788
