0.0
0.0
0.0
0.0
0.0
0.0
0.0
0.0
0.0
0.0
0.0
0.0
0.0
0.0
0.0
0.0
0.0
0.0
0.0
0.0
0.0
0.0
0.0
0.0
0.0
0.0
0.0
0.0
0.232166018158236
0.0
0.1690962099125365
0.232166018158236
0.1690962099125365
0.27692307692307694
0.1690962099125365
0.1690962099125365
0.29854368932038833
0.26888888888888884
0.0
0.1690962099125365
0.17150395778364114
0.0
0.1690962099125365
0.27212389380530977
0.24647887323943662
0.27692307692307694
0.29854368932038833
0.267260579064588
0.1690962099125365
0.27212389380530977
0.267260579064588
0.30193236714975846
0.0
0.26807563959955505
0.24641833810888247
0.19095477386934678
0.0
0.1690962099125365
0.0
0.24736225087924968
0.0
0.1690962099125365
0.24623115577889443
0.0
0.0
0.0
0.0
0.0
0.0
0.0
0.0
0.19437939110070257
0.0
0.0
0.0
0.16477987421383644
0.0
0.21825962910128383
0.19766081871345031
0.24736225087924968
0.20873786407766992
0.26807563959955505
0.26807563959955505
0.26807563959955505
0.15222482435597184
0.15222482435597184
0.24736225087924968
0.15222482435597184
0.26807563959955505
0.21203438395415475
0.26792452830188684
0.26807563959955505
0.1868758915834522
0.1957796014067995
0.1957796014067995
0.1957796014067995
0.0
0.0
0.22921914357682616
0.21914357682619645
0.23435225618631728
0.24736225087924968
0.24641833810888247
0.23323615160349853
0.1690962099125365
0.15222482435597184
0.18891687657430734
0.20906801007556675
0.23323615160349853
0.20374707259953162
0.26888888888888884
0.26807563959955505
0.26807563959955505
0.24736225087924968
0.19902912621359226
0.23323615160349853
0.23323615160349853
0.24736225087924968
0.23323615160349853
0.1690962099125365
0.20374707259953162
0.0
0.2670025188916877
0.1690962099125365
0.26607818411097095
0.21914357682619645
0.26807563959955505
0.1690962099125365
0.26607818411097095
0.1690962099125365
0.22921914357682616
0.22921914357682616
0.26792452830188684
0.26807563959955505
0.26970033296337403
0.26888888888888884
0.26807563959955505
0.23323615160349853
0.0
0.26607818411097095
0.21914357682619645
0.26607818411097095
0.2670025188916877
0.29939393939393943
0.24912280701754386
0.26807563959955505
0.18338108882521487
0.18571428571428572
0.0
0.0
0.0
0.18338108882521487
0.23323615160349853
0.18338108882521487
0.16372795969773302
0.18571428571428572
0.0
0.0
0.0
0.0
0.0
0.22157434402332365
0.23323615160349853
0.23323615160349853
0.23323615160349853
0.23323615160349853
0.23323615160349853
0.23323615160349853
0.18338108882521487
0.0
0.1690962099125365
0.26807563959955505
0.1690962099125365
0.1690962099125365
0.23323615160349853
0.1690962099125365
0.0
0.16886543535620058
0.21914357682619645
0.1690962099125365
0.1690962099125365
0.1690962099125365
0.1690962099125365
0.23323615160349853
0.1690962099125365
0.0
0.23323615160349853
0.1690962099125365
0.1690962099125365
0.1690962099125365
0.23435225618631728
0.1690962099125365
0.1690962099125365
0.1690962099125365
0.1554959785522788
0.1690962099125365
0.1554959785522788
0.1690962099125365
0.1690962099125365
0.1690962099125365
0.23323615160349853
0.1690962099125365
0.1554959785522788
0.1690962099125365
0.1690962099125365
0.23323615160349853
0.1690962099125365
0.23323615160349853
0.23546511627906974
0.1690962099125365
0.1554959785522788
0.1690962099125365
0.24736225087924968
0.23323615160349853
0.23435225618631728
0.1690962099125365
0.21657754010695185
0.24736225087924968
0.16477987421383644
0.21059972105997216
0.1554959785522788
0.15775401069518713
0.15775401069518713
0.1554959785522788
0.15775401069518713
0.27298050139275765
0.15775401069518713
0.25
0.21552878179384205
0.20467836257309946
0.15662650602409633
0.1554959785522788
0.21657754010695185
0.15662650602409633
0.1690962099125365
0.1690962099125365
0.15775401069518713
0.15662650602409633
0.24590163934426235
0.17105263157894735
0.17105263157894735
0.15662650602409633
0.22012578616352196
0.1699604743083004
0.16886543535620058
0.26888888888888884
0.15704697986577176
0.15222482435597184
0.15887850467289721
0.1690962099125365
0.1690962099125365
0.1690962099125365
0.15662650602409633
0.0
0.0
0.24647887323943662
0.0
0.0
0.15775401069518713
0.0
0.15662650602409633
0.15662650602409633
0.1615925058548009
0.25
0.25
0.25
0.25
0.26970033296337403
0.2785087719298246
0.0
0.270509977827051
0.23435225618631728
0.21169916434540392
0.26884422110552764
0.2482435597189696
0.30193236714975846
0.2097186700767263
0.26792452830188684
0.1690962099125365
0.21914357682619645
0.21914357682619645
0.0
0.24736225087924968
0.0
0.24736225087924968
0.19483568075117375
0.22248243559718972
0.24736225087924968
0.2094972067039106
0.26807563959955505
0.15662650602409633
0.1690962099125365
0.15775401069518713
0.1690962099125365
0.15662650602409633
0.15662650602409633
0.15662650602409633
0.29854368932038833
0.23435225618631728
0.23323615160349853
0.15775401069518713
0.15775401069518713
0.19672131147540983
0.25
0.26888888888888884
0.0
0.15662650602409633
0.1554959785522788
0.1554959785522788
0.19672131147540983
0.1690962099125365
0.1690962099125365
0.2482435597189696
0.19483568075117375
0.1690962099125365
0.15222482435597184
0.15704697986577176
0.24912280701754386
0.15704697986577176
0.0
0.1554959785522788
0.15662650602409633
0.1690962099125365
0.0
0.17368421052631577
0.26807563959955505
0.21059972105997216
0.26970033296337403
0.17380352644836272
0.21447721179624668
0.21914357682619645
0.267260579064588
0.21059972105997216
0.22029372496662214
0.0
0.0
0.15704697986577176
0.0
0.0
0.1554959785522788
0.1554959785522788
0.0
0.0
0.24736225087924968
0.2647058823529411
0.17030567685589515
0.17030567685589515
0.17151162790697672
0.23435225618631728
0.1690962099125365
0.17030567685589515
0.1532163742690058
0.0
0.23323615160349853
0.15662650602409633
0.1957796014067995
0.15775401069518713
0.15775401069518713
0.26970033296337403
0.26807563959955505
0.0
0.1699604743083004
0.15775401069518713
0.15662650602409633
0.1690962099125365
0.15775401069518713
0.20374707259953162
0.15775401069518713
0.20374707259953162
0.15662650602409633
0.15662650602409633
0.15775401069518713
0.15662650602409633
0.15775401069518713
0.15775401069518713
0.15662650602409633
0.15775401069518713
0.26888888888888884
0.15222482435597184
0.20374707259953162
0.270509977827051
0.15775401069518713
0.14218009478672988
0.15662650602409633
0.20374707259953162
0.26607818411097095
0.0
0.0
0.23323615160349853
0.26607818411097095
0.1554959785522788
0.2091836734693877
0.0
0.24854142357059505
0.24590163934426235
0.20374707259953162
0.24590163934426235
0.20374707259953162
0.16886543535620058
0.21762349799732972
0.21552878179384205
0.0
0.1625730994152047
0.19437939110070257
0.20374707259953162
0.20374707259953162
0.15222482435597184
0.1554959785522788
0.1690962099125365
0.15775401069518713
