0.0
0.0
0.0
0.0
0.0
0.0
0.0
0.0
0.0
0.0
0.0
0.0
0.0
0.0
0.0
0.0
0.0
0.0
0.0
0.0
0.0
0.0
0.0
0.0
0.0
0.0
0.0
0.0
0.37684210526315787
0.0
0.28927680798004984
0.37684210526315787
0.28927680798004984
0.4337349397590361
0.28927680798004984
0.28927680798004984
0.4598130841121495
0.4238178633975481
0.0
0.28927680798004984
0.2927927927927928
0.0
0.28927680798004984
0.4278260869565217
0.3954802259887006
0.4337349397590361
0.4598130841121495
0.42179261862917394
0.28927680798004984
0.4278260869565217
0.42179261862917394
0.46382189239332094
0.0
0.42280701754385963
0.39540229885057476
0.32067510548523204
0.0
0.28927680798004984
0.0
0.3966165413533834
0.0
0.28927680798004984
0.3951612903225806
0.0
0.0
0.0
0.0
0.0
0.0
0.0
0.0
0.3254901960784313
0.0
0.0
0.0
0.28293736501079914
0.0
0.3583138173302107
0.330078125
0.3966165413533834
0.34538152610441764
0.42280701754385963
0.42280701754385963
0.42280701754385963
0.2642276422764228
0.2642276422764228
0.3966165413533834
0.2642276422764228
0.42280701754385963
0.3498817966903073
0.42261904761904767
0.42280701754385963
0.31490384615384615
0.3274509803921568
0.3274509803921568
0.3274509803921568
0.0
0.0
0.3729508196721312
0.359504132231405
0.3797169811320755
0.3966165413533834
0.39540229885057476
0.37825059101654845
0.28927680798004984
0.2642276422764228
0.31779661016949157
0.3458333333333333
0.37825059101654845
0.33852140077821014
0.4238178633975481
0.42280701754385963
0.42280701754385963
0.3966165413533834
0.3319838056680162
0.37825059101654845
0.37825059101654845
0.3966165413533834
0.37825059101654845
0.28927680798004984
0.33852140077821014
0.0
0.4214711729622267
0.28927680798004984
0.42031872509960155
0.359504132231405
0.42280701754385963
0.28927680798004984
0.42031872509960155
0.28927680798004984
0.3729508196721312
0.3729508196721312
0.42261904761904767
0.42280701754385963
0.4248251748251748
0.4238178633975481
0.42280701754385963
0.37825059101654845
0.0
0.42031872509960155
0.359504132231405
0.42031872509960155
0.4214711729622267
0.46082089552238803
0.398876404494382
0.42280701754385963
0.3099273607748184
0.3132530120481928
0.0
0.0
0.0
0.3099273607748184
0.37825059101654845
0.3099273607748184
0.2813852813852814
0.3132530120481928
0.0
0.0
0.0
0.0
0.0
0.3627684964200477
0.37825059101654845
0.37825059101654845
0.37825059101654845
0.37825059101654845
0.37825059101654845
0.37825059101654845
0.3099273607748184
0.0
0.28927680798004984
0.42280701754385963
0.28927680798004984
0.28927680798004984
0.37825059101654845
0.28927680798004984
0.0
0.2889390519187359
0.359504132231405
0.28927680798004984
0.28927680798004984
0.28927680798004984
0.28927680798004984
0.37825059101654845
0.28927680798004984
0.0
0.37825059101654845
0.28927680798004984
0.28927680798004984
0.28927680798004984
0.3797169811320755
0.28927680798004984
0.28927680798004984
0.28927680798004984
0.26914153132250584
0.28927680798004984
0.26914153132250584
0.28927680798004984
0.28927680798004984
0.28927680798004984
0.37825059101654845
0.28927680798004984
0.26914153132250584
0.28927680798004984
0.28927680798004984
0.37825059101654845
0.28927680798004984
0.37825059101654845
0.38117647058823534
0.28927680798004984
0.26914153132250584
0.28927680798004984
0.3966165413533834
0.37825059101654845
0.3797169811320755
0.28927680798004984
0.356043956043956
0.3966165413533834
0.28293736501079914
0.347926267281106
0.26914153132250584
0.2725173210161663
0.2725173210161663
0.26914153132250584
0.2725173210161663
0.42888402625820565
0.2725173210161663
0.4
0.35462555066079293
0.3398058252427184
0.27083333333333337
0.26914153132250584
0.356043956043956
0.27083333333333337
0.28927680798004984
0.28927680798004984
0.2725173210161663
0.27083333333333337
0.39473684210526316
0.2921348314606742
0.2921348314606742
0.27083333333333337
0.3608247422680413
0.29054054054054057
0.2889390519187359
0.4238178633975481
0.271461716937355
0.2642276422764228
0.27419354838709675
0.28927680798004984
0.28927680798004984
0.28927680798004984
0.27083333333333337
0.0
0.0
0.3954802259887006
0.0
0.0
0.2725173210161663
0.0
0.27083333333333337
0.27083333333333337
0.2782258064516129
0.4
0.4
0.4
0.4
0.4248251748251748
0.4356775300171527
0.0
0.4258289703315882
0.3797169811320755
0.34942528735632183
0.4237623762376238
0.3977485928705441
0.46382189239332094
0.34672304439746304
0.42261904761904767
0.28927680798004984
0.359504132231405
0.359504132231405
0.0
0.3966165413533834
0.0
0.3966165413533834
0.32612966601178783
0.3639846743295019
0.3966165413533834
0.3464203233256351
0.42280701754385963
0.27083333333333337
0.28927680798004984
0.2725173210161663
0.28927680798004984
0.27083333333333337
0.27083333333333337
0.27083333333333337
0.4598130841121495
0.3797169811320755
0.37825059101654845
0.2725173210161663
0.2725173210161663
0.3287671232876712
0.4
0.4238178633975481
0.0
0.27083333333333337
0.26914153132250584
0.26914153132250584
0.3287671232876712
0.28927680798004984
0.28927680798004984
0.3977485928705441
0.32612966601178783
0.28927680798004984
0.2642276422764228
0.271461716937355
0.398876404494382
0.271461716937355
0.0
0.26914153132250584
0.27083333333333337
0.28927680798004984
0.0
0.2959641255605381
0.42280701754385963
0.347926267281106
0.4248251748251748
0.296137339055794
0.35320088300220753
0.359504132231405
0.42179261862917394
0.347926267281106
0.3610503282275711
0.0
0.0
0.271461716937355
0.0
0.0
0.26914153132250584
0.26914153132250584
0.0
0.0
0.3966165413533834
0.41860465116279066
0.29104477611940294
0.29104477611940294
0.29280397022332505
0.3797169811320755
0.28927680798004984
0.29104477611940294
0.2657200811359026
0.0
0.37825059101654845
0.27083333333333337
0.3274509803921568
0.2725173210161663
0.2725173210161663
0.4248251748251748
0.42280701754385963
0.0
0.29054054054054057
0.2725173210161663
0.27083333333333337
0.28927680798004984
0.2725173210161663
0.33852140077821014
0.2725173210161663
0.33852140077821014
0.27083333333333337
0.27083333333333337
0.2725173210161663
0.27083333333333337
0.2725173210161663
0.2725173210161663
0.27083333333333337
0.2725173210161663
0.4238178633975481
0.2642276422764228
0.33852140077821014
0.4258289703315882
0.2725173210161663
0.24896265560165975
0.27083333333333337
0.33852140077821014
0.42031872509960155
0.0
0.0
0.37825059101654845
0.42031872509960155
0.26914153132250584
0.3459915611814346
0.0
0.3981308411214953
0.39473684210526316
0.33852140077821014
0.39473684210526316
0.33852140077821014
0.2889390519187359
0.35745614035087714
0.35462555066079293
0.0
0.2796780684104627
0.3254901960784313
0.33852140077821014
0.33852140077821014
0.2642276422764228
0.26914153132250584
0.28927680798004984
0.2725173210161663
