0.0
0.7777777777777778
0.75
0.25
0.25
0.5
0.75
0.25
0.25
0.0
0.0
0.0
0.0
0.0
0.0
0.0
0.0
0.0
0.0
0.0
0.0
0.0
0.0
0.5
0.5
0.0
0.25
0.5
0.4545454545454546
0.0
0.0
0.0
0.0
0.5
0.0
0.0
0.0
0.75
0.25
0.25
0.25
0.25
0.25
0.7
0.5454545454545454
0.5454545454545454
0.75
0.0
0.75
0.0
0.5
0.75
0.6666666666666667
0.5
0.5
0.75
0.75
0.0
0.6666666666666667
0.41666666666666663
0.7777777777777778
0.2857142857142857
0.7777777777777778
0.7142857142857143
0.7777777777777778
0.2857142857142857
0.7777777777777778
0.2857142857142857
0.4444444444444444
0.7777777777777778
0.2857142857142857
0.2857142857142857
0.4444444444444444
0.25
0.7777777777777778
0.7777777777777778
0.2857142857142857
0.2857142857142857
0.4444444444444444
0.7777777777777778
0.36363636363636365
0.36363636363636365
0.4
0.6666666666666667
0.0
0.0
0.2857142857142857
0.2857142857142857
0.75
0.7272727272727273
0.7857142857142857
0.75
0.375
0.75
0.75
0.75
0.75
0.75
0.75
0.75
0.75
0.75
0.75
0.0
0.75
0.75
0.75
0.4285714285714286
0.75
0.6666666666666667
0.75
0.75
0.7857142857142857
0.75
0.7857142857142857
0.75
0.2857142857142857
0.75
0.375
0.75
0.5454545454545454
0.7272727272727273
0.75
0.8181818181818181
0.8181818181818181
0.75
0.75
0.75
0.75
0.75
0.75
0.75
0.75
0.75
0.75
0.75
0.75
0.75
0.75
0.75
0.75
0.75
0.75
0.75
0.6666666666666667
0.7142857142857143
0.75
0.7058823529411764
0.8181818181818181
0.8461538461538461
0.75
0.75
0.75
0.375
0.8181818181818181
0.75
0.7692307692307692
0.75
0.75
0.75
0.5
0.7857142857142857
0.6
0.8
0.6
0.6666666666666667
0.6
0.6666666666666667
0.75
0.6428571428571428
0.3571428571428571
0.75
0.75
0.6666666666666667
0.8
0.30000000000000004
0.7857142857142857
0.75
0.6
0.7142857142857143
0.375
0.5
0.7
0.6428571428571428
0.6428571428571428
0.6666666666666667
0.75
0.8181818181818181
0.8181818181818181
0.75
0.6
0.7142857142857143
0.6666666666666667
0.75
0.8
0.6666666666666667
0.75
0.6
0.6666666666666667
0.8181818181818181
0.75
0.6666666666666667
0.75
0.6875
0.75
0.7857142857142857
0.75
0.6875
0.7857142857142857
0.75
0.75
0.75
0.8333333333333334
0.75
0.75
0.7857142857142857
0.8
0.6666666666666667
0.75
0.75
0.75
0.75
0.2857142857142857
0.75
0.8181818181818181
0.75
0.75
0.7857142857142857
0.75
0.5
0.0
0.5
0.0
0.0
0.0
0.0
0.0
0.0
0.0
0.0
0.0
0.0
0.0
0.0
0.4444444444444444
0.0
0.0
0.25
0.0
0.0
0.6666666666666667
0.0
0.7
0.7
0.75
0.6
0.4444444444444444
0.8
0.0
0.4444444444444444
0.6
0.36363636363636365
0.0
0.33333333333333337
0.36363636363636365
0.2857142857142857
0.36363636363636365
0.36363636363636365
0.36363636363636365
0.6666666666666667
0.5
0.5
0.5
0.5
0.0
0.5
0.0
0.75
0.41666666666666663
0.0
0.0
0.0
0.0
0.25
0.0
0.75
0.0
0.0
0.6666666666666667
0.7857142857142857
0.75
0.6666666666666667
0.75
0.8181818181818181
0.75
0.7142857142857143
0.4444444444444444
0.7142857142857143
0.6666666666666667
0.75
0.75
0.375
0.4285714285714286
0.0
0.75
0.7142857142857143
0.0
0.2857142857142857
0.23076923076923073
0.2857142857142857
0.75
0.0
0.2857142857142857
0.2857142857142857
0.25
0.0
0.0
0.0
0.75
0.375
0.75
0.75
0.75
0.75
0.75
0.6666666666666667
0.5
0.6875
0.75
0.25
0.75
0.75
0.75
0.5555555555555556
0.0
0.4285714285714286
0.75
0.75
0.75
0.75
0.7
0.7
0.75
0.0
0.5454545454545454
0.0
0.0
0.0
0.0
0.0
0.0
0.0
0.5
0.0
0.0
0.0
0.0
0.0
0.5454545454545454
0.5
0.4
0.0
0.25
0.0
0.5
0.0
0.5
0.0
0.0
0.0
0.25
0.5
0.5
0.5
0.5
0.5
0.0
0.5
0.0
0.0
0.0
0.5
0.5
0.5
0.5
0.5
0.5454545454545454
0.0
0.25
0.0
0.0
0.41666666666666663
0.5
0.75
0.7857142857142857
0.375
0.75
0.7857142857142857
0.6666666666666667
0.5
0.0
0.5
0.5
0.0
0.75
0.41666666666666663
0.0
0.0
0.375
0.4444444444444444
0.5
0.5454545454545454
0.4444444444444444
0.4444444444444444
0.75
0.0
0.75
0.7142857142857143
0.7857142857142857
0.25
0.6
0.5
0.75
0.75
0.75
0.25
0.4444444444444444
0.0
0.75
0.6
0.4
0.7142857142857143
0.0
0.75
0.2857142857142857
0.7692307692307692
0.0
0.0
0.0
0.0
0.0
0.6
0.7857142857142857
0.0
0.0
0.0
0.7
0.75
0.0
0.6666666666666667
0.75
0.0
0.6666666666666667
0.5
0.0
0.75
0.4444444444444444
0.0
0.0
0.5
