0.0
0.8260869565217391
0.7857142857142857
0.7
0.7
0.6923076923076923
0.7857142857142857
0.7
0.7
0.6842105263157895
0.6
0.6842105263157895
0.6470588235294117
0.6842105263157895
0.6470588235294117
0.6470588235294117
0.6842105263157895
0.6842105263157895
0.6842105263157895
0.6842105263157895
0.6842105263157895
0.6842105263157895
0.6842105263157895
0.6875
0.6875
0.7
0.7
0.6875
0.6571428571428571
0.6842105263157895
0.6842105263157895
0.7
0.7
0.6875
0.7
0.3076923076923077
0.7
0.7857142857142857
0.7
0.7
0.7
0.7
0.7
0.7692307692307692
0.6296296296296297
0.6296296296296297
0.7857142857142857
0.6842105263157895
0.7857142857142857
0.6842105263157895
0.6923076923076923
0.7857142857142857
0.76
0.6153846153846154
0.6153846153846154
0.7857142857142857
0.7857142857142857
0.6842105263157895
0.76
0.5
0.8260869565217391
0.5238095238095238
0.8260869565217391
0.8095238095238095
0.8260869565217391
0.5238095238095238
0.8260869565217391
0.5238095238095238
0.5652173913043479
0.8260869565217391
0.5238095238095238
0.5238095238095238
0.5652173913043479
0.5
0.8260869565217391
0.8260869565217391
0.5238095238095238
0.5238095238095238
0.5652173913043479
0.8260869565217391
0.4814814814814815
0.4814814814814815
0.5384615384615384
0.7333333333333334
0.7
0.6842105263157895
0.5652173913043479
0.5652173913043479
0.7857142857142857
0.7777777777777778
0.8
0.7857142857142857
0.5833333333333333
0.7857142857142857
0.7857142857142857
0.7857142857142857
0.7857142857142857
0.7857142857142857
0.7857142857142857
0.7857142857142857
0.7857142857142857
0.7857142857142857
0.7857142857142857
0.6
0.7857142857142857
0.7857142857142857
0.7857142857142857
0.6521739130434783
0.7857142857142857
0.76
0.7857142857142857
0.7857142857142857
0.8
0.8181818181818181
0.8
0.7857142857142857
0.5652173913043479
0.7857142857142857
0.5833333333333333
0.7857142857142857
0.6296296296296297
0.7777777777777778
0.7857142857142857
0.84
0.84
0.7857142857142857
0.7857142857142857
0.7857142857142857
0.7857142857142857
0.7857142857142857
0.7857142857142857
0.7857142857142857
0.7857142857142857
0.7857142857142857
0.7857142857142857
0.7857142857142857
0.7857142857142857
0.7857142857142857
0.7857142857142857
0.7857142857142857
0.7857142857142857
0.7857142857142857
0.7857142857142857
0.7857142857142857
0.8
0.8095238095238095
0.7857142857142857
0.736842105263158
0.84
0.8518518518518519
0.7857142857142857
0.7857142857142857
0.7857142857142857
0.5833333333333333
0.84
0.7857142857142857
0.7931034482758621
0.7857142857142857
0.7857142857142857
0.7857142857142857
0.5833333333333333
0.8
0.7894736842105263
0.8333333333333334
0.7894736842105263
0.8
0.7894736842105263
0.8
0.8181818181818181
0.7142857142857143
0.4
0.7857142857142857
0.7857142857142857
0.8
0.8333333333333334
0.5333333333333333
0.8
0.8181818181818181
0.7894736842105263
0.8095238095238095
0.5833333333333333
0.6153846153846154
0.7692307692307692
0.7142857142857143
0.7222222222222222
0.7692307692307692
0.8181818181818181
0.84
0.84
0.7857142857142857
0.7894736842105263
0.8095238095238095
0.8
0.8181818181818181
0.8333333333333334
0.8
0.8181818181818181
0.7894736842105263
0.8
0.84
0.7857142857142857
0.76
0.7857142857142857
0.7297297297297297
0.7857142857142857
0.8
0.7857142857142857
0.7297297297297297
0.8
0.7857142857142857
0.8181818181818181
0.7857142857142857
0.8518518518518519
0.7857142857142857
0.7857142857142857
0.8
0.8333333333333334
0.8
0.7857142857142857
0.7857142857142857
0.7857142857142857
0.7857142857142857
0.5652173913043479
0.7857142857142857
0.84
0.7857142857142857
0.7857142857142857
0.8
0.7857142857142857
0.7037037037037037
0.6842105263157895
0.6774193548387097
0.6
0.6842105263157895
0.6842105263157895
0.6
0.6470588235294117
0.7
0.6842105263157895
0.6470588235294117
0.6470588235294117
0.6470588235294117
0.6470588235294117
0.6470588235294117
0.6551724137931034
0.6470588235294117
0.6470588235294117
0.6666666666666667
0.6470588235294117
0.6470588235294117
0.7333333333333334
0.6842105263157895
0.7692307692307692
0.7692307692307692
0.8181818181818181
0.7894736842105263
0.5652173913043479
0.8333333333333334
0.4736842105263158
0.5652173913043479
0.7894736842105263
0.4814814814814815
0.4736842105263158
0.3548387096774194
0.4814814814814815
0.5238095238095238
0.4814814814814815
0.4814814814814815
0.4814814814814815
0.7333333333333334
0.7037037037037037
0.7037037037037037
0.7037037037037037
0.7037037037037037
0.6470588235294117
0.6875
0.6470588235294117
0.8181818181818181
0.5
0.6470588235294117
0.6470588235294117
0.6470588235294117
0.6470588235294117
0.7
0.4736842105263158
0.8181818181818181
0.6842105263157895
0.4736842105263158
0.8
0.8
0.7857142857142857
0.7222222222222222
0.7857142857142857
0.84
0.7857142857142857
0.8095238095238095
0.6551724137931034
0.8095238095238095
0.7222222222222222
0.7857142857142857
0.7857142857142857
0.5833333333333333
0.6190476190476191
0.6842105263157895
0.7857142857142857
0.8095238095238095
0.4736842105263158
0.5238095238095238
0.31034482758620685
0.5238095238095238
0.7857142857142857
0.4736842105263158
0.5238095238095238
0.5238095238095238
0.6666666666666667
0.6842105263157895
0.6842105263157895
0.6842105263157895
0.8095238095238095
0.5833333333333333
0.7857142857142857
0.7857142857142857
0.7857142857142857
0.7857142857142857
0.7857142857142857
0.76
0.6774193548387097
0.7297297297297297
0.7857142857142857
0.7
0.7857142857142857
0.7857142857142857
0.7857142857142857
0.7037037037037037
0.75
0.6190476190476191
0.7857142857142857
0.7857142857142857
0.7857142857142857
0.7857142857142857
0.7777777777777778
0.7777777777777778
0.7857142857142857
0.6842105263157895
0.696969696969697
0.6842105263157895
0.6842105263157895
0.6842105263157895
0.6842105263157895
0.6842105263157895
0.6842105263157895
0.6842105263157895
0.6875
0.6842105263157895
0.6842105263157895
0.6842105263157895
0.6842105263157895
0.6842105263157895
0.696969696969697
0.6875
0.7391304347826086
0.6842105263157895
0.7
0.6842105263157895
0.6875
0.7
0.6875
0.7
0.6842105263157895
0.6842105263157895
0.7
0.6875
0.6875
0.6875
0.6875
0.6875
0.6842105263157895
0.6875
0.7
0.7
0.7
0.6875
0.6875
0.6875
0.6875
0.6875
0.696969696969697
0.6842105263157895
0.7142857142857143
0.6842105263157895
0.6842105263157895
0.5
0.6153846153846154
0.8181818181818181
0.8
0.5833333333333333
0.7857142857142857
0.8
0.76
0.6875
0.7
0.6875
0.6875
0.6842105263157895
0.8181818181818181
0.5
0.75
0.75
0.5454545454545454
0.5652173913043479
0.6875
0.696969696969697
0.5652173913043479
0.5652173913043479
0.7857142857142857
0.7
0.7857142857142857
0.8095238095238095
0.8
0.7
0.7894736842105263
0.6875
0.7857142857142857
0.7857142857142857
0.7857142857142857
0.7142857142857143
0.5652173913043479
0.6842105263157895
0.7857142857142857
0.7894736842105263
0.7391304347826086
0.8095238095238095
0.6842105263157895
0.7857142857142857
0.5238095238095238
0.7777777777777778
0.6470588235294117
0.6842105263157895
0.6470588235294117
0.6470588235294117
0.6470588235294117
0.7894736842105263
0.8
0.6842105263157895
0.6842105263157895
0.6842105263157895
0.7777777777777778
0.8181818181818181
0.6470588235294117
0.76
0.7857142857142857
0.6
0.76
0.8571428571428572
0.6842105263157895
0.8181818181818181
0.5652173913043479
0.75
0.4736842105263158
0.6875
