0.0
0.9047619047619048
0.88
0.8235294117647058
0.8235294117647058
0.8181818181818182
0.88
0.8235294117647058
0.8235294117647058
0.8125
0.75
0.8125
0.7857142857142857
0.8125
0.7857142857142857
0.7857142857142857
0.8125
0.8125
0.8125
0.8125
0.8125
0.8125
0.8125
0.8148148148148148
0.8148148148148148
0.8235294117647058
0.8235294117647058
0.8148148148148148
0.7931034482758621
0.8125
0.8125
0.8235294117647058
0.8235294117647058
0.8148148148148148
0.8235294117647058
0.47058823529411764
0.8235294117647058
0.88
0.8235294117647058
0.8235294117647058
0.8235294117647058
0.8235294117647058
0.8235294117647058
0.8695652173913043
0.7727272727272727
0.7727272727272727
0.88
0.8125
0.88
0.8125
0.8181818181818182
0.88
0.8636363636363636
0.7619047619047619
0.7619047619047619
0.88
0.88
0.8125
0.8636363636363636
0.6666666666666666
0.9047619047619048
0.6875
0.9047619047619048
0.8947368421052632
0.9047619047619048
0.6875
0.9047619047619048
0.6875
0.7222222222222222
0.9047619047619048
0.6875
0.6875
0.7222222222222222
0.6666666666666666
0.9047619047619048
0.9047619047619048
0.6875
0.6875
0.7222222222222222
0.9047619047619048
0.65
0.65
0.7
0.8461538461538461
0.8235294117647058
0.8125
0.7222222222222222
0.7222222222222222
0.88
0.875
0.8888888888888888
0.88
0.7368421052631579
0.88
0.88
0.88
0.88
0.88
0.88
0.88
0.88
0.88
0.88
0.75
0.88
0.88
0.88
0.7894736842105263
0.88
0.8636363636363636
0.88
0.88
0.8888888888888888
0.9
0.8888888888888888
0.88
0.7222222222222222
0.88
0.7368421052631579
0.88
0.7727272727272727
0.875
0.88
0.9130434782608695
0.9130434782608695
0.88
0.88
0.88
0.88
0.88
0.88
0.88
0.88
0.88
0.88
0.88
0.88
0.88
0.88
0.88
0.88
0.88
0.88
0.88
0.8888888888888888
0.8947368421052632
0.88
0.8484848484848485
0.9130434782608695
0.92
0.88
0.88
0.88
0.7368421052631579
0.9130434782608695
0.88
0.8846153846153846
0.88
0.88
0.88
0.7368421052631579
0.8888888888888888
0.8823529411764706
0.9090909090909091
0.8823529411764706
0.8888888888888888
0.8823529411764706
0.8888888888888888
0.9
0.8333333333333334
0.5714285714285714
0.88
0.88
0.8888888888888888
0.9090909090909091
0.6956521739130435
0.8888888888888888
0.9
0.8823529411764706
0.8947368421052632
0.7368421052631579
0.7619047619047619
0.8695652173913043
0.8333333333333334
0.8387096774193549
0.8695652173913043
0.9
0.9130434782608695
0.9130434782608695
0.88
0.8823529411764706
0.8947368421052632
0.8888888888888888
0.9
0.9090909090909091
0.8888888888888888
0.9
0.8823529411764706
0.8888888888888888
0.9130434782608695
0.88
0.8636363636363636
0.88
0.84375
0.88
0.8888888888888888
0.88
0.84375
0.8888888888888888
0.88
0.9
0.88
0.92
0.88
0.88
0.8888888888888888
0.9090909090909091
0.8888888888888888
0.88
0.88
0.88
0.88
0.7222222222222222
0.88
0.9130434782608695
0.88
0.88
0.8888888888888888
0.88
0.8260869565217391
0.8125
0.8076923076923077
0.75
0.8125
0.8125
0.75
0.7857142857142857
0.8235294117647058
0.8125
0.7857142857142857
0.7857142857142857
0.7857142857142857
0.7857142857142857
0.7857142857142857
0.7916666666666666
0.7857142857142857
0.7857142857142857
0.8
0.7857142857142857
0.7857142857142857
0.8461538461538461
0.8125
0.8695652173913043
0.8695652173913043
0.9
0.8823529411764706
0.7222222222222222
0.9090909090909091
0.6428571428571429
0.7222222222222222
0.8823529411764706
0.65
0.6428571428571429
0.5238095238095238
0.65
0.6875
0.65
0.65
0.65
0.8461538461538461
0.8260869565217391
0.8260869565217391
0.8260869565217391
0.8260869565217391
0.7857142857142857
0.8148148148148148
0.7857142857142857
0.9
0.6666666666666666
0.7857142857142857
0.7857142857142857
0.7857142857142857
0.7857142857142857
0.8235294117647058
0.6428571428571429
0.9
0.8125
0.6428571428571429
0.8888888888888888
0.8888888888888888
0.88
0.8387096774193549
0.88
0.9130434782608695
0.88
0.8947368421052632
0.7916666666666666
0.8947368421052632
0.8387096774193549
0.88
0.88
0.7368421052631579
0.7647058823529411
0.8125
0.88
0.8947368421052632
0.6428571428571429
0.6875
0.47368421052631576
0.6875
0.88
0.6428571428571429
0.6875
0.6875
0.8
0.8125
0.8125
0.8125
0.8947368421052632
0.7368421052631579
0.88
0.88
0.88
0.88
0.88
0.8636363636363636
0.8076923076923077
0.84375
0.88
0.8235294117647058
0.88
0.88
0.88
0.8260869565217391
0.8571428571428571
0.7647058823529411
0.88
0.88
0.88
0.88
0.875
0.875
0.88
0.8125
0.8214285714285714
0.8125
0.8125
0.8125
0.8125
0.8125
0.8125
0.8125
0.8148148148148148
0.8125
0.8125
0.8125
0.8125
0.8125
0.8214285714285714
0.8148148148148148
0.85
0.8125
0.8235294117647058
0.8125
0.8148148148148148
0.8235294117647058
0.8148148148148148
0.8235294117647058
0.8125
0.8125
0.8235294117647058
0.8148148148148148
0.8148148148148148
0.8148148148148148
0.8148148148148148
0.8148148148148148
0.8125
0.8148148148148148
0.8235294117647058
0.8235294117647058
0.8235294117647058
0.8148148148148148
0.8148148148148148
0.8148148148148148
0.8148148148148148
0.8148148148148148
0.8214285714285714
0.8125
0.8333333333333334
0.8125
0.8125
0.6666666666666666
0.7619047619047619
0.9
0.8888888888888888
0.7368421052631579
0.88
0.8888888888888888
0.8636363636363636
0.8148148148148148
0.8235294117647058
0.8148148148148148
0.8148148148148148
0.8125
0.9
0.6666666666666666
0.8571428571428571
0.8571428571428571
0.7058823529411765
0.7222222222222222
0.8148148148148148
0.8214285714285714
0.7222222222222222
0.7222222222222222
0.88
0.8235294117647058
0.88
0.8947368421052632
0.8888888888888888
0.8235294117647058
0.8823529411764706
0.8148148148148148
0.88
0.88
0.88
0.8333333333333334
0.7222222222222222
0.8125
0.88
0.8823529411764706
0.85
0.8947368421052632
0.8125
0.88
0.6875
0.875
0.7857142857142857
0.8125
0.7857142857142857
0.7857142857142857
0.7857142857142857
0.8823529411764706
0.8888888888888888
0.8125
0.8125
0.8125
0.875
0.9
0.7857142857142857
0.8636363636363636
0.88
0.75
0.8636363636363636
0.9230769230769231
0.8125
0.9
0.7222222222222222
0.8571428571428571
0.6428571428571429
0.8148148148148148
