0.014688828759180539
0.008125362739408004
0.008722741433021763
0.0
0.010662604722010638
0.0
0.0
0.0
0.0
0.0
0.0
0.0
0.0
0.0
0.010465116279069764
0.0
0.0
0.010569583088667067
0.014688828759180539
0.0
0.014694508894044889
0.029780564263322873
0.0
0.010526315789473717
0.008078994614003632
0.018063583815028927
0.0
0.0
0.0
0.014694508894044889
0.015781922525107572
0.0
0.017017465293327372
0.0
0.014688828759180539
0.012321660181582317
0.014694508894044889
0.0
0.0
0.0
0.014694508894044889
0.019586507072905324
0.0
0.00821484992101107
0.014688828759180539
0.014694508894044889
0.0
0.011692307692307669
0.007121057985757906
0.007128309572301372
0.0
0.006679389312977069
0.0
0.010465116279069764
0.0273141122913505
0.0
0.0
0.014698428788646689
0.018590998043052864
0.0
0.014694508894044889
0.007135575942915362
0.1491065927295132
0.0
0.01704800358905334
0.0
0.010188679245282994
0.0
0.010428736964078755
0.0
0.007689021785561745
0.0
0.0
0.0
0.014694508894044889
0.0
0.0
0.0
0.0
0.01037924151696612
0.0
0.0
0.006779661016949157
0.09574944071588365
0.007128309572301372
0.0
0.019191919191919204
0.01172447484123107
0.0
0.0
0.0
0.007128309572301372
0.0
0.027100271002710064
0.0
0.02714440825190012
0.007128309572301372
0.0271591526344378
0.0
0.0
0.01109570041608876
0.014577259475218707
0.0
0.011019283746556474
0.008196721311475419
0.0
0.055152394775036306
0.007128309572301372
0.0
0.01961852861035418
0.03950103950103945
0.033506182688472275
0.008838383838383868
0.0
0.0
0.0
0.01038062283737029
0.0
0.018802572983671495
0.0
0.0
0.0
0.0
0.0
0.0
0.0
0.0
0.0
0.014694508894044889
0.0
0.005645161290322553
0.0
0.0
0.0
0.014694508894044889
0.0
0.006739679865206405
0.0
0.0
0.007128309572301372
0.0
0.017172295363480305
0.008206330597889777
0.0
0.010188679245282994
0.0
0.007128309572301372
0.0
0.0
0.0
0.0059929174611822456
0.0
0.0
0.0
0.0
0.0
0.009072580645161255
0.014694508894044889
0.014722975590856224
0.0
0.0
0.008137432188065064
0.009635237439779787
0.025710419485791558
0.014694508894044889
0.0
0.0
0.0
0.022704837117472843
0.0
0.007135575942915362
0.011944260119442607
0.0
0.010200078462141993
0.0
0.0
0.01038062283737029
0.0
0.0
0.0
0.0
0.028241335044929428
0.008138351983723258
0.019191919191919204
0.007128309572301372
0.0
0.04715353651523868
0.014694508894044889
0.014694508894044889
0.0
0.0
0.0
0.014694508894044889
0.0
0.008206330597889777
0.014694508894044889
0.0
0.007128309572301372
0.0
0.010144927536231862
0.0054510765876260026
0.0
0.007110208227526615
0.0
0.0
0.01961852861035418
0.015025701858442098
0.09156193895870735
0.007606973058637112
0.0
0.0
0.0
0.010848126232741673
0.0
0.008701056556867592
0.13358657803102247
0.010610079575596787
0.0
0.008201523140011768
0.0
0.027203482045701888
0.007128309572301372
0.0
0.015781922525107572
0.007135575942915362
0.0
0.0
0.0
0.0
0.010526315789473717
0.008951406649616356
0.0778744846541457
0.0
0.0
0.007135575942915362
0.0
0.008139534883720878
0.019586507072905324
0.009000000000000008
0.0
0.007135575942915362
0.006811409110259681
0.007606973058637112
0.007128309572301372
0.0
0.0
0.0
0.0
0.0
0.0
0.0
0.008201523140011768
0.027327935222672073
0.007128309572301372
0.0
0.014694508894044889
0.0
0.0
0.0
0.010204081632653073
0.0
0.0
0.0
0.05510752688172038
0.007168458781361964
0.007249295207410356
0.0
0.0
0.0
0.0
0.0
0.0
0.014694508894044889
0.0
0.025000000000000022
0.00941492938802957
0.0
0.014694508894044889
0.0
0.039665970772442605
0.0
0.01594896331738438
0.014694508894044889
0.0
0.0
0.006679389312977069
0.0
0.0
0.02259332023575633
0.007128309572301372
0.009641873278236957
0.012325656827765208
0.015025701858442098
0.0
0.0
0.0
0.0
0.016235413495687467
0.0
0.0
0.014694508894044889
0.024199288256227747
0.007243460764587484
0.0
0.0
0.0
0.0
0.0
0.0
0.0
0.0
0.0
0.010378057820607856
0.02714440825190012
0.0
0.023456790123456805
0.0
0.010226442658875068
0.0
0.012689116642264464
0.009766684753119925
0.017476788640087393
0.0
0.008583690987124415
0.0
0.006306306306306353
0.01594896331738438
0.0
0.016407599309153698
0.0
0.0
0.012264922322158589
0.0
0.008211143695014633
0.0
0.0
0.02497285559174811
0.008816120906801062
0.0
0.004907306434024039
0.011834319526627168
0.0
0.0
0.011034482758620734
0.029366306027820754
0.0
0.01038062283737029
0.010662604722010638
0.0
0.0
0.0
0.0
0.0
0.0
0.0
0.01037924151696612
0.014694508894044889
0.0
0.0
0.014694508894044889
0.0
0.0
0.006701771182383909
0.0
0.008206330597889777
0.015397082658022643
0.0
0.0
0.0
0.0
0.008951406649616356
0.0
0.0
0.009641873278236957
0.029366306027820754
0.012269938650306789
0.0
0.0
0.011652867218644558
0.009123162696401454
0.0146520146520146
0.014694508894044889
0.01160766105629718
0.01768990634755463
0.014609571788413045
0.039665970772442605
0.0
0.015317286652078765
0.0
0.0
0.016994633273702986
0.0
0.0
0.00962379702537186
0.030729833546734975
0.0
0.006701771182383909
0.0
0.0
0.0
0.0
0.12072727272727268
0.007128309572301372
0.020809248554913284
0.0
0.010200078462141993
0.0271591526344378
0.0
0.014559894109861027
0.0
0.0
0.0066225165562914245
0.05555555555555558
0.0
0.0
0.006311992786293907
0.006306306306306353
0.008206330597889777
0.0
0.0
0.012709030100334417
0.0
0.007128309572301372
0.014694508894044889
0.0
0.0
0.0
0.0
0.009761388286334105
0.010465116279069764
0.039665970772442605
0.008206330597889777
0.014774494556765161
0.008206330597889777
0.055152394775036306
0.0
0.0
0.01961852861035418
0.014688828759180539
0.010188679245282994
0.0
0.030729833546734975
0.0
0.0
0.0
0.015193922431027573
0.014694508894044889
0.012629161882893203
0.0
0.014694508894044889
0.0
0.0
0.0
0.008078994614003632
0.008092485549133
0.0
0.007095793208312218
0.00977729494839763
0.0
0.0
0.0
0.007606973058637112
0.0
0.0
0.0
0.006292134831460627
0.008240141259564404
0.01594896331738438
0.15271838729383014
0.01641468682505398
0.0
0.014694508894044889
0.008071748878923812
0.007708779443254765
0.0271591526344378
0.0
0.0
0.0
0.0
0.014694508894044889
0.0
0.011692307692307669
0.0
0.008637236084452993
0.0
0.0
0.0
0.0
0.0
0.0
0.0
0.0
0.0
0.0
0.006823351023502622
0.0
0.0
0.0
0.0
0.007135575942915362
0.006629834254143652
0.014694508894044889
0.0
0.0
0.0
0.014694508894044889
0.007135575942915362
0.010204081632653073
0.0
0.0
0.014688828759180539
0.008108108108108136
0.008126410835214481
0.0
0.0
0.0
0.0
0.019704433497536922
0.011029411764705843
0.017017465293327372
0.0
0.0
0.007606973058637112
0.0
0.0
0.0
0.008201523140011768
0.027867095391211127
0.0
0.0
0.0
0.0
0.0
0.010111223458038388
0.014694508894044889
0.0
0.026116838487972527
0.0
0.0
0.0
0.0
0.011009174311926606
0.0
0.014694508894044889
0.018600097895252077
0.007095793208312218
0.0
0.0
0.01961852861035418
0.0
0.014694508894044889
0.0
0.055152394775036306
0.010983263598326354
0.0
0.0
0.0
0.00808262236192192
0.0
0.013157894736842146
0.0
0.0
0.0
0.0076128330614464446
0.011944260119442607
0.014694508894044889
0.0
0.014694508894044889
0.0
0.007128309572301372
0.008068130883012059
0.0
0.010471204188481686
0.0
0.0
0.0
0.0
0.0
0.0
0.0
0.028169014084507005
0.0
0.016724336793540906
0.010188679245282994
0.0
0.0
0.0
0.012008005336891281
0.0
0.010471204188481686
0.0179071068830442
0.014694508894044889
0.025974025974025983
0.009743135518157642
0.007128309572301372
0.0
0.009635237439779787
0.005899705014749235
0.02914110429447858
0.01211734693877553
0.0
0.010005002501250582
0.0
0.014694508894044889
0.0
0.0
0.0
0.0
0.015025701858442098
0.012325656827765208
0.0
0.01211734693877553
0.055152394775036306
0.014694508894044889
0.008201523140011768
0.014688828759180539
0.0
0.0
0.014694508894044889
0.0076128330614464446
0.011944260119442607
0.007135575942915362
0.0
0.0
0.01526717557251911
0.004908644668666473
0.03359858532272331
0.0
0.0
0.0
0.0
0.0
0.018110621634850665
0.0
0.0
0.008212255211623498
0.008211143695014633
0.0
0.0
0.013268156424581012
0.008264462809917328
0.0
0.0
0.011230219499744787
0.024905251759610225
0.0
0.0271591526344378
0.014694508894044889
0.0
0.0
0.012325656827765208
0.00824499411071844
0.010650437428680104
0.0
0.007095793208312218
0.014694508894044889
0.028241335044929428
