0.07494489346069066
0.18537983755375065
0.07345624817091012
0.40795287187039764
0.08661971830985915
0.044044665012407
0.2274894810659187
0.12074829931972786
0.044072004965859723
0.04405833074775056
0.19116632160110425
0.4085545722713865
0.40795287187039764
0.12054329371816641
0.16935090287945342
0.2271072528703444
0.4073529411764706
0.17010816125860373
0.07494489346069066
0.4085545722713865
0.07497243660418962
0.14214641080312718
0.40795287187039764
0.17033773861967694
0.14374273537388604
0.09248747913188649
0.16274970622796714
0.10742857142857143
0.2274894810659187
0.07497243660418962
0.24105637759880127
0.12098138747884946
0.09592424866200078
0.1624633431085044
0.07494489346069066
0.06279142057817844
0.07497243660418962
0.19116632160110425
0.17962304140488983
0.40795287187039764
0.07497243660418962
0.17878647522000923
0.17965023847376793
0.12740553448518055
0.07494489346069066
0.07497243660418962
0.19116632160110425
0.050391606324811544
0.2433585417878612
0.23574368018812464
0.20287117491499806
0.24121075390110924
0.4085545722713865
0.16935090287945342
0.26861342100174046
0.4073529411764706
0.2271072528703444
0.0806916426512968
0.08182240818224085
0.2273619287917017
0.07497243660418962
0.24290711232024875
0.29462857142857146
0.19129834254143652
0.09548360486698293
0.19116632160110425
0.13811218437552952
0.8703703703703703
0.16966456003889163
0.2273619287917017
0.22151260504201675
0.19116632160110425
0.20287117491499806
0.4083885209713024
0.07497243660418962
0.20287117491499806
0.1624633431085044
0.20256506978498678
0.19144532597447395
0.07114399544678429
0.20287117491499806
0.20287117491499806
0.05314204889876739
0.2483860006795786
0.23574368018812464
0.19129834254143652
0.08157956963821233
0.09202733485193626
0.12770220394389964
0.10755148741418763
0.19103448275862067
0.23574368018812464
0.2273619287917017
0.17176292940732352
0.12064570943075614
0.1788542151839776
0.23574368018812464
0.17893755824790303
0.14469696969696966
0.44191919191919193
0.19503945885005636
0.24644194756554305
0.14469696969696966
0.19484882418812988
0.26203441516009585
0.20271800679501695
0.1570782159017453
0.23574368018812464
0.4085545722713865
0.17903525046382185
0.23443376514834935
0.2091097308488613
0.12742071288240242
0.056884004158621715
0.2273619287917017
0.1914305459571527
0.1704957678355502
0.12064570943075614
0.14955752212389384
0.2274894810659187
0.20287117491499806
0.4085545722713865
0.20271800679501695
0.19103448275862067
0.2274894810659187
0.19103448275862067
0.20287117491499806
0.045950514830182865
0.07497243660418962
0.20271800679501695
0.20694645441389292
0.04987489574645543
0.04405833074775056
0.4085545722713865
0.07497243660418962
0.1448066717210008
0.05284307815953382
0.10730593607305938
0.12064570943075614
0.23574368018812464
0.4085545722713865
0.21990004543389363
0.2621020497165286
0.20287117491499806
0.13811218437552952
0.20271800679501695
0.23574368018812464
0.4085545722713865
0.4073529411764706
0.4083885209713024
0.11290915777859512
0.20287117491499806
0.04405833074775056
0.10755148741418763
0.20287117491499806
0.15045006429489927
0.09090909090909094
0.07497243660418962
0.24076946943841138
0.1448066717210008
0.2274894810659187
0.07797479171117283
0.1947397873531057
0.09462433197107822
0.07497243660418962
0.40795287187039764
0.4085545722713865
0.12145577655522644
0.23831506058857477
0.40778839088905217
0.23577873675951355
0.1931540342298288
0.19116632160110425
0.07100478468899518
0.20271800679501695
0.2271072528703444
0.1704957678355502
0.19129834254143652
0.12074829931972786
0.19129834254143652
0.20287117491499806
0.11275194571941727
0.1507504894496411
0.07103563740731877
0.23574368018812464
0.19129834254143652
0.29734325185972366
0.07497243660418962
0.07497243660418962
0.04972375690607733
0.15401301518438182
0.19116632160110425
0.07497243660418962
0.19129834254143652
0.2621020497165286
0.07497243660418962
0.20287117491499806
0.23574368018812464
0.1448066717210008
0.09017767348307071
0.11290915777859512
0.17965023847376793
0.16584845250800428
0.1913133402275078
0.14469696969696966
0.17903525046382185
0.06178923426838512
0.2629399585921325
0.12769252428551314
0.20287117491499806
0.10742857142857143
0.2272345194732418
0.17545304777594728
0.20287117491499806
0.07328467153284668
0.1867400486368872
0.19292517006802723
0.16284538506760726
0.26214861625626495
0.20287117491499806
0.17918805412972472
0.23574368018812464
0.04593639575971731
0.24105637759880127
0.24290711232024875
0.4085545722713865
0.16274970622796714
0.180614406779661
0.20271800679501695
0.16952474277315044
0.07157831686133576
0.24451116532182393
0.2273619287917017
0.2616372391653291
0.23577873675951355
0.04405833074775056
0.17004147353012933
0.17878647522000923
0.18605145651711674
0.056884004158621715
0.24290711232024875
0.21473011602488645
0.12769252428551314
0.23574368018812464
0.40795287187039764
0.17962304140488983
0.044072004965859723
0.19129834254143652
0.10755148741418763
0.2274894810659187
0.40795287187039764
0.26214861625626495
0.2687173534532792
0.23574368018812464
0.40795287187039764
0.07497243660418962
0.40795287187039764
0.16289991194599351
0.20287117491499806
0.09072580645161288
0.19116632160110425
0.4083885209713024
0.20287117491499806
0.22873658133773744
0.19884141926140475
0.20213626800453144
0.2273619287917017
0.4073529411764706
0.19103448275862067
0.4083885209713024
0.14469696969696966
0.2274894810659187
0.07497243660418962
0.40795287187039764
0.17893755824790303
0.2928123492522914
0.2086903304773562
0.07497243660418962
0.2274894810659187
0.1389798783341133
0.20287117491499806
0.07496251874062965
0.07497243660418962
0.2274894810659187
0.10755148741418763
0.24121075390110924
0.4085545722713865
0.19129834254143652
0.237985831897377
0.23574368018812464
0.19484882418812988
0.06281094527363185
0.06178923426838512
0.4085545722713865
0.19103448275862067
0.40795287187039764
0.40795287187039764
0.0912098298676749
0.8785046728971962
0.19129834254143652
0.07497243660418962
0.15136476426799006
0.20200549894873043
0.2272345194732418
0.4085545722713865
0.2274894810659187
0.20271800679501695
0.19116632160110425
0.19116632160110425
0.20287117491499806
0.19116632160110425
0.19118153634171542
0.092087312414734
0.1788542151839776
0.17965023847376793
0.19161982626469087
0.04955192409066944
0.11103723404255317
0.4085545722713865
0.09202733485193626
0.10319410319410316
0.17903525046382185
0.04405833074775056
0.10676691729323307
0.20287117491499806
0.21480690514326395
0.07496251874062965
0.20287117491499806
0.08248264597795019
0.044072004965859723
0.5224358974358974
0.24158221641059174
0.12054329371816641
0.26221640488656195
0.044072004965859723
0.2274894810659187
0.17953488372093018
0.07456528146183317
0.2273619287917017
0.1128814805735997
0.07145913564398798
0.2272345194732418
0.20287117491499806
0.1948416035884497
0.14155571128241062
0.2273619287917017
0.1704957678355502
0.08694121788102782
0.4085545722713865
0.04972375690607733
0.4083885209713024
0.40795287187039764
0.20271800679501695
0.04955192409066944
0.19116632160110425
0.07114399544678429
0.07497243660418962
0.20271800679501695
0.4085545722713865
0.07497243660418962
0.20271800679501695
0.20271800679501695
0.22458893871449925
0.1448066717210008
0.2621020497165286
0.24409193913887994
0.2273619287917017
0.20271800679501695
0.10755148741418763
0.4085545722713865
0.07157831686133576
0.20271800679501695
0.20271800679501695
0.19484882418812988
0.14155571128241062
0.24116492146596857
0.15430427720628048
0.04405833074775056
0.05091230135373748
0.1870163370593293
0.14140604116546374
0.07497243660418962
0.16982968369829687
0.07537934410181102
0.08110687022900764
0.11812529890004786
0.056884004158621715
0.17971283001389537
0.17965023847376793
0.9776119402985075
0.07234760599029744
0.04974993419320872
0.4097633136094675
0.15005641218503196
0.11275194571941727
0.40795287187039764
0.22458893871449925
0.12064570943075614
0.4085545722713865
0.04974993419320872
0.20271800679501695
0.26248612652608216
0.23574368018812464
0.15929656820898075
0.19129834254143652
0.07100478468899518
0.17893755824790303
0.4085545722713865
0.19227631221104158
0.12770220394389964
0.2273619287917017
0.24051579144085222
0.32062021030119403
0.20271800679501695
0.12054329371816641
0.21383984305332615
0.21424755120213712
0.2621020497165286
0.40778839088905217
0.19116632160110425
0.05428342674139308
0.1913133402275078
0.23574368018812464
0.07497243660418962
0.2273619287917017
0.20271800679501695
0.19129834254143652
0.4085545722713865
0.07544303797468355
0.16935090287945342
0.11812529890004786
0.2621020497165286
0.07467652495378929
0.2621020497165286
0.1570782159017453
0.4085545722713865
0.2274894810659187
0.17903525046382185
0.07494489346069066
0.13811218437552952
0.20271800679501695
0.11275194571941727
0.04405833074775056
0.04405833074775056
0.20271800679501695
0.05758561316242583
0.07497243660418962
0.1687620889748549
0.2271072528703444
0.07497243660418962
0.40795287187039764
0.12064570943075614
0.2271072528703444
0.14374273537388604
0.1704957678355502
0.20271800679501695
0.16627634660421542
0.07485409794468412
0.2271072528703444
0.20287117491499806
0.20287117491499806
0.12769252428551314
0.20256506978498678
0.2274894810659187
0.19116632160110425
0.1492881877645248
0.17032289869361594
0.07496251874062965
0.29382265785274675
0.08251633986928109
0.19116632160110425
0.07497243660418962
0.1442940038684719
0.22098890010090821
0.17893755824790303
0.19103448275862067
0.19116632160110425
0.15401301518438182
0.04405833074775056
0.07497243660418962
0.20271800679501695
0.050391606324811544
0.17965023847376793
0.12522202486678513
0.04405833074775056
0.4085545722713865
0.4085545722713865
0.12145577655522644
0.4115898959881129
0.10742857142857143
0.19144532597447395
0.20287117491499806
0.1448066717210008
0.40778839088905217
0.19371243643088298
0.4085545722713865
0.1448066717210008
0.16289991194599351
0.19103448275862067
0.24290711232024875
0.09553707788902088
0.07497243660418962
0.20256506978498678
0.20287117491499806
0.2274894810659187
0.07497243660418962
0.24290711232024875
0.09078681909885677
0.8703703703703703
0.2272345194732418
0.07494489346069066
0.2156723063223508
0.21470640728181334
0.10742857142857143
0.2274894810659187
0.04405833074775056
0.10742857142857143
0.17893755824790303
0.0740420628061077
0.09592424866200078
0.12054329371816641
0.04405833074775056
0.12769252428551314
0.4083885209713024
0.20271800679501695
0.10742857142857143
0.26214861625626495
0.19148936170212771
0.044072004965859723
0.04405833074775056
0.20287117491499806
0.4085545722713865
0.20271800679501695
0.1172727272727273
0.07497243660418962
0.20256506978498678
0.09311999999999998
0.2272345194732418
0.04405833074775056
0.2274894810659187
0.1913133402275078
0.1412520064205457
0.40719002201027144
0.07497243660418962
0.08186046511627909
0.16627634660421542
0.20271800679501695
0.044072004965859723
0.17903525046382185
0.40795287187039764
0.07497243660418962
0.20287117491499806
0.1570782159017453
0.16584845250800428
0.19116632160110425
0.19129834254143652
0.19129834254143652
0.14379844961240307
0.40795287187039764
0.14945321992709604
0.1448066717210008
0.40795287187039764
0.04405833074775056
0.17976218232688268
0.1931540342298288
0.07497243660418962
0.19129834254143652
0.07497243660418962
0.2274894810659187
0.23574368018812464
0.14357585139318885
0.4073529411764706
0.16911045943304004
0.4097633136094675
0.08777598276790521
0.04974993419320872
0.19129834254143652
0.20287117491499806
0.12054329371816641
0.4085545722713865
0.11318878058484183
0.40795287187039764
0.09219088937093278
0.13811218437552952
0.20256506978498678
0.2274894810659187
0.40795287187039764
0.19311663479923513
0.08797417271993546
0.22048690858980247
0.17947470817120625
0.07497243660418962
0.17979610750695085
0.07911259941398074
0.23574368018812464
0.20271800679501695
0.1947397873531057
0.05407035175879393
0.14176511466296038
0.12330316742081449
0.2274894810659187
0.08958724202626644
0.10755148741418763
0.07497243660418962
0.20271800679501695
0.16284538506760726
0.2273619287917017
0.2274894810659187
0.06178923426838512
0.06281094527363185
0.1448066717210008
0.12330316742081449
0.1570782159017453
0.07497243660418962
0.26214861625626495
0.07494489346069066
0.2273619287917017
0.20271800679501695
0.07497243660418962
0.17976218232688268
0.1931540342298288
0.23577873675951355
0.19116632160110425
0.8703703703703703
0.06608265092363363
0.11290915777859512
0.19836248604391515
0.14469696969696966
0.2274894810659187
0.20271800679501695
0.16284538506760726
0.8623853211009174
0.08182240818224085
0.19116632160110425
0.20287117491499806
0.12742071288240242
0.26221640488656195
0.10755148741418763
0.20287117491499806
0.0478436657681941
0.18084966460607654
0.20287117491499806
0.2274894810659187
0.11600928074245942
0.17958236658932714
0.40795287187039764
0.17893755824790303
0.07497243660418962
0.4109792284866469
0.19116632160110425
0.06281094527363185
0.17044334975369457
0.04782298358315484
0.2273619287917017
0.16627634660421542
0.07497243660418962
0.11275194571941727
