0.02895238095238095
0.02006880733944949
0.01790123456790127
0.0
0.04415011037527594
0.0
0.0
0.0
0.0
0.0
0.0
0.0
0.0
0.0
0.12313240597630093
0.0
0.0
0.12558380902957966
0.029322162985529365
0.0
0.02896341463414631
0.0578386605783866
0.0
0.026467203682393525
0.020824102791315857
0.03889674681753885
0.0
0.0
0.0
0.02896341463414631
0.03696771174543756
0.0
0.03346543372963451
0.0
0.029322162985529365
0.02434336963484951
0.02896341463414631
0.0
0.0
0.0
0.02896341463414631
0.045550847457627164
0.0
0.016911994989038504
0.029322162985529365
0.02896341463414631
0.0
0.02311435523114358
0.3082919914953933
0.2444788841534289
0.0
0.01653282947567314
0.0
0.12313240597630093
0.3740234375
0.0
0.0
0.029455816275586577
0.036503362151777186
0.0
0.02896341463414631
0.23935962514642717
0.39982616253802694
0.0
0.07200338839474796
0.0
0.022727272727272707
0.0
0.12275295326142788
0.0
0.09115805946791866
0.0
0.0
0.0
0.02896341463414631
0.0
0.0
0.0
0.0
0.022861647615293634
0.0
0.0
0.013883045856121212
0.27066041140382535
0.3085106382978723
0.0
0.037661050545094166
0.029736211031175075
0.0
0.0
0.0
0.23976608187134507
0.0
0.11817685589519655
0.0
0.10756972111553786
0.23976608187134507
0.10806772908366535
0.0
0.0
0.03973063973063973
0.23730725836780742
0.0
0.039464882943143764
0.27108433734939763
0.0
0.10453920220082535
0.23976608187134507
0.0
0.04562334217506636
0.07692307692307687
0.1504207573632539
0.018750000000000044
0.0
0.0
0.0
0.02444570778851618
0.0
0.03691112190383683
0.0
0.0
0.0
0.0
0.0
0.0
0.0
0.0
0.0
0.02896341463414631
0.0
0.18317323617091752
0.0
0.0
0.0
0.02896341463414631
0.0
0.013801756587201952
0.0
0.0
0.23976608187134507
0.0
0.25152571926765477
0.2713178294573644
0.0
0.022727272727272707
0.0
0.2444788841534289
0.0
0.0
0.0
0.012983500135244741
0.0
0.0
0.0
0.0
0.0
0.017982017982017928
0.02896341463414631
0.029018709431080536
0.0
0.0
0.016143497757847514
0.026387009472259804
0.05013192612137207
0.02896341463414631
0.0
0.0
0.0
0.2672094744633605
0.0
0.2443754848719938
0.026160889470241977
0.0
0.02019417475728158
0.0
0.0
0.02444570778851618
0.0
0.0
0.0
0.0
0.08648431214802899
0.028884462151394397
0.037661050545094166
0.23976608187134507
0.0
0.3994200797390359
0.02896341463414631
0.029333333333333322
0.0
0.0
0.0
0.02896341463414631
0.0
0.2713178294573644
0.029333333333333322
0.0
0.23976608187134507
0.0
0.020086083213773365
0.012983500135244741
0.0
0.017587939698492483
0.0
0.0
0.04562334217506636
0.029606544604596774
0.1711711711711712
0.01571832756994651
0.0
0.0
0.0
0.022893326838772543
0.0
0.017857142857142905
0.32202130294773346
0.022280471821756187
0.0
0.33944596176355835
0.0
0.10778443113772451
0.23976608187134507
0.0
0.03696771174543756
0.23965651834504298
0.0
0.0
0.0
0.0
0.02758620689655178
0.017743979721166037
0.27875313507703336
0.0
0.0
0.2443754848719938
0.0
0.12107161257083976
0.045550847457627164
0.11001347103726988
0.0
0.23965651834504298
0.3136216534274787
0.01571832756994651
0.23976608187134507
0.0
0.0
0.0
0.0
0.0
0.0
0.0
0.33944596176355835
0.37434895833333337
0.23976608187134507
0.0
0.02896341463414631
0.0
0.0
0.0
0.02302158273381294
0.0
0.0
0.0
0.2588297311544544
0.19710144927536233
0.2615338526063511
0.0
0.0
0.0
0.0
0.0
0.0
0.029333333333333322
0.0
0.10479041916167664
0.3707817172148654
0.0
0.02896341463414631
0.0
0.07630522088353409
0.0
0.031397174254317095
0.02896341463414631
0.0
0.0
0.01653282947567314
0.0
0.0
0.2662241887905604
0.23976608187134507
0.023761031907671426
0.02435116949695615
0.029606544604596774
0.0
0.0
0.0
0.0
0.03676105315449574
0.0
0.0
0.02896341463414631
0.05513439007580978
0.26248131539611363
0.0
0.0
0.0
0.0
0.0
0.0
0.0
0.0
0.0
0.022693997071742356
0.10756972111553786
0.0
0.14900484131253366
0.0
0.024478041756659463
0.0
0.030666027791087735
0.055871702017589286
0.043593833067517296
0.0
0.018413597733711096
0.0
0.13996101364522417
0.031397174254317095
0.0
0.03310696095076404
0.0
0.0
0.2604836241199877
0.0
0.26637744034707156
0.0
0.0
0.10423940149625932
0.018703241895261846
0.0
0.009766684753119925
0.027765338110165683
0.0
0.0
0.09469696969696972
0.0570570570570571
0.0
0.02444570778851618
0.02110022607385076
0.0
0.0
0.0
0.0
0.0
0.0
0.0
0.022861647615293634
0.02896341463414631
0.0
0.0
0.02896341463414631
0.0
0.0
0.2407610684229784
0.0
0.2713178294573644
0.03032721468475663
0.0
0.0
0.0
0.0
0.017743979721166037
0.0
0.0
0.023761031907671426
0.0570570570570571
0.26416819012797077
0.0
0.0
0.023037284025462235
0.023476523476523514
0.02946482260974148
0.02896341463414631
0.02741290691033693
0.03673469387755102
0.02928039702233254
0.07630522088353409
0.0
0.04153354632587858
0.0
0.0
0.03384615384615386
0.0
0.0
0.027073485174043843
0.0886837881219904
0.0
0.2407610684229784
0.0
0.0
0.0
0.0
0.3732503888024883
0.23976608187134507
0.047244094488189003
0.0
0.02019417475728158
0.1076233183856502
0.0
0.029967426710097667
0.0
0.0
0.016393442622950838
0.3558124598587026
0.0
0.0
0.21788502484031225
0.21800779865295994
0.2713178294573644
0.0
0.0
0.02509907529722588
0.0
0.23976608187134507
0.029333333333333322
0.0
0.0
0.0
0.0
0.020911528150134084
0.12313240597630093
0.07630522088353409
0.2713178294573644
0.029490616621983934
0.2713178294573644
0.10453920220082535
0.0
0.0
0.04562334217506636
0.029322162985529365
0.022727272727272707
0.0
0.0886837881219904
0.0
0.0
0.0
0.029933044505710882
0.02896341463414631
0.1251271617497457
0.0
0.02896341463414631
0.0
0.0
0.0
0.09906237260497353
0.022222222222222254
0.0
0.017552657973921804
0.01936525013448087
0.0
0.0
0.0
0.01571832756994651
0.0
0.0
0.0
0.022546419098143256
0.12330905306971907
0.031397174254317095
0.4013810962451446
0.03229919252018698
0.0
0.02896341463414631
0.09898167006109981
0.0927956147220047
0.1076233183856502
0.0
0.0
0.0
0.0
0.029333333333333322
0.0
0.02311435523114358
0.0
0.01712654614652709
0.0
0.0
0.0
0.0
0.0
0.0
0.0
0.0
0.0
0.0
0.2911255411255411
0.0
0.0
0.0
0.0
0.30872959545777146
0.013172338090010949
0.02896341463414631
0.0
0.0
0.0
0.02896341463414631
0.23965651834504298
0.022318214542836556
0.0
0.0
0.029322162985529365
0.141185647425897
0.14280140460397972
0.0
0.0
0.0
0.0
0.04581779435269051
0.023593466424682408
0.03346543372963451
0.0
0.0
0.01571832756994651
0.0
0.0
0.0
0.2661465106198526
0.11165523996082272
0.0
0.0
0.0
0.0
0.0
0.027805362462760663
0.02896341463414631
0.0
0.050904219691895514
0.0
0.0
0.0
0.0
0.023550724637681153
0.0
0.02896341463414631
0.03652090341182124
0.017552657973921804
0.0
0.0
0.04562334217506636
0.0
0.02896341463414631
0.0
0.10453920220082535
0.04974874371859295
0.0
0.0
0.0
0.035371179039301315
0.0
0.028677150786308947
0.0
0.0
0.0
0.10363457760314343
0.026160889470241977
0.02896341463414631
0.0
0.02896341463414631
0.0
0.23976608187134507
0.09894136807817588
0.0
0.12544987146529563
0.0
0.0
0.0
0.0
0.0
0.0
0.0
0.06909239574816028
0.0
0.033446712018140534
0.022727272727272707
0.0
0.0
0.0
0.026298487836949325
0.0
0.022975301550832827
0.038882803943044886
0.02896341463414631
0.11286347954657472
0.02015775635407535
0.23976608187134507
0.0
0.036813922356091044
0.012557555462536674
0.05663189269746649
0.02394454946439828
0.0
0.021266073194856627
0.0
0.02896341463414631
0.0
0.0
0.0
0.0
0.029606544604596774
0.02435116949695615
0.0
0.02394454946439828
0.10453920220082535
0.02896341463414631
0.2664644714038128
0.029322162985529365
0.0
0.0
0.02896341463414631
0.11062378167641329
0.026160889470241977
0.2449612403100775
0.0
0.0
0.03007518796992481
0.00976933514246947
0.06501283147989734
0.0
0.0
0.0
0.0
0.0
0.036040365209034086
0.0
0.0
0.01813633520950597
0.26637744034707156
0.0
0.0
0.026188835286009682
0.07500741179958492
0.0
0.0
0.03583872573419611
0.10398009950248754
0.0
0.1076233183856502
0.02896341463414631
0.0
0.0
0.02435116949695615
0.12245961438249087
0.021812711545693864
0.0
0.017552657973921804
0.02896341463414631
0.08648431214802899
