0.02175602175602176
0.002340550029256927
0.005028284098051561
0.0
0.004604758250191909
0.0
0.044413601665510116
0.0
0.0
0.0
0.0
0.0
0.0
0.0
0.0023446658851113966
0.04432132963988922
0.0
0.0
0.02175602175602176
0.0
0.0217644772638943
0.03824701195219127
0.0
0.002354326074161306
0.0018066847335139746
0.008752735229759279
0.0
0.0
0.044413601665510116
0.0217644772638943
0.03247373447946511
0.0
0.009025270758122761
0.0
0.02175602175602176
0.01695467883925661
0.0217644772638943
0.0
0.0
0.0
0.0217644772638943
0.03693644758283543
0.0
0.013968253968253963
0.02175602175602176
0.0217644772638943
0.0
0.006186204763377723
0.002556237218813928
0.0020470829068577334
0.0
0.030739673390970168
0.0
0.0023446658851113966
0.03273657289002563
0.0
0.04432132963988922
0.020470829068577223
0.02372713791398917
0.04438280166435504
0.0217644772638943
0.002049180327868827
0.04458204334365323
0.0
0.00903750564844108
0.0
0.013958898797983732
0.0
0.004662004662004615
0.04438280166435504
0.006861063464837058
0.0
0.0
0.0
0.0217644772638943
0.0
0.0
0.0
0.0
0.017656500802568198
0.0
0.0
0.001704303365999138
0.007626738447734427
0.0020470829068577334
0.0
0.012207527975584997
0.025427872860635747
0.0
0.0
0.0
0.0020470829068577334
0.04438280166435504
0.004838221953432087
0.0
0.03503010399562123
0.0020470829068577334
0.035049288061336226
0.04078164825828379
0.0
0.0
0.017578125
0.04078164825828379
0.00277392510402219
0.002355712603062443
0.0
0.029761904761904767
0.0020470829068577334
0.0
0.03699673558215455
0.03375527426160341
0.00520833333333337
0.013954963526799924
0.014892956872479046
0.04438280166435504
0.0
0.0052204176334106345
0.0
0.045680238331678225
0.044413601665510116
0.0
0.0
0.0
0.0
0.044413601665510116
0.0
0.0
0.0
0.0217644772638943
0.0
0.0016194331983805377
0.0
0.0
0.0
0.0217644772638943
0.04081632653061229
0.0016941973739941218
0.0
0.0
0.0020470829068577334
0.0
0.009232544720138458
0.002358490566037763
0.0
0.013958898797983732
0.0
0.0020470829068577334
0.0
0.0
0.0
0.013093289689034338
0.0
0.0
0.0
0.0
0.0
0.02426693629929222
0.0217644772638943
0.04525946156847449
0.04081632653061229
0.044413601665510116
0.018198362147406777
0.002772002772002735
0.019073569482288777
0.0217644772638943
0.0
0.0
0.0
0.015904572564612307
0.0
0.002049180327868827
0.011318242343541951
0.0
0.016214025131738974
0.0
0.04432132963988922
0.0052204176334106345
0.0
0.0
0.0
0.0
0.04304778303917345
0.002044989775051076
0.012207527975584997
0.0020470829068577334
0.0
0.045060658578856105
0.0217644772638943
0.0217644772638943
0.0
0.0
0.0
0.0217644772638943
0.0
0.002358490566037763
0.0217644772638943
0.0
0.0020470829068577334
0.04081632653061229
0.007315288953913646
0.012015292190060034
0.0
0.002552322613578406
0.0
0.04078164825828379
0.03699673558215455
0.014336917562724039
0.03260869565217395
0.01400381922342453
0.0
0.0
0.04435204435204432
0.003980099502487566
0.0
0.005015673981191182
0.026952526799387422
0.011992005329780175
0.0
0.0023571007660577736
0.0
0.03510696653867251
0.0020470829068577334
0.0
0.03247373447946511
0.002049180327868827
0.0
0.0
0.03972687771570449
0.0
0.002354326074161306
0.0
0.009837678307919373
0.04438280166435504
0.2616372391653291
0.002049180327868827
0.0
0.0029308323563892458
0.03693644758283543
0.03625377643504535
0.014892956872479046
0.002049180327868827
0.0017101325352715246
0.01400381922342453
0.0020470829068577334
0.0
0.0
0.0
0.0
0.0
0.044413601665510116
0.0
0.0023571007660577736
0.032753326509723624
0.0020470829068577334
0.0
0.0217644772638943
0.0
0.0
0.0
0.012408759124087565
0.0
0.0
0.0
0.05209742895805147
0.00396110911055092
0.001620089104900746
0.04438280166435504
0.0
0.0
0.0
0.04078164825828379
0.044413601665510116
0.0217644772638943
0.0
0.035049288061336226
0.010128291694800784
0.04716285924834196
0.0217644772638943
0.044413601665510116
0.025423728813559365
0.0
0.004303388918773576
0.0217644772638943
0.044413601665510116
0.0
0.030739673390970168
0.0
0.0
0.017769002961500524
0.0020470829068577334
0.00277392510402219
0.016960208741030658
0.014336917562724039
0.0
0.0
0.0
0.0
0.022369089984748403
0.0
0.0
0.0217644772638943
0.02771855010660984
0.0016187778227437777
0.04435204435204432
0.0
0.044413601665510116
0.0
0.0
0.0
0.0
0.0
0.0
0.011144130757800852
0.03503010399562123
0.0
0.017391304347826098
0.0
0.01763409257898607
0.0
0.025427872860635747
0.002186987424822262
0.03699673558215455
0.0
0.0019203072491598139
0.0
0.0018099547511312153
0.004303388918773576
0.0
0.022618529795563336
0.0
0.0
0.04761904761904767
0.0
0.0023598820058997605
0.0
0.044413601665510116
0.035010940919037226
0.0038071065989847552
0.04438280166435504
0.013089719116443965
0.0091324200913242
0.04435204435204432
0.0
0.002777777777777768
0.040720438527799496
0.04438280166435504
0.0052204176334106345
0.004604758250191909
0.0
0.0
0.0
0.0
0.0
0.0
0.0
0.017656500802568198
0.0217644772638943
0.0
0.0
0.0217644772638943
0.0
0.0
0.0019240019240018835
0.04081632653061229
0.002358490566037763
0.04732762137902902
0.04438280166435504
0.0
0.0
0.0
0.0
0.0
0.0
0.00277392510402219
0.040720438527799496
0.047638603696098514
0.0
0.0
0.006163328197226536
0.034711587544665634
0.016533986527862865
0.0217644772638943
0.004667444574095736
0.006312467122567056
0.020345879959308255
0.025369978858350906
0.014892956872479046
0.03697661772702554
0.0
0.0
0.010796221322537103
0.0
0.0
0.003527336860670194
0.04304778303917345
0.0
0.0019240019240018835
0.0
0.0
0.0
0.0
0.02637362637362639
0.0020470829068577334
0.044996121024049596
0.0
0.016214025131738974
0.035049288061336226
0.0
0.011318242343541951
0.0
0.04438280166435504
0.0323809523809524
0.09839167455061493
0.0
0.0
0.0018115942028985588
0.0018099547511312153
0.002358490566037763
0.0
0.0
0.006727211570803915
0.0
0.0020470829068577334
0.0217644772638943
0.04438280166435504
0.0
0.0
0.0
0.002185792349726823
0.0023446658851113966
0.025369978858350906
0.002358490566037763
0.020352250489236834
0.002358490566037763
0.029761904761904767
0.0
0.044413601665510116
0.03699673558215455
0.02175602175602176
0.013958898797983732
0.0
0.04304778303917345
0.0
0.0
0.0
0.011240465676435218
0.0217644772638943
0.00463231036479439
0.04432132963988922
0.0217644772638943
0.0
0.0
0.04432132963988922
0.0018066847335139746
0.0052204176334106345
0.0
0.0025471217524197787
0.0021893814997263616
0.04432132963988922
0.0
0.0
0.01400381922342453
0.0
0.044413601665510116
0.0
0.0018058690744920947
0.001186943620178016
0.004303388918773576
0.044417026526835324
0.022628372497824234
0.0
0.0217644772638943
0.0018050541516245744
0.006008583690987113
0.035049288061336226
0.0
0.0
0.0
0.0
0.0217644772638943
0.0
0.006186204763377723
0.0
0.048309178743961345
0.0
0.0
0.0
0.0
0.0
0.0
0.0
0.0
0.04081632653061229
0.0
0.0030487804878048808
0.0
0.04081632653061229
0.0
0.0
0.002049180327868827
0.011865035224323361
0.0217644772638943
0.0
0.0
0.044413601665510116
0.0217644772638943
0.002049180327868827
0.01241782322863405
0.0
0.04435204435204432
0.02175602175602176
0.002265518803806099
0.0
0.0
0.044413601665510116
0.0
0.0
0.035049288061336226
0.0074119827053736875
0.009025270758122761
0.0
0.0
0.01400381922342453
0.0
0.0
0.0
0.0023571007660577736
0.014242115971515812
0.0
0.0
0.0
0.0
0.0
0.022155085599194324
0.0217644772638943
0.0
0.01391788448155884
0.04435204435204432
0.0
0.044413601665510116
0.0
0.014127764127764175
0.0
0.0217644772638943
0.023738872403560873
0.0025471217524197787
0.0
0.0
0.03699673558215455
0.0
0.0217644772638943
0.0
0.029761904761904767
0.002552322613578406
0.0
0.0
0.0
0.0018075011296881938
0.0
0.003795066413662229
0.04081632653061229
0.0
0.0
0.036164383561643865
0.011318242343541951
0.0217644772638943
0.0
0.0217644772638943
0.044413601665510116
0.0020470829068577334
0.0018042399639152107
0.0
0.0023474178403756207
0.0
0.0
0.0
0.0
0.0
0.0
0.0
0.042936882782310004
0.0
0.025611175785797413
0.013958898797983732
0.0
0.044413601665510116
0.0
0.011378848728246349
0.0
0.011648223645894018
0.05011261261261257
0.0217644772638943
0.03699673558215455
0.019607843137254943
0.0020470829068577334
0.0
0.002772002772002735
0.0029661016949152907
0.043377226955848225
0.0064102564102563875
0.044413601665510116
0.020191822311963703
0.0
0.0217644772638943
0.0
0.0
0.04438280166435504
0.044413601665510116
0.014336917562724039
0.016960208741030658
0.04081632653061229
0.0064102564102563875
0.029761904761904767
0.0217644772638943
0.0023571007660577736
0.02175602175602176
0.04438280166435504
0.0
0.0217644772638943
0.036164383561643865
0.011318242343541951
0.002049180327868827
0.0
0.0
0.008090614886731351
0.013093289689034338
0.039250669045495123
0.04078164825828379
0.044413601665510116
0.0
0.0
0.0
0.02372713791398917
0.0
0.0
0.013954963526799924
0.0023598820058997605
0.0
0.0
0.0
0.005747126436781658
0.0
0.044413601665510116
0.03446528129751647
0.03756124115405557
0.0
0.035049288061336226
0.0217644772638943
0.0
0.0
0.016960208741030658
0.0
0.005961251862891204
0.04438280166435504
0.0025471217524197787
0.0217644772638943
0.04304778303917345
