0.02895238095238095
0.020068807339449542
0.017901234567901235
0.0
0.04415011037527594
0.0
0.0
0.0
0.0
0.0
0.0
0.0
0.0
0.0
0.12313240597630087
0.0
0.0
0.12558380902957966
0.029322162985529324
0.0
0.028963414634146343
0.0578386605783866
0.0
0.026467203682393557
0.020824102791315906
0.038896746817538894
0.0
0.0
0.0
0.028963414634146343
0.03696771174543753
0.0
0.03346543372963452
0.0
0.029322162985529324
0.024343369634849454
0.028963414634146343
0.0
0.0
0.0
0.028963414634146343
0.045550847457627115
0.0
0.01691199498903852
0.029322162985529324
0.028963414634146343
0.0
0.023114355231143552
0.3082919914953933
0.24447888415342892
0.0
0.01653282947567312
0.0
0.12313240597630087
0.3740234375
0.0
0.0
0.02945581627558662
0.03650336215177714
0.0
0.028963414634146343
0.23935962514642717
0.39982616253802694
0.0
0.07200338839474799
0.0
0.022727272727272728
0.0
0.12275295326142784
0.0
0.09115805946791862
0.0
0.0
0.0
0.028963414634146343
0.0
0.0
0.0
0.0
0.022861647615293655
0.0
0.0
0.013883045856121162
0.27066041140382535
0.30851063829787234
0.0
0.03766105054509415
0.02973621103117506
0.0
0.0
0.0
0.23976608187134502
0.0
0.11817685589519651
0.0
0.10756972111553785
0.23976608187134502
0.10806772908366534
0.0
0.0
0.03973063973063973
0.23730725836780744
0.0
0.03946488294314381
0.2710843373493976
0.0
0.10453920220082531
0.23976608187134502
0.0
0.04562334217506631
0.07692307692307693
0.15042075736325386
0.01875
0.0
0.0
0.0
0.0244457077885162
0.0
0.036911121903836816
0.0
0.0
0.0
0.0
0.0
0.0
0.0
0.0
0.0
0.028963414634146343
0.0
0.18317323617091752
0.0
0.0
0.0
0.028963414634146343
0.0
0.013801756587202008
0.0
0.0
0.23976608187134502
0.0
0.25152571926765477
0.2713178294573643
0.0
0.022727272727272728
0.0
0.24447888415342892
0.0
0.0
0.0
0.012983500135244793
0.0
0.0
0.0
0.0
0.0
0.017982017982017984
0.028963414634146343
0.029018709431080564
0.0
0.0
0.016143497757847534
0.02638700947225981
0.05013192612137203
0.028963414634146343
0.0
0.0
0.0
0.26720947446336046
0.0
0.2443754848719938
0.026160889470241987
0.0
0.020194174757281552
0.0
0.0
0.0244457077885162
0.0
0.0
0.0
0.0
0.08648431214802896
0.02888446215139442
0.03766105054509415
0.23976608187134502
0.0
0.39942007973903587
0.028963414634146343
0.029333333333333333
0.0
0.0
0.0
0.028963414634146343
0.0
0.2713178294573643
0.029333333333333333
0.0
0.23976608187134502
0.0
0.020086083213773313
0.012983500135244793
0.0
0.017587939698492462
0.0
0.0
0.04562334217506631
0.029606544604596805
0.17117117117117117
0.01571832756994656
0.0
0.0
0.0
0.02289332683877253
0.0
0.017857142857142856
0.32202130294773346
0.022280471821756225
0.0
0.33944596176355835
0.0
0.10778443113772455
0.23976608187134502
0.0
0.03696771174543753
0.23965651834504292
0.0
0.0
0.0
0.0
0.027586206896551724
0.017743979721166033
0.2787531350770333
0.0
0.0
0.2443754848719938
0.0
0.12107161257083977
0.045550847457627115
0.11001347103726987
0.0
0.23965651834504292
0.31362165342747866
0.01571832756994656
0.23976608187134502
0.0
0.0
0.0
0.0
0.0
0.0
0.0
0.33944596176355835
0.3743489583333333
0.23976608187134502
0.0
0.028963414634146343
0.0
0.0
0.0
0.02302158273381295
0.0
0.0
0.0
0.2588297311544544
0.19710144927536233
0.2615338526063511
0.0
0.0
0.0
0.0
0.0
0.0
0.029333333333333333
0.0
0.10479041916167664
0.37078171721486547
0.0
0.028963414634146343
0.0
0.07630522088353414
0.0
0.03139717425431711
0.028963414634146343
0.0
0.0
0.01653282947567312
0.0
0.0
0.2662241887905605
0.23976608187134502
0.02376103190767142
0.024351169496956104
0.029606544604596805
0.0
0.0
0.0
0.0
0.03676105315449578
0.0
0.0
0.028963414634146343
0.05513439007580979
0.2624813153961136
0.0
0.0
0.0
0.0
0.0
0.0
0.0
0.0
0.0
0.022693997071742314
0.10756972111553785
0.0
0.1490048413125336
0.0
0.024478041756659467
0.0
0.030666027791087687
0.05587170201758924
0.043593833067517275
0.0
0.018413597733711047
0.0
0.13996101364522417
0.03139717425431711
0.0
0.03310696095076401
0.0
0.0
0.26048362411998777
0.0
0.26637744034707156
0.0
0.0
0.10423940149625935
0.018703241895261846
0.0
0.009766684753119913
0.027765338110165697
0.0
0.0
0.0946969696969697
0.057057057057057055
0.0
0.0244457077885162
0.02110022607385079
0.0
0.0
0.0
0.0
0.0
0.0
0.0
0.022861647615293655
0.028963414634146343
0.0
0.0
0.028963414634146343
0.0
0.0
0.24076106842297842
0.0
0.2713178294573643
0.030327214684756583
0.0
0.0
0.0
0.0
0.017743979721166033
0.0
0.0
0.02376103190767142
0.057057057057057055
0.26416819012797077
0.0
0.0
0.023037284025462262
0.023476523476523476
0.029464822609741433
0.028963414634146343
0.02741290691033695
0.036734693877551024
0.029280397022332507
0.07630522088353414
0.0
0.04153354632587859
0.0
0.0
0.033846153846153845
0.0
0.0
0.027073485174043833
0.08868378812199038
0.0
0.24076106842297842
0.0
0.0
0.0
0.0
0.37325038880248834
0.23976608187134502
0.047244094488188976
0.0
0.020194174757281552
0.10762331838565023
0.0
0.02996742671009772
0.0
0.0
0.01639344262295082
0.35581245985870263
0.0
0.0
0.21788502484031227
0.21800779865295994
0.2713178294573643
0.0
0.0
0.02509907529722589
0.0
0.23976608187134502
0.029333333333333333
0.0
0.0
0.0
0.0
0.02091152815013405
0.12313240597630087
0.07630522088353414
0.2713178294573643
0.029490616621983913
0.2713178294573643
0.10453920220082531
0.0
0.0
0.04562334217506631
0.029322162985529324
0.022727272727272728
0.0
0.08868378812199038
0.0
0.0
0.0
0.02993304450571091
0.028963414634146343
0.12512716174974567
0.0
0.028963414634146343
0.0
0.0
0.0
0.0990623726049735
0.022222222222222223
0.0
0.017552657973921765
0.019365250134480903
0.0
0.0
0.0
0.01571832756994656
0.0
0.0
0.0
0.022546419098143235
0.12330905306971904
0.03139717425431711
0.40138109624514456
0.032299192520186995
0.0
0.028963414634146343
0.0989816700610998
0.0927956147220047
0.10762331838565023
0.0
0.0
0.0
0.0
0.029333333333333333
0.0
0.023114355231143552
0.0
0.017126546146527116
0.0
0.0
0.0
0.0
0.0
0.0
0.0
0.0
0.0
0.0
0.2911255411255411
0.0
0.0
0.0
0.0
0.30872959545777146
0.013172338090010977
0.028963414634146343
0.0
0.0
0.0
0.028963414634146343
0.23965651834504292
0.022318214542836574
0.0
0.0
0.029322162985529324
0.14118564742589704
0.14280140460397972
0.0
0.0
0.0
0.0
0.04581779435269046
0.023593466424682397
0.03346543372963452
0.0
0.0
0.01571832756994656
0.0
0.0
0.0
0.2661465106198526
0.11165523996082272
0.0
0.0
0.0
0.0
0.0
0.027805362462760674
0.028963414634146343
0.0
0.050904219691895514
0.0
0.0
0.0
0.0
0.02355072463768116
0.0
0.028963414634146343
0.03652090341182124
0.017552657973921765
0.0
0.0
0.04562334217506631
0.0
0.028963414634146343
0.0
0.10453920220082531
0.04974874371859297
0.0
0.0
0.0
0.03537117903930131
0.0
0.028677150786308975
0.0
0.0
0.0
0.10363457760314342
0.026160889470241987
0.028963414634146343
0.0
0.028963414634146343
0.0
0.23976608187134502
0.0989413680781759
0.0
0.12544987146529563
0.0
0.0
0.0
0.0
0.0
0.0
0.0
0.06909239574816026
0.0
0.03344671201814059
0.022727272727272728
0.0
0.0
0.0
0.026298487836949377
0.0
0.022975301550832855
0.03888280394304491
0.028963414634146343
0.11286347954657466
0.020157756354075372
0.23976608187134502
0.0
0.03681392235609103
0.012557555462536627
0.05663189269746647
0.023944549464398234
0.0
0.02126607319485658
0.0
0.028963414634146343
0.0
0.0
0.0
0.0
0.029606544604596805
0.024351169496956104
0.0
0.023944549464398234
0.10453920220082531
0.028963414634146343
0.26646447140381285
0.029322162985529324
0.0
0.0
0.028963414634146343
0.11062378167641325
0.026160889470241987
0.24496124031007752
0.0
0.0
0.03007518796992481
0.00976933514246947
0.06501283147989735
0.0
0.0
0.0
0.0
0.0
0.03604036520903412
0.0
0.0
0.01813633520950594
0.26637744034707156
0.0
0.0
0.026188835286009647
0.07500741179958494
0.0
0.0
0.035838725734196115
0.10398009950248756
0.0
0.10762331838565023
0.028963414634146343
0.0
0.0
0.024351169496956104
0.12245961438249088
0.02181271154569387
0.0
0.017552657973921765
0.028963414634146343
0.08648431214802896
