0.1394395078605605
0.3127771060056429
0.13685932388222466
0.5794979079497908
0.1594296824368114
0.0843731431966726
0.3706581352833638
0.21547799696509864
0.08442330558858502
0.08439821693907876
0.320973348783314
0.5801047120418849
0.5794979079497908
0.21515151515151515
0.2896494156928214
0.37015061615700595
0.5788923719958202
0.2907563025210084
0.1394395078605605
0.5801047120418849
0.13948717948717948
0.24891101431238333
0.5794979079497908
0.29109159347553326
0.2513550135501355
0.16931540342298287
0.27993936331480546
0.19401444788441694
0.3706581352833638
0.13948717948717948
0.38846966495623303
0.2158490566037736
0.1750563486100676
0.2795156407669021
0.1394395078605605
0.1181632056156771
0.13948717948717948
0.320973348783314
0.30454312114989734
0.5794979079497908
0.13948717948717948
0.30333988212180746
0.3045822102425876
0.22601544978818838
0.1394395078605605
0.13948717948717948
0.320973348783314
0.09594822734946538
0.39145352464129757
0.3815413891531874
0.3373115577889447
0.38867009996970614
0.5801047120418849
0.2896494156928214
0.42347560975609755
0.5788923719958202
0.37015061615700595
0.14933333333333335
0.1512677266867211
0.3704888076747373
0.13948717948717948
0.3908692933083177
0.4551553672316384
0.32115942028985506
0.1743222891566265
0.320973348783314
0.24270399047051816
0.9306930693069307
0.29010806317539484
0.3704888076747373
0.36268574573472756
0.320973348783314
0.3373115577889447
0.5799373040752351
0.13948717948717948
0.3373115577889447
0.2795156407669021
0.3368883312421581
0.32136653155761435
0.13283740701381508
0.3373115577889447
0.3373115577889447
0.10092095165003838
0.3979314099074578
0.3815413891531874
0.32115942028985506
0.15085264538696982
0.16854401335002087
0.22648213951748644
0.19421487603305784
0.32078749276201507
0.3815413891531874
0.3704888076747373
0.2931701030927835
0.21531463229719486
0.30343737653101543
0.3815413891531874
0.30355731225296445
0.2528127068166777
0.6129597197898424
0.3264150943396226
0.3954326923076923
0.2528127068166777
0.3261480787253983
0.41525716258198136
0.3370998116760829
0.27150837988826815
0.3815413891531874
0.5801047120418849
0.3036978756884343
0.3798239675016926
0.3458904109589041
0.22603933283544933
0.10764474423833614
0.3704888076747373
0.3213457076566125
0.29132231404958675
0.21531463229719486
0.2602001539645881
0.3706581352833638
0.3373115577889447
0.5801047120418849
0.3370998116760829
0.32078749276201507
0.3706581352833638
0.32078749276201507
0.3373115577889447
0.08786364972083456
0.13948717948717948
0.3370998116760829
0.34292565947242204
0.09501112170320941
0.08439821693907876
0.5801047120418849
0.13948717948717948
0.25298013245033113
0.10038167938931297
0.19381443298969073
0.21531463229719486
0.3815413891531874
0.5801047120418849
0.36052141527001863
0.41534208707671044
0.3373115577889447
0.24270399047051816
0.3370998116760829
0.3815413891531874
0.5801047120418849
0.5788923719958202
0.5799373040752351
0.2029081295439524
0.3373115577889447
0.08439821693907876
0.19421487603305784
0.3373115577889447
0.2615499254843517
0.16666666666666666
0.13948717948717948
0.388097024256064
0.25298013245033113
0.3706581352833638
0.14466904478795084
0.3259953161592506
0.17288914417001724
0.13948717948717948
0.5794979079497908
0.5801047120418849
0.21660377358490565
0.3849021435228332
0.5793319415448852
0.3815873015873016
0.3237704918032787
0.320973348783314
0.13259471050750535
0.3370998116760829
0.37015061615700595
0.29132231404958675
0.32115942028985506
0.21547799696509864
0.32115942028985506
0.3373115577889447
0.2026542324246772
0.26200378071833647
0.13264850379633766
0.3815413891531874
0.32115942028985506
0.4583879423328965
0.13948717948717948
0.13948717948717948
0.09473684210526316
0.2669172932330827
0.320973348783314
0.13948717948717948
0.32115942028985506
0.41534208707671044
0.13948717948717948
0.3373115577889447
0.3815413891531874
0.25298013245033113
0.16543665436654367
0.2029081295439524
0.3045822102425876
0.2845111680703039
0.3211805555555556
0.2528127068166777
0.3036978756884343
0.11638700464119957
0.4163934426229508
0.2264669163545568
0.3373115577889447
0.19401444788441694
0.37031963470319634
0.2985283812193413
0.3373115577889447
0.1365614798694233
0.3147109577221743
0.32344890510948904
0.2800808897876643
0.41540055248618785
0.3373115577889447
0.3039176889592402
0.3815413891531874
0.08783783783783784
0.38846966495623303
0.3908692933083177
0.5801047120418849
0.27993936331480546
0.3059668012561687
0.3370998116760829
0.2899036447423544
0.1335941866964785
0.39294330518697224
0.3704888076747373
0.41475826972010177
0.3815873015873016
0.08439821693907876
0.29065888240200166
0.30333988212180746
0.3137325206167085
0.10764474423833614
0.3908692933083177
0.3535437430786268
0.2264669163545568
0.3815413891531874
0.5794979079497908
0.30454312114989734
0.08442330558858502
0.32115942028985506
0.19421487603305784
0.3706581352833638
0.5794979079497908
0.41540055248618785
0.42360475754803295
0.3815413891531874
0.5794979079497908
0.13948717948717948
0.5794979079497908
0.2801615345784957
0.3373115577889447
0.16635859519408502
0.320973348783314
0.5799373040752351
0.3373115577889447
0.37231182795698925
0.3317226383184344
0.33629509962304793
0.3704888076747373
0.5788923719958202
0.32078749276201507
0.5799373040752351
0.2528127068166777
0.3706581352833638
0.13948717948717948
0.5794979079497908
0.30355731225296445
0.45298507462686566
0.3453164556962025
0.13948717948717948
0.3706581352833638
0.24404272801972063
0.3373115577889447
0.1394700139470014
0.13948717948717948
0.3706581352833638
0.19421487603305784
0.38867009996970614
0.5801047120418849
0.32115942028985506
0.38447262604392207
0.3815413891531874
0.3261480787253983
0.1181977764774722
0.11638700464119957
0.5801047120418849
0.32078749276201507
0.5794979079497908
0.5794979079497908
0.16717193590298832
0.9353233830845771
0.32115942028985506
0.13948717948717948
0.2629310344827586
0.33611410118406887
0.37031963470319634
0.5801047120418849
0.3706581352833638
0.3370998116760829
0.320973348783314
0.320973348783314
0.3373115577889447
0.320973348783314
0.3209947946790052
0.16864459712679575
0.30343737653101543
0.3045822102425876
0.3216123499142367
0.09442491210447011
0.19988031119090366
0.5801047120418849
0.16854401335002087
0.1870824053452116
0.3036978756884343
0.08439821693907876
0.19293478260869565
0.3373115577889447
0.3536478171696455
0.1394700139470014
0.3373115577889447
0.15239532251980384
0.08442330558858502
0.6863157894736842
0.38915218536071616
0.21515151515151515
0.4154856550293813
0.08442330558858502
0.3706581352833638
0.30441640378548895
0.1387822270981898
0.3704888076747373
0.202863436123348
0.13338658146964857
0.37031963470319634
0.3373115577889447
0.326137963397466
0.2480049109883364
0.3704888076747373
0.29132231404958675
0.15997409326424872
0.5801047120418849
0.09473684210526316
0.5799373040752351
0.5794979079497908
0.3370998116760829
0.09442491210447011
0.320973348783314
0.13283740701381508
0.13948717948717948
0.3370998116760829
0.5801047120418849
0.13948717948717948
0.3370998116760829
0.3370998116760829
0.36679890143423866
0.25298013245033113
0.41534208707671044
0.3924017694509498
0.3704888076747373
0.3370998116760829
0.19421487603305784
0.5801047120418849
0.1335941866964785
0.3370998116760829
0.3370998116760829
0.3261480787253983
0.2480049109883364
0.3886105984708674
0.2673545966228893
0.08439821693907876
0.09689162699523943
0.31510322346975733
0.2477751756440281
0.13948717948717948
0.29034941763727123
0.1401911697769686
0.1500441306266549
0.21129170230966637
0.10764474423833614
0.30467216332940716
0.3045822102425876
0.9886792452830189
0.13493312352478362
0.09478435305917753
0.5813221406086044
0.26095487246566385
0.2026542324246772
0.5794979079497908
0.36679890143423866
0.21531463229719486
0.5801047120418849
0.09478435305917753
0.3370998116760829
0.4158241758241758
0.3815413891531874
0.2748159057437408
0.32115942028985506
0.13259471050750535
0.30355731225296445
0.5801047120418849
0.32253649635036497
0.22648213951748644
0.3704888076747373
0.38776739981922265
0.48556005398110663
0.3370998116760829
0.21515151515151515
0.3523361739641493
0.3528894103842769
0.41534208707671044
0.5793319415448852
0.320973348783314
0.10297691373025517
0.3211805555555556
0.3815413891531874
0.13948717948717948
0.3704888076747373
0.3370998116760829
0.32115942028985506
0.5801047120418849
0.14030131826741996
0.2896494156928214
0.21129170230966637
0.41534208707671044
0.1389748882008944
0.41534208707671044
0.27150837988826815
0.5801047120418849
0.3706581352833638
0.3036978756884343
0.1394395078605605
0.24270399047051816
0.3370998116760829
0.2026542324246772
0.08439821693907876
0.08439821693907876
0.3370998116760829
0.1089001447178003
0.13948717948717948
0.2887877534133223
0.37015061615700595
0.13948717948717948
0.5794979079497908
0.21531463229719486
0.37015061615700595
0.2513550135501355
0.29132231404958675
0.3370998116760829
0.285140562248996
0.1392823418319169
0.37015061615700595
0.3373115577889447
0.3373115577889447
0.2264669163545568
0.3368883312421581
0.3706581352833638
0.320973348783314
0.2597924338801473
0.2910699241786015
0.1394700139470014
0.45419309372797745
0.15245283018867925
0.320973348783314
0.13948717948717948
0.2521974306964165
0.36198347107438017
0.30355731225296445
0.32078749276201507
0.320973348783314
0.2669172932330827
0.08439821693907876
0.13948717948717948
0.3370998116760829
0.09594822734946538
0.3045822102425876
0.22257300710339384
0.08439821693907876
0.5801047120418849
0.5801047120418849
0.21660377358490565
0.5831578947368421
0.19401444788441694
0.32136653155761435
0.3373115577889447
0.25298013245033113
0.5793319415448852
0.3245546088303641
0.5801047120418849
0.25298013245033113
0.2801615345784957
0.32078749276201507
0.3908692933083177
0.17441140024783147
0.13948717948717948
0.3368883312421581
0.3373115577889447
0.3706581352833638
0.13948717948717948
0.3908692933083177
0.16646115906288533
0.9306930693069307
0.37031963470319634
0.1394395078605605
0.3548198066217404
0.3535116074052307
0.19401444788441694
0.3706581352833638
0.08439821693907876
0.19401444788441694
0.30355731225296445
0.1378755364806867
0.1750563486100676
0.21515151515151515
0.08439821693907876
0.2264669163545568
0.5799373040752351
0.3370998116760829
0.19401444788441694
0.41540055248618785
0.32142857142857145
0.08442330558858502
0.08439821693907876
0.3373115577889447
0.5801047120418849
0.3370998116760829
0.20992676973148902
0.13948717948717948
0.3368883312421581
0.17037470725995316
0.37031963470319634
0.08439821693907876
0.3706581352833638
0.3211805555555556
0.24753867791842477
0.5787278415015641
0.13948717948717948
0.15133276010318142
0.285140562248996
0.3370998116760829
0.08442330558858502
0.3036978756884343
0.5794979079497908
0.13948717948717948
0.3373115577889447
0.27150837988826815
0.2845111680703039
0.320973348783314
0.32115942028985506
0.32115942028985506
0.25144018976618093
0.5794979079497908
0.26004228329809725
0.25298013245033113
0.5794979079497908
0.08439821693907876
0.3047430830039526
0.3237704918032787
0.13948717948717948
0.32115942028985506
0.13948717948717948
0.3706581352833638
0.3815413891531874
0.25109983079526227
0.5788923719958202
0.28929765886287623
0.5813221406086044
0.1613861386138614
0.09478435305917753
0.32115942028985506
0.3373115577889447
0.21515151515151515
0.5801047120418849
0.20335954253037883
0.5794979079497908
0.16881827209533268
0.24270399047051816
0.3368883312421581
0.3706581352833638
0.5794979079497908
0.32371794871794873
0.16172106824925817
0.36130974783590514
0.3043298969072165
0.13948717948717948
0.30479183032207385
0.1466252909231963
0.3815413891531874
0.3370998116760829
0.3259953161592506
0.10259344012204424
0.2483262325015216
0.21953675730110775
0.3706581352833638
0.1644425312096427
0.19421487603305784
0.13948717948717948
0.3370998116760829
0.2800808897876643
0.3704888076747373
0.3706581352833638
0.11638700464119957
0.1181977764774722
0.25298013245033113
0.21953675730110775
0.27150837988826815
0.13948717948717948
0.41540055248618785
0.1394395078605605
0.3704888076747373
0.3370998116760829
0.13948717948717948
0.3047430830039526
0.3237704918032787
0.3815873015873016
0.320973348783314
0.9306930693069307
0.12397284744551626
0.2029081295439524
0.331055900621118
0.2528127068166777
0.3706581352833638
0.3370998116760829
0.2800808897876643
0.9261083743842364
0.1512677266867211
0.320973348783314
0.3373115577889447
0.22603933283544933
0.4154856550293813
0.19421487603305784
0.3373115577889447
0.09131832797427653
0.30630429939852977
0.3373115577889447
0.3706581352833638
0.2079002079002079
0.3044846577498033
0.5794979079497908
0.30355731225296445
0.13948717948717948
0.5825446898002103
0.320973348783314
0.1181977764774722
0.29124579124579125
0.09128065395095368
0.3704888076747373
0.285140562248996
0.13948717948717948
0.2026542324246772
