0.014688828759180539
0.010136113524471524
0.009031454375583947
0.0
0.02257336343115124
0.0
0.0
0.0
0.0
0.0
0.0
0.0
0.0
0.0
0.06560527038155362
0.0
0.0
0.0669988925802879
0.014879227053140043
0.0
0.014694508894044889
0.029780564263322873
0.0
0.013411078717201153
0.01052160286545778
0.01983411467724483
0.0
0.0
0.0
0.014694508894044889
0.01883194278903455
0.0
0.017017465293327372
0.0
0.014879227053140043
0.012321660181582317
0.014694508894044889
0.0
0.0
0.0
0.014694508894044889
0.023306233062330595
0.0
0.008528111181301368
0.014879227053140043
0.014694508894044889
0.0
0.011692307692307669
0.18223711772098872
0.13926285588170384
0.0
0.008335317932841146
0.0
0.06560527038155362
0.23003003003002997
0.0
0.0
0.014948061819103131
0.018590998043052864
0.0
0.014694508894044889
0.13595032157906406
0.24986420423682776
0.0
0.03734622144112476
0.0
0.011494252873563204
0.0
0.06538987688098497
0.0
0.04775568764090998
0.0
0.0
0.0
0.014694508894044889
0.0
0.0
0.0
0.0
0.011562998405103664
0.0
0.0
0.006990044482101276
0.15651085141903176
0.1823899371069182
0.0
0.019191919191919204
0.015092502434274624
0.0
0.0
0.0
0.1362126245847176
0.0
0.06279912980420599
0.0
0.056842105263157916
0.1362126245847176
0.05712029481442482
0.0
0.0
0.02026794915836483
0.13462769362065286
0.0
0.020129648584100934
0.15679442508710806
0.0
0.055152394775036306
0.1362126245847176
0.0
0.023344191096634104
0.040000000000000036
0.08132701421800947
0.009463722397476393
0.0
0.0
0.0
0.012374100719424463
0.0
0.018802572983671495
0.0
0.0
0.0
0.0
0.0
0.0
0.0
0.0
0.0
0.014694508894044889
0.0
0.10082041932543295
0.0
0.0
0.0
0.014694508894044889
0.0
0.006948831332912242
0.0
0.0
0.1362126245847176
0.0
0.14385440039890307
0.15695067264573992
0.0
0.011494252873563204
0.0
0.13926285588170384
0.0
0.0
0.0
0.006534168254832551
0.0
0.0
0.0
0.0
0.0
0.009072580645161255
0.014694508894044889
0.014722975590856224
0.0
0.0
0.008137432188065064
0.013369900582790528
0.025710419485791558
0.014694508894044889
0.0
0.0
0.0
0.15420760358821017
0.0
0.13919575784357052
0.013253810470510219
0.0
0.010200078462141993
0.0
0.0
0.012374100719424463
0.0
0.0
0.0
0.0
0.04519655244902254
0.014653865588681203
0.019191919191919204
0.1362126245847176
0.0
0.2495471014492754
0.014694508894044889
0.014884979702300405
0.0
0.0
0.0
0.014694508894044889
0.0
0.15695067264573992
0.014884979702300405
0.0
0.1362126245847176
0.0
0.010144927536231862
0.006534168254832551
0.0
0.008871989860583018
0.0
0.0
0.023344191096634104
0.015025701858442098
0.09359605911330049
0.00792141951837766
0.0
0.0
0.0
0.011579206701157974
0.0
0.009009009009009028
0.19191024505462062
0.011265738899933764
0.0
0.20441729323308266
0.0
0.05696202531645567
0.1362126245847176
0.0
0.01883194278903455
0.13614190687361416
0.0
0.0
0.0
0.0
0.013986013986013957
0.008951406649616356
0.16194837635303916
0.0
0.0
0.13919575784357052
0.0
0.06443652316972859
0.023306233062330595
0.05820860061772393
0.0
0.13614190687361416
0.18597348220516396
0.00792141951837766
0.1362126245847176
0.0
0.0
0.0
0.0
0.0
0.0
0.0
0.20441729323308266
0.2302763315979175
0.1362126245847176
0.0
0.014694508894044889
0.0
0.0
0.0
0.011644832605531286
0.0
0.0
0.0
0.1486527399333939
0.10932475884244375
0.15043942788212994
0.0
0.0
0.0
0.0
0.0
0.0
0.014884979702300405
0.0
0.05529225908372826
0.22758259045621398
0.0
0.014694508894044889
0.0
0.039665970772442605
0.0
0.01594896331738438
0.014694508894044889
0.0
0.0
0.008335317932841146
0.0
0.0
0.1535516801361123
0.1362126245847176
0.012023359670216394
0.012325656827765208
0.015025701858442098
0.0
0.0
0.0
0.0
0.018724696356275272
0.0
0.0
0.014694508894044889
0.02834868887313957
0.15106675843083273
0.0
0.0
0.0
0.0
0.0
0.0
0.0
0.0
0.0
0.011477230655312809
0.056842105263157916
0.0
0.08049985469340304
0.0
0.012390670553935834
0.0
0.01557177615571781
0.028738690792974975
0.02228260869565213
0.0
0.009292351679771271
0.0
0.07524627960595265
0.01594896331738438
0.0
0.016832110487699614
0.0
0.0
0.1497448530705613
0.0
0.1536536536536537
0.0
0.0
0.054985530123651705
0.009439899307740696
0.0
0.004907306434024039
0.014078110808356081
0.0
0.0
0.04970178926441349
0.029366306027820754
0.0
0.012374100719424463
0.010662604722010638
0.0
0.0
0.0
0.0
0.0
0.0
0.0
0.011562998405103664
0.014694508894044889
0.0
0.0
0.014694508894044889
0.0
0.0
0.13685524126455906
0.0
0.15695067264573992
0.015397082658022643
0.0
0.0
0.0
0.0
0.008951406649616356
0.0
0.0
0.012023359670216394
0.029366306027820754
0.1521853607161664
0.0
0.0
0.011652867218644558
0.011877685114986103
0.014952700640829986
0.014694508894044889
0.01389693109438328
0.018711018711018657
0.014857718458826441
0.039665970772442605
0.0
0.021207177814029365
0.0
0.0
0.017214397496087663
0.0
0.0
0.013722500544543714
0.04639932815452441
0.0
0.13685524126455906
0.0
0.0
0.0
0.0
0.22944550669216057
0.1362126245847176
0.024193548387096753
0.0
0.010200078462141993
0.056872037914691975
0.0
0.015211640211640232
0.0
0.0
0.008264462809917328
0.21640625000000002
0.0
0.0
0.12226204699322973
0.12233936741595386
0.15695067264573992
0.0
0.0
0.012709030100334417
0.0
0.1362126245847176
0.014884979702300405
0.0
0.0
0.0
0.0
0.01056624221078295
0.06560527038155362
0.039665970772442605
0.15695067264573992
0.014965986394557818
0.15695067264573992
0.055152394775036306
0.0
0.0
0.023344191096634104
0.014879227053140043
0.011494252873563204
0.0
0.04639932815452441
0.0
0.0
0.0
0.015193922431027573
0.014694508894044889
0.06673901247965275
0.0
0.014694508894044889
0.0
0.0
0.0
0.052112374008149276
0.011235955056179803
0.0
0.008854034910194764
0.00977729494839763
0.0
0.0
0.0
0.00792141951837766
0.0
0.0
0.0
0.011401743796110031
0.06570557249792075
0.01594896331738438
0.2510799136069114
0.01641468682505398
0.0
0.014694508894044889
0.05206770944932504
0.048655306918497176
0.056872037914691975
0.0
0.0
0.0
0.0
0.014884979702300405
0.0
0.011692307692307669
0.0
0.008637236084452993
0.0
0.0
0.0
0.0
0.0
0.0
0.0
0.0
0.0
0.0
0.17036098796706778
0.0
0.0
0.0
0.0
0.18254301300881237
0.006629834254143652
0.014694508894044889
0.0
0.0
0.0
0.014694508894044889
0.13614190687361416
0.011285038223516564
0.0
0.0
0.014879227053140043
0.07595467897608055
0.07689075630252096
0.0
0.0
0.0
0.0
0.023446019629225767
0.011937557392102893
0.017017465293327372
0.0
0.0
0.00792141951837766
0.0
0.0
0.0
0.15349999999999997
0.0591286307053942
0.0
0.0
0.0
0.0
0.0
0.014098690835850913
0.014694508894044889
0.0
0.026116838487972527
0.0
0.0
0.0
0.0
0.01191567369385882
0.0
0.014694508894044889
0.018600097895252077
0.008854034910194764
0.0
0.0
0.023344191096634104
0.0
0.014694508894044889
0.0
0.055152394775036306
0.025508889461479
0.0
0.0
0.0
0.01800400088908649
0.0
0.014547160957297023
0.0
0.0
0.0
0.054649054649054674
0.013253810470510219
0.014694508894044889
0.0
0.014694508894044889
0.0
0.1362126245847176
0.05204540586849438
0.0
0.06692265496434446
0.0
0.0
0.0
0.0
0.0
0.0
0.0
0.03578234173195005
0.0
0.017007783222830808
0.011494252873563204
0.0
0.0
0.0
0.01332445036642238
0.0
0.01162115049389889
0.01982686400446798
0.014694508894044889
0.05980673805171066
0.010181496237273158
0.1362126245847176
0.0
0.018752130923968657
0.006318449873630949
0.02914110429447858
0.01211734693877553
0.0
0.010747313171707074
0.0
0.014694508894044889
0.0
0.0
0.0
0.0
0.015025701858442098
0.012325656827765208
0.0
0.01211734693877553
0.055152394775036306
0.014694508894044889
0.15371157210697328
0.014879227053140043
0.0
0.0
0.014694508894044889
0.05855042558679391
0.013253810470510219
0.13957597173144876
0.0
0.0
0.01526717557251911
0.004908644668666473
0.03359858532272331
0.0
0.0
0.0
0.0
0.0
0.01835086860778079
0.0
0.0
0.009151151782896827
0.1536536536536537
0.0
0.0
0.013268156424581012
0.03896503927306327
0.0
0.0
0.018246325392802798
0.05484124901600629
0.0
0.056872037914691975
0.014694508894044889
0.0
0.0
0.012325656827765208
0.06522342492367472
0.011026615969581766
0.0
0.008854034910194764
0.014694508894044889
0.04519655244902254
