0.13943950786056047
0.3127771060056429
0.13685932388222466
0.5794979079497908
0.15942968243681144
0.08437314319667266
0.3706581352833638
0.21547799696509862
0.08442330558858502
0.08439821693907879
0.32097334878331407
0.5801047120418847
0.5794979079497908
0.2151515151515152
0.2896494156928213
0.37015061615700595
0.5788923719958203
0.29075630252100837
0.13943950786056047
0.5801047120418847
0.13948717948717948
0.24891101431238327
0.5794979079497908
0.29109159347553326
0.25135501355013545
0.1693154034229829
0.2799393633148055
0.1940144478844169
0.3706581352833638
0.13948717948717948
0.38846966495623303
0.21584905660377363
0.17505634861006758
0.27951564076690216
0.13943950786056047
0.11816320561567706
0.13948717948717948
0.32097334878331407
0.30454312114989734
0.5794979079497908
0.13948717948717948
0.3033398821218075
0.3045822102425876
0.22601544978818844
0.13943950786056047
0.13948717948717948
0.32097334878331407
0.0959482273494654
0.39145352464129757
0.38154138915318747
0.3373115577889447
0.38867009996970614
0.5801047120418847
0.2896494156928213
0.42347560975609755
0.5788923719958203
0.37015061615700595
0.14933333333333332
0.15126772668672106
0.37048880767473735
0.13948717948717948
0.39086929330831766
0.4551553672316384
0.3211594202898551
0.1743222891566265
0.32097334878331407
0.24270399047051816
0.9306930693069306
0.29010806317539484
0.37048880767473735
0.36268574573472756
0.32097334878331407
0.3373115577889447
0.5799373040752351
0.13948717948717948
0.3373115577889447
0.27951564076690216
0.3368883312421581
0.3213665315576144
0.13283740701381508
0.3373115577889447
0.3373115577889447
0.10092095165003834
0.3979314099074578
0.38154138915318747
0.3211594202898551
0.15085264538696985
0.1685440133500209
0.2264821395174864
0.19421487603305787
0.320787492762015
0.38154138915318747
0.37048880767473735
0.29317010309278346
0.21531463229719483
0.30343737653101543
0.38154138915318747
0.30355731225296445
0.25281270681667767
0.6129597197898424
0.3264150943396227
0.3954326923076923
0.25281270681667767
0.3261480787253983
0.4152571625819813
0.33709981167608283
0.27150837988826815
0.38154138915318747
0.5801047120418847
0.3036978756884343
0.37982396750169267
0.34589041095890416
0.2260393328354493
0.10764474423833614
0.37048880767473735
0.3213457076566125
0.29132231404958675
0.21531463229719483
0.2602001539645882
0.3706581352833638
0.3373115577889447
0.5801047120418847
0.33709981167608283
0.320787492762015
0.3706581352833638
0.320787492762015
0.3373115577889447
0.0878636497208346
0.13948717948717948
0.33709981167608283
0.34292565947242204
0.09501112170320936
0.08439821693907879
0.5801047120418847
0.13948717948717948
0.25298013245033113
0.10038167938931297
0.1938144329896907
0.21531463229719483
0.38154138915318747
0.5801047120418847
0.3605214152700186
0.4153420870767104
0.3373115577889447
0.24270399047051816
0.33709981167608283
0.38154138915318747
0.5801047120418847
0.5788923719958203
0.5799373040752351
0.20290812954395243
0.3373115577889447
0.08439821693907879
0.19421487603305787
0.3373115577889447
0.26154992548435174
0.16666666666666663
0.13948717948717948
0.38809702425606407
0.25298013245033113
0.3706581352833638
0.14466904478795084
0.3259953161592506
0.17288914417001722
0.13948717948717948
0.5794979079497908
0.5801047120418847
0.21660377358490568
0.38490214352283314
0.5793319415448852
0.3815873015873016
0.32377049180327866
0.32097334878331407
0.13259471050750538
0.33709981167608283
0.37015061615700595
0.29132231404958675
0.3211594202898551
0.21547799696509862
0.3211594202898551
0.3373115577889447
0.20265423242467717
0.2620037807183365
0.13264850379633764
0.38154138915318747
0.3211594202898551
0.4583879423328965
0.13948717948717948
0.13948717948717948
0.09473684210526312
0.26691729323308266
0.32097334878331407
0.13948717948717948
0.3211594202898551
0.4153420870767104
0.13948717948717948
0.3373115577889447
0.38154138915318747
0.25298013245033113
0.16543665436654365
0.20290812954395243
0.3045822102425876
0.28451116807030397
0.3211805555555556
0.25281270681667767
0.3036978756884343
0.11638700464119955
0.41639344262295086
0.22646691635455685
0.3373115577889447
0.1940144478844169
0.3703196347031964
0.2985283812193412
0.3373115577889447
0.13656147986942324
0.3147109577221743
0.3234489051094891
0.2800808897876643
0.4154005524861878
0.3373115577889447
0.3039176889592402
0.38154138915318747
0.08783783783783783
0.38846966495623303
0.39086929330831766
0.5801047120418847
0.2799393633148055
0.3059668012561687
0.33709981167608283
0.2899036447423544
0.1335941866964785
0.3929433051869723
0.37048880767473735
0.41475826972010177
0.3815873015873016
0.08439821693907879
0.29065888240200166
0.3033398821218075
0.31373252061670853
0.10764474423833614
0.39086929330831766
0.3535437430786268
0.22646691635455685
0.38154138915318747
0.5794979079497908
0.30454312114989734
0.08442330558858502
0.3211594202898551
0.19421487603305787
0.3706581352833638
0.5794979079497908
0.4154005524861878
0.42360475754803295
0.38154138915318747
0.5794979079497908
0.13948717948717948
0.5794979079497908
0.2801615345784957
0.3373115577889447
0.16635859519408502
0.32097334878331407
0.5799373040752351
0.3373115577889447
0.37231182795698925
0.3317226383184344
0.33629509962304793
0.37048880767473735
0.5788923719958203
0.320787492762015
0.5799373040752351
0.25281270681667767
0.3706581352833638
0.13948717948717948
0.5794979079497908
0.30355731225296445
0.45298507462686566
0.3453164556962025
0.13948717948717948
0.3706581352833638
0.2440427280197206
0.3373115577889447
0.13947001394700143
0.13948717948717948
0.3706581352833638
0.19421487603305787
0.38867009996970614
0.5801047120418847
0.3211594202898551
0.38447262604392207
0.38154138915318747
0.3261480787253983
0.1181977764774722
0.11638700464119955
0.5801047120418847
0.320787492762015
0.5794979079497908
0.5794979079497908
0.1671719359029883
0.9353233830845771
0.3211594202898551
0.13948717948717948
0.2629310344827587
0.3361141011840689
0.3703196347031964
0.5801047120418847
0.3706581352833638
0.33709981167608283
0.32097334878331407
0.32097334878331407
0.3373115577889447
0.32097334878331407
0.32099479467900516
0.1686445971267958
0.30343737653101543
0.3045822102425876
0.3216123499142367
0.09442491210447013
0.19988031119090366
0.5801047120418847
0.1685440133500209
0.1870824053452116
0.3036978756884343
0.08439821693907879
0.19293478260869568
0.3373115577889447
0.35364781716964544
0.13947001394700143
0.3373115577889447
0.1523953225198038
0.08442330558858502
0.6863157894736842
0.38915218536071616
0.2151515151515152
0.4154856550293813
0.08442330558858502
0.3706581352833638
0.30441640378548895
0.13878222709818977
0.37048880767473735
0.202863436123348
0.13338658146964855
0.3703196347031964
0.3373115577889447
0.3261379633974659
0.24800491098833644
0.37048880767473735
0.29132231404958675
0.15997409326424872
0.5801047120418847
0.09473684210526312
0.5799373040752351
0.5794979079497908
0.33709981167608283
0.09442491210447013
0.32097334878331407
0.13283740701381508
0.13948717948717948
0.33709981167608283
0.5801047120418847
0.13948717948717948
0.33709981167608283
0.33709981167608283
0.36679890143423866
0.25298013245033113
0.4153420870767104
0.39240176945094973
0.37048880767473735
0.33709981167608283
0.19421487603305787
0.5801047120418847
0.1335941866964785
0.33709981167608283
0.33709981167608283
0.3261480787253983
0.24800491098833644
0.38861059847086743
0.2673545966228893
0.08439821693907879
0.09689162699523945
0.3151032234697574
0.24777517564402807
0.13948717948717948
0.2903494176372712
0.14019116977696855
0.1500441306266549
0.21129170230966643
0.10764474423833614
0.30467216332940716
0.3045822102425876
0.9886792452830189
0.1349331235247836
0.09478435305917754
0.5813221406086044
0.26095487246566385
0.20265423242467717
0.5794979079497908
0.36679890143423866
0.21531463229719483
0.5801047120418847
0.09478435305917754
0.33709981167608283
0.41582417582417586
0.38154138915318747
0.2748159057437408
0.3211594202898551
0.13259471050750538
0.30355731225296445
0.5801047120418847
0.32253649635036497
0.2264821395174864
0.37048880767473735
0.3877673998192227
0.4855600539811066
0.33709981167608283
0.2151515151515152
0.3523361739641493
0.3528894103842769
0.4153420870767104
0.5793319415448852
0.32097334878331407
0.10297691373025519
0.3211805555555556
0.38154138915318747
0.13948717948717948
0.37048880767473735
0.33709981167608283
0.3211594202898551
0.5801047120418847
0.14030131826741998
0.2896494156928213
0.21129170230966643
0.4153420870767104
0.13897488820089443
0.4153420870767104
0.27150837988826815
0.5801047120418847
0.3706581352833638
0.3036978756884343
0.13943950786056047
0.24270399047051816
0.33709981167608283
0.20265423242467717
0.08439821693907879
0.08439821693907879
0.33709981167608283
0.1089001447178003
0.13948717948717948
0.2887877534133223
0.37015061615700595
0.13948717948717948
0.5794979079497908
0.21531463229719483
0.37015061615700595
0.25135501355013545
0.29132231404958675
0.33709981167608283
0.285140562248996
0.1392823418319169
0.37015061615700595
0.3373115577889447
0.3373115577889447
0.22646691635455685
0.3368883312421581
0.3706581352833638
0.32097334878331407
0.2597924338801473
0.29106992417860156
0.13947001394700143
0.45419309372797745
0.15245283018867928
0.32097334878331407
0.13948717948717948
0.25219743069641654
0.3619834710743801
0.30355731225296445
0.320787492762015
0.32097334878331407
0.26691729323308266
0.08439821693907879
0.13948717948717948
0.33709981167608283
0.0959482273494654
0.3045822102425876
0.2225730071033939
0.08439821693907879
0.5801047120418847
0.5801047120418847
0.21660377358490568
0.5831578947368421
0.1940144478844169
0.3213665315576144
0.3373115577889447
0.25298013245033113
0.5793319415448852
0.324554608830364
0.5801047120418847
0.25298013245033113
0.2801615345784957
0.320787492762015
0.39086929330831766
0.17441140024783153
0.13948717948717948
0.3368883312421581
0.3373115577889447
0.3706581352833638
0.13948717948717948
0.39086929330831766
0.16646115906288528
0.9306930693069306
0.3703196347031964
0.13943950786056047
0.3548198066217404
0.3535116074052307
0.1940144478844169
0.3706581352833638
0.08439821693907879
0.1940144478844169
0.30355731225296445
0.13787553648068673
0.17505634861006758
0.2151515151515152
0.08439821693907879
0.22646691635455685
0.5799373040752351
0.33709981167608283
0.1940144478844169
0.4154005524861878
0.3214285714285714
0.08442330558858502
0.08439821693907879
0.3373115577889447
0.5801047120418847
0.33709981167608283
0.20992676973148905
0.13948717948717948
0.3368883312421581
0.17037470725995318
0.3703196347031964
0.08439821693907879
0.3706581352833638
0.3211805555555556
0.24753867791842477
0.5787278415015642
0.13948717948717948
0.15133276010318142
0.285140562248996
0.33709981167608283
0.08442330558858502
0.3036978756884343
0.5794979079497908
0.13948717948717948
0.3373115577889447
0.27150837988826815
0.28451116807030397
0.32097334878331407
0.3211594202898551
0.3211594202898551
0.251440189766181
0.5794979079497908
0.2600422832980972
0.25298013245033113
0.5794979079497908
0.08439821693907879
0.3047430830039526
0.32377049180327866
0.13948717948717948
0.3211594202898551
0.13948717948717948
0.3706581352833638
0.38154138915318747
0.2510998307952622
0.5788923719958203
0.2892976588628763
0.5813221406086044
0.16138613861386142
0.09478435305917754
0.3211594202898551
0.3373115577889447
0.2151515151515152
0.5801047120418847
0.2033595425303788
0.5794979079497908
0.16881827209533262
0.24270399047051816
0.3368883312421581
0.3706581352833638
0.5794979079497908
0.3237179487179487
0.16172106824925814
0.3613097478359052
0.30432989690721646
0.13948717948717948
0.3047918303220738
0.14662529092319632
0.38154138915318747
0.33709981167608283
0.3259953161592506
0.10259344012204419
0.24832623250152164
0.21953675730110778
0.3706581352833638
0.1644425312096427
0.19421487603305787
0.13948717948717948
0.33709981167608283
0.2800808897876643
0.37048880767473735
0.3706581352833638
0.11638700464119955
0.1181977764774722
0.25298013245033113
0.21953675730110778
0.27150837988826815
0.13948717948717948
0.4154005524861878
0.13943950786056047
0.37048880767473735
0.33709981167608283
0.13948717948717948
0.3047430830039526
0.32377049180327866
0.3815873015873016
0.32097334878331407
0.9306930693069306
0.12397284744551629
0.20290812954395243
0.331055900621118
0.25281270681667767
0.3706581352833638
0.33709981167608283
0.2800808897876643
0.9261083743842364
0.15126772668672106
0.32097334878331407
0.3373115577889447
0.2260393328354493
0.4154856550293813
0.19421487603305787
0.3373115577889447
0.09131832797427653
0.30630429939852977
0.3373115577889447
0.3706581352833638
0.2079002079002079
0.30448465774980327
0.5794979079497908
0.30355731225296445
0.13948717948717948
0.5825446898002102
0.32097334878331407
0.1181977764774722
0.2912457912457912
0.09128065395095364
0.37048880767473735
0.285140562248996
0.13948717948717948
0.20265423242467717
