0.0
0.0
0.0
0.0
0.0
0.0
0.0
0.0
0.0
0.0
0.0
0.0
0.0
0.0
0.0
0.0
0.0
0.14726027397260277
0.0
0.0
0.0
0.0
0.0
0.0
0.0
0.0
0.0
0.0
0.0
0.15354107648725213
0.0
0.0
0.0
0.0
0.15876236368247532
0.0
0.15703335405013463
0.0
0.0
0.0
0.14726027397260277
0.0
0.0
0.0
0.0
0.0
0.0
0.0
0.0
0.0
0.0
0.0
0.0
0.14485353399623757
0.0
0.0
0.0
0.0
0.0
0.0
0.0
0.0
0.0
0.0
0.18519494204425713
0.0
0.0
0.0
0.0
0.16256830601092898
0.0
0.0
0.0
0.0
0.0
0.0
0.0
0.0
0.0
0.0
0.0
0.0
0.0
0.0
0.0
0.0
0.0
0.0
0.0
0.0
0.0
0.0
0.15354107648725213
0.0
0.0
0.0
0.0
0.0
0.0
0.0
0.0
0.0
0.0
0.0
0.0
0.0
0.0
0.0
0.0
0.0
0.0
0.0
0.0
0.0
0.0
0.0
0.0
0.0
0.0
0.0
0.0
0.0
0.0
0.0
0.0
0.0
0.0
0.0
0.0
0.0
0.1578947368421053
0.0
0.0
0.0
0.0
0.0
0.0
0.0
0.0
0.0
0.0
0.0
0.1490952006294256
0.0
0.0
0.0
0.0
0.0
0.17847821722545676
0.0
0.0
0.0
0.0
0.0
0.0
0.0
0.16215477167076842
0.0
0.0
0.0
0.0
0.0
0.0
0.0
0.0
0.0
0.0
0.0
0.0
0.15785054575986568
0.0
0.0
0.0
0.0
0.0
0.0
0.0
0.0
0.0
0.0
0.0
0.0
0.0
0.0
0.0
0.0
0.0
0.0
0.1833683105981112
0.0
0.0
0.0
0.0
0.0
0.0
0.0
0.0
0.0
0.0
0.0
0.1524511192972513
0.0
0.0
0.0
0.0
0.0
0.0
0.0
0.0
0.0
0.0
0.0
0.0
0.0
0.0
0.0
0.0
0.0
0.0
0.15845464725643899
0.0
0.0
0.0
0.15593032900193526
0.17847821722545676
0.0
0.0
0.0
0.0
0.0
0.0
0.0
0.0
0.0
0.0
0.0
0.0
0.0
0.0
0.0
0.0
0.0
0.0
0.0
0.0
0.0
0.0
0.0
0.0
0.0
0.0
0.0
0.0
0.0
0.0
0.0
0.0
0.0
0.0
0.0
0.0
0.0
0.0
0.0
0.0
0.0
0.0
0.0
0.0
0.0
0.0
0.0
0.0
0.0
0.0
0.146455466112698
0.0
0.0
0.0
0.15148971884179607
0.0
0.0
0.0
0.0
0.0
0.0
0.0
0.0
0.0
0.0
0.0
0.0
0.0
0.0
0.0
0.146689497716895
0.0
0.0
0.0
0.0
0.0
0.0
0.0
0.0
0.0
0.0
0.0
0.0
0.0
0.0
0.0
0.0
0.0
0.0
0.0
0.0
0.0
0.0
0.0
0.14508748317631226
0.13115603939865217
0.0
0.0
0.0
0.0
0.0
0.0
0.0
0.0
0.0
0.0
0.0
0.0
0.0
0.0
0.0
0.0
0.0
0.0
0.16892570281124497
0.0
0.0
0.0
0.0
0.0
0.0
0.0
0.0
0.0
0.0
0.0
0.0
0.0
0.0
0.0
0.16892570281124497
0.0
0.0
0.0
0.0
0.0
0.0
0.0
0.0
0.0
0.0
0.19490344415687832
0.0
0.0
0.0
0.0
0.0
0.1524511192972513
0.0
0.0
0.0
0.0
0.0
0.0
0.0
0.0
0.0
0.0
0.0
0.0
0.0
0.0
0.0
0.0
0.0
0.0
0.0
0.0
0.0
0.0
0.0
0.0
0.0
0.0
0.0
0.0
0.0
0.0
0.0
0.0
0.0
0.0
0.0
0.0
0.0
0.0
0.0
0.0
0.0
0.0
0.14726027397260277
0.0
0.0
0.0
0.0
0.0
0.0
0.0
0.0
0.0
0.0
0.0
0.0
0.0
0.0
0.0
0.0
0.0
0.0
0.0
0.0
0.0
0.0
0.0
0.0
0.0
0.14783105022831056
0.18519494204425713
0.0
0.0
0.0
0.0
0.0
0.0
0.0
0.0
0.07134703196347036
0.16268486916951086
0.17847821722545676
0.0
0.0
0.0
0.0
0.0
0.0
0.0
0.0
0.0
0.0
0.0
0.0
0.0
0.0
0.0
0.0
0.0
0.18623570800351807
0.0
0.0
0.0
0.0
0.0
0.15703335405013463
0.0
0.0
0.0
0.0
0.0
0.0
0.0
0.0
0.0
0.0
0.14783105022831056
0.17504973003694235
0.0
0.0
0.0
0.0
0.0
0.0
0.0
0.15703335405013463
0.0
0.0
0.0
0.0
0.0
0.0
0.0
0.1490952006294256
0.0
0.0
0.0
0.1490952006294256
0.0
0.0
0.0
0.0
0.0
0.0
0.0
0.0
0.0
0.0
0.0
0.0
0.0
0.0
0.0
0.0
0.0
0.0
0.0
0.0
0.0
0.0
0.0
0.0
0.0
0.0
0.0
0.0
0.0
0.0
0.0
0.0
0.0
0.1519407558733401
0.0
0.0
0.0
0.2384823848238482
0.0
0.0
0.0
0.14380979994201215
0.0
0.0
0.0
0.0
0.0
0.0
0.0
0.0
0.0
0.15354107648725213
0.0
0.0
0.0
0.0
0.0
0.0
0.14726027397260277
0.0
0.0
0.0
0.0
0.0
0.0
0.0
0.0
0.0
0.15774027879677188
0.0
0.0
0.0
0.0
0.0
0.0
0.0
0.0
0.0
0.0
0.0
0.0
0.0
0.0
0.0
0.0
0.0
0.0
0.0
0.0
0.0
0.0
0.15703335405013463
0.0
0.0
0.0
0.0
0.0
0.0
0.0
0.0
0.0
0.0
0.0
0.0
0.0
0.0
0.15354107648725213
0.0
0.0
0.13378492802709563
0.14783105022831056
0.0
0.0
0.0
0.0
0.0
0.0
0.0
0.0
0.0
0.0
0.0
0.0
0.0
0.0
0.22271321254971277
0.15306122448979587
0.0
0.0
0.0
0.0
0.0
0.0
0.0
0.0
0.0
0.0
0.24123456790123454
0.16261273572014212
0.0
0.0
0.0
0.0
0.0
0.0
0.0
0.0
0.14373880151303997
0.0
0.0
0.0
0.0
0.0
0.0
0.0
0.0
0.0
0.17386766854518887
0.0
0.0
0.0
0.0
0.0
0.0
0.0
0.0
0.1581381902283897
0.0
0.14726027397260277
0.0
0.0
0.0
0.07134703196347036
0.0
0.0
0.0
0.0
0.0
0.0
0.0
0.0
0.0
0.0
0.0
0.0
0.0
0.0
0.0
0.0
0.0
0.0
0.0
0.0
0.0
0.0
0.0
0.0
0.0
0.0
0.0
0.0
0.0
0.0
0.0
0.0
0.0
0.0
0.0
0.0
0.0
0.0
0.146689497716895
0.14380979994201215
0.0
0.0
0.0
0.0
0.0
0.0
0.0
0.0
0.0
0.0
0.0
0.0
0.0
0.0
0.0
0.0
0.0
0.15785054575986568
0.0
0.0
0.0
0.0
0.0
0.0
0.13378492802709563
0.0
0.0
0.15362811791383224
0.0
0.0
0.0
0.0
0.0
0.0
0.0
0.22271321254971277
0.0
0.0
0.0
0.0
0.0
0.0
0.0
0.0
0.0
0.1578947368421053
0.0
0.0
0.0
0.0
0.0
0.0
0.0
0.0
0.14373880151303997
0.0
0.0
0.0
0.0
0.0
0.0
0.0
0.0
0.0
0.0
0.0
0.0
0.0
0.0
0.14783105022831056
0.0
0.0
0.0
0.0
0.14783105022831056
0.0
0.0
0.0
0.0
0.17847821722545676
0.0
0.17504973003694235
0.0
0.0
0.0
0.17847821722545676
0.0
0.0
0.0
0.0
0.0
0.0
0.0
0.0
0.0
0.0
0.0
0.0
0.0
0.0
0.15703335405013463
0.0
0.0
0.0
0.15785054575986568
0.0
0.19490344415687832
0.15354107648725213
0.0
0.0
0.0
0.0
0.0
0.0
0.0
0.15703335405013463
0.0
0.0
0.0
0.0
0.0
0.0
0.0
0.0
0.0
0.0
0.0
0.0
0.1659301811754308
0.0
0.0
0.0
0.0
0.0
0.0
