0.0
0.0
0.0
0.0
0.16949616648411825
0.0
0.0
0.015993265993266004
0.014941302027748127
0.0
0.12133021564042612
0.03978779840848812
0.0
0.0
0.01787668734038672
0.0
0.016000000000000014
0.009750812567713929
0.03166666666666662
0.01075847229693383
0.0
0.0
0.0
0.0
0.06509263813739963
0.022171253822629966
0.06506341624114642
0.0
0.06450024618414574
0.0
0.1821620545490743
0.0
0.0
0.023721275018532273
0.0
0.04504061038641394
0.0
0.0
0.05778382053025155
0.015518311607697122
0.010638297872340385
0.0
0.0
0.2267340198173693
0.028037383177570097
0.016177351707609366
0.011296395911780555
0.0
0.0
0.023054755043227626
0.0
0.0
0.0
0.09537123330226782
0.0
0.02211097204839385
0.0
0.0
0.0
0.0
0.0
0.0
0.0
0.0
0.0
0.0
0.0
0.017017465293327372
0.0
0.0
0.15744089012517382
0.0
0.043250731106664664
0.1958511287370348
0.0
0.030250648228176358
0.0
0.011661807580174877
0.0
0.0
0.0
0.0
0.02208018593840788
0.20032245062474807
0.0
0.0
0.0
0.0
0.0
0.0
0.0
0.09714061887974934
0.0
0.06248924083318985
0.0
0.2267340198173693
0.0
0.0
0.0
0.0
0.02208018593840788
0.022210035645736204
0.22679611650485432
0.0276967930029155
0.0
0.0
0.0
0.0
0.0
0.020770010131712313
0.0
0.0
0.0
0.0
0.0
0.0
0.0
0.03647798742138364
0.0
0.0
0.046122448979591835
0.0
0.0
0.0
0.06523534269199005
0.019607843137254943
0.0
0.04274031785218335
0.0
0.0
0.011857707509881465
0.0
0.0
0.0
0.016994633273702986
0.0
0.012465666596239156
0.01564380264741272
0.0226209048361935
0.04402158477705198
0.06103006847275971
0.01970954356846477
0.0
0.0
0.0
0.01552795031055898
0.012044374009508751
0.02064631956912033
0.03996238834038557
0.011655011655011704
0.0
0.0
0.0
0.0
0.0
0.15115511551155114
0.22682215743440237
0.0
0.0
0.06675286891870047
0.0
0.15290697674418607
0.10507910074937554
0.2267340198173693
0.10217065868263475
0.0
0.0
0.0
0.22073009268015886
0.0961291976416303
0.0
0.22073009268015886
0.0
0.01057641459545211
0.0
0.0771028037383178
0.0
0.0
0.0
0.0
0.0
0.030270270270270294
0.2267340198173693
0.0
0.0
0.008887925428137877
0.0
0.041554959785522816
0.0
0.0659322857605702
0.0
0.15488215488215484
0.0
0.0
0.0
0.01410541945063104
0.0
0.03340206185567007
0.0
0.0346168805912096
0.0
0.0
0.0
0.0
0.0
0.0234375
0.0
0.0
0.013306038894575267
0.0
0.054562340376131835
0.20517168291649002
0.011494252873563204
0.1936260885677228
0.0
0.0
0.0
0.0
0.009819967266775809
0.2267340198173693
0.0
0.0
0.0659250777032554
0.023664638269100702
0.012048192771084376
0.1530128639133378
0.0
0.012048192771084376
0.0
0.0
0.0
0.0
0.0
0.055756698044895026
0.015993265993266004
0.0
0.0
0.0
0.017916077322017943
0.021576763485477213
0.0
0.0
0.0
0.22073009268015886
0.021908127208480566
0.0
0.0
0.02265659706796974
0.09512615577495687
0.06528531491530998
0.22679611650485432
0.01236858379715522
0.06642611120223063
0.01669263298464274
0.0
0.0
0.1365562194459533
0.0
0.0
0.0
0.0
0.0
0.0
0.17133862989057114
0.0
0.06675286891870047
0.0
0.2267340198173693
0.0
0.0
0.0
0.03909985935302396
0.0
0.0
0.03007518796992481
0.009720534629404587
0.04160475482912329
0.0
0.0
0.0
0.0
0.1695425910709395
0.07873898102495147
0.0
0.0
0.0
0.0
0.0
0.019191919191919204
0.0
0.017027538364515427
0.0
0.06649240320209115
0.06559139784946233
0.0
0.0
0.0
0.06773043625869968
0.07861203685551854
0.04001265222204653
0.0
0.0
0.1030185004868549
0.0
0.0
0.0
0.0
0.03697334479793635
0.007886034088018357
0.0
0.018756895917616756
0.0
0.0
0.0
0.0
0.0
0.0
0.023284313725490224
0.0
0.0
0.0
0.0
0.0
0.0
0.0
0.06545983513819298
0.01049868766404205
0.0
0.0
0.0423634336677815
0.06859688195991087
0.012048192771084376
0.0
0.0
0.0
0.0
0.0
0.0
0.0
0.0
0.0
0.0
0.0
0.21598477640342528
0.0
0.0
0.20184405692523555
0.0
0.20184405692523555
0.15983072916666663
0.0
0.0
0.0
0.011084076777507446
0.0
0.0
0.0
0.0
0.0
0.22664595067003301
0.0
0.0
0.0
0.0
0.01920161697827183
0.0
0.0
0.0
0.09325194981349605
0.0
0.1698253437383872
0.0
0.0
0.0
0.0
0.03132728771640558
0.0
0.15817174515235455
0.06675286891870047
0.05269761606022583
0.019439535470840652
0.015169660678642671
0.0
0.0
0.0
0.07873898102495147
0.0
0.0
0.0
0.0
0.0
0.15465924895688454
0.0
0.0
0.009566968781470342
0.01968702675416456
0.15467383994620043
0.005340143951706566
0.012601260126012592
0.0
0.0
0.02297090352220521
0.0
0.0
0.0
0.06644897959183671
0.01271328203412514
0.0
0.0
0.0
0.0
0.1434846266471449
0.031746031746031744
0.0
0.09331523583305057
0.0
0.0
0.19915104350902013
0.0
0.0
0.02515991471215351
0.06548498276710979
0.011027278003482244
0.0
0.08905852417302795
0.0
0.0
0.0
0.009809264305177146
0.014075887392900888
0.0
0.21958456973293772
0.0
0.0
0.0
0.0
0.0
0.0
0.0
0.0
0.09679618268575318
0.010936132983377034
0.0
0.2267340198173693
0.052341597796143224
0.0
0.014714898835070489
0.0
0.0
0.0
0.04120808804709497
0.02804428044280438
0.10817425354870291
0.0
0.03953294412010011
0.0
0.2267340198173693
0.0
0.0
0.011661807580174877
0.11910946196660477
0.0
0.0
0.011972274732199084
0.0
0.015881418740074094
0.0
0.0
0.12133021564042612
0.0
0.0
0.0
0.12025540971975879
0.0
0.025318665968220744
0.0
0.2267340198173693
0.04020486555697822
0.0
0.015306122448979553
0.0
0.0
0.0
0.07753316012580336
0.0
0.0
0.01816530426884655
0.038811691423095374
0.0
0.01920161697827183
0.0
0.0
0.0
0.0
0.0
0.0
0.008286674132138905
0.06602409638554219
0.0
0.0
0.0
0.2267340198173693
0.0
0.019182231196365418
0.0
0.0
0.0
0.011078717201166155
0.0
0.0
0.07194078186444597
0.0
0.0
0.0
0.018167137666532107
0.011085180863477206
0.22682215743440237
0.1269102990033223
0.0
0.0
0.0
0.0
0.0
0.06293347033136398
0.0
0.0
0.0
0.03164029975020821
0.0
0.052293414242370106
0.0
0.0
0.012775842044134733
0.0
0.0
0.0
0.07480731449297262
0.0
0.0
0.15535956580732702
0.0
0.0
0.0
0.018713450292397682
0.03153526970954357
0.18822587104525434
0.15774099318403112
0.0
0.0
0.0
0.07478471068137182
0.03130148270181221
0.0
0.0
0.15544948289578364
0.10398749022673959
0.0
0.040731504571903554
0.17383177570093455
0.2267340198173693
0.0
0.02339557845031126
0.0
0.009819967266775809
0.047688387331634496
0.0
0.0
0.0
0.0
0.0
0.0
0.0
0.0
0.0
0.0
0.0
0.0
0.0
0.0
0.0
0.15569877883310723
0.03535083020889129
0.0
0.031746031746031744
0.0
0.0
0.0
0.0
0.0
0.0
0.010135135135135087
0.020689655172413834
0.2267340198173693
0.03179916317991627
0.0
0.0
0.0
0.03164029975020821
0.0
0.06452131938857597
0.019191919191919204
0.0
0.0
0.0
0.20317725752508364
0.016000000000000014
0.22679611650485432
0.016000000000000014
0.2267340198173693
0.015881418740074094
0.18235382988366822
0.020642201834862428
0.0
0.0
0.0
0.0
0.0
0.15564598168870802
0.0
0.0
0.0
0.0
0.2267340198173693
0.18419958419958415
0.0
0.0
0.0
0.0
0.0
0.014724877292689231
0.0
0.0
0.03166666666666662
0.0
0.0
0.0
0.06701281843258156
0.17727128838239947
0.2024834768676147
0.17358639778568608
0.0
0.0
0.17641750639193865
0.0
0.2267340198173693
0.02345058626465657
0.09739368998628262
0.0
0.0
0.02134831460674158
0.0
0.026169026169026166
0.0
0.03153526970954357
0.014503263234227681
0.2267340198173693
0.2267340198173693
0.22679611650485432
0.0
0.0
0.0
0.020098258150960224
0.0
0.2267340198173693
0.0
0.0
0.0
0.228088336783989
0.012098057943330187
0.0
0.011301072152999136
0.044489795918367325
0.0
0.2267340198173693
0.0
0.03215169002473206
0.0
0.01062215477996964
0.0
0.008589985334171435
0.22064662507090183
0.06649240320209115
0.1014542343883661
0.0
0.0
0.0
0.0
0.0
0.09278911564625847
0.0
0.0
0.0
0.0
0.0
0.2267340198173693
0.0
0.0
0.2267340198173693
0.0
0.0
0.01429171920975203
0.0
0.17491096161456277
0.0
0.0
0.0
0.0
0.0
0.2267340198173693
0.0
0.023721275018532273
0.06675286891870047
0.0
0.0
0.0
0.0
0.2267340198173693
0.0
0.030772451329286188
0.019017763845350033
0.0
0.0
0.0
0.0
0.0
0.0
0.0
0.15096518726282793
0.0
0.0
0.0
0.07194719471947197
0.06675286891870047
0.008718980549966449
0.0
0.0
0.0
0.03177878662814693
0.013382314353188152
0.0
0.0
0.16315789473684206
0.0
0.22673031026252988
0.0
0.0
0.0
0.0
0.10700620134582395
0.009814612868047967
0.0
0.028037383177570097
0.0
0.0
0.0
0.0
0.02821083890126208
0.0
0.04867872044506261
0.0
0.0
0.0301237224314147
0.05482403638975342
0.22073009268015886
0.03132728771640558
0.0
0.0
0.0314569536423841
0.017529555646147554
0.012048192771084376
0.04458333333333331
0.0
0.22682215743440237
0.0
0.0
0.0
0.1993835484492391
0.0
0.0
0.031561461794019974
0.0
0.0
0.0
0.02424687729610575
0.0
0.0
0.0
0.0
0.0
0.0
0.0
0.024567788898999132
0.0
0.022012578616352196
0.0
0.011314655172413812
0.0
0.05807275047862159
0.0
0.0
0.0
0.03132728771640558
0.09821127235909555
0.0
0.0
0.06602409638554219
0.0
0.03171953255425708
0.0
0.0
0.0
0.015337423312883458
0.0
0.0
0.0566860465116279
0.0
0.0
0.06675286891870047
0.21309753108037122
0.0
0.0
0.0
0.0
0.031509121061359835
0.0
0.2267340198173693
0.0
0.0
0.0
0.0
0.06758304696449025
0.0
0.02645502645502651
0.009819967266775809
0.22064662507090183
0.02497361941610976
0.0
0.10135644310474756
0.0
0.0
0.0
0.07146267706509624
0.0
0.0
0.22073009268015886
0.043250731106664664
0.0
0.0
0.0
0.0
0.0
0.0
0.0
0.028037383177570097
0.0
0.0
0.0
0.0
0.19999999999999996
0.0
0.23710265763418448
0.0
0.20517168291649002
0.0
0.12010113780025289
0.0
0.0
0.0
0.0
0.0
0.023174971031286185
0.0
0.0
0.016000000000000014
0.0
0.0
0.22670807453416153
0.0
0.0
0.026590373611578566
0.0
0.0
0.0
0.0
0.0
0.028189910979228516
0.0
0.02145922746781115
0.01345059493016032
0.0
0.0
0.22670807453416153
0.0
0.0
0.0
0.0
0.02051282051282055
0.0
0.022688356164383583
0.012048192771084376
0.0
0.0
0.15575161180861896
0.012048192771084376
0.0
0.0
0.0
0.06675286891870047
0.012048192771084376
0.2029319371727749
0.1662935721138471
0.07783763700538737
0.0
0.21482729570345405
0.0
0.0
0.0
0.0
0.0
0.0
0.022067363530778206
0.017455097394384
0.0
0.0
0.0
0.0
0.0
0.2029319371727749
0.06675286891870047
0.15467747382640995
0.0
0.13402743348206902
0.04274031785218335
0.0
0.06675286891870047
0.0
0.011685116851168464
0.22664595067003301
0.0
0.07072161238078101
0.0
0.0
0.06602409638554219
0.06614202735619257
0.0
0.0
0.06474348467464353
0.023809523809523836
0.0
0.0
0.0
0.0
0.031726411207251726
0.09914275065225497
0.0
0.03007518796992481
0.0
0.0
0.0
0.0
0.22670807453416153
0.0
0.0
0.0
0.0
0.01062215477996964
0.2267340198173693
0.16292348686714886
0.0
0.04884922498825739
0.0
0.0
0.0
0.0
0.009498680738786236
0.0
0.0
0.06602409638554219
0.031561461794019974
0.12690733159657608
0.2267340198173693
0.012048192771084376
0.03132728771640558
0.0
0.22679611650485432
0.0
0.0
0.0
0.008267795926598098
0.029619656681252104
0.013513513513513487
0.03380009657170446
0.0
0.0670582476749878
0.22073009268015886
0.01875732708089095
0.24655963302752293
0.008669860825918363
0.051135158073413955
0.0
0.0
0.02771855010660984
0.0
0.0
0.0
0.0
0.0
0.0
0.0
0.0
0.0
0.17007693566868554
0.02366026289180989
0.15564598168870802
0.0
0.2267340198173693
0.0
0.0
0.015163607342378316
0.0
0.028085735402808565
0.0
0.0
0.2271944922547332
0.0
0.012098895318253589
0.005728314238952592
0.0
0.0
0.0
0.023721275018532273
0.0
0.0
0.039249960273319506
0.0
0.0
0.0
0.022016222479721903
0.0
0.15574548907882246
0.2159026060490774
0.0
0.01753597122302153
0.0
0.013044439531284535
0.1497025776602776
0.01793298725814063
0.0
0.0
0.049662487945998035
0.0
0.0
0.0
0.0
0.13125988402741173
0.014467717555603499
0.040225467589034114
0.03541472506989751
0.07910447761194028
0.1418533157663593
0.22664595067003301
0.0
0.2267340198173693
0.0
0.0
0.016757520694528516
0.010084491687108232
0.0670111416114969
0.0
0.16170604479901807
0.0
0.0
0.012810374822078141
0.0
0.0
0.009943181818181768
0.06649240320209115
0.048481880509304576
0.0
0.0
0.0
0.0
0.02208018593840788
0.0
0.0
0.0
0.0
0.04928861788617889
0.0
0.021914648212226107
0.0
0.0
0.020574455082501553
0.17060053779504036
0.03536977491961413
0.017020382433284298
0.04421052631578948
0.0
0.0
0.0
0.15029300241296106
0.0
0.0
0.2267340198173693
0.2267340198173693
0.0
0.0
0.019182231196365418
0.0
0.11940850277264325
0.012664907651715018
0.0
0.0
0.0
0.13257065948855984
0.016000000000000014
0.0
0.0
0.0
0.0
0.015169660678642671
0.013027158313093423
0.0
0.06201550387596899
0.0
0.0244912038634012
0.0
0.02208018593840788
0.0
0.04303563165201296
0.0
0.0
0.0
0.0
0.0
0.06602409638554219
0.029620358781810574
0.0
0.03132728771640558
0.04274031785218335
0.0
0.00879120879120876
0.030565323235055453
0.017916077322017943
0.22679611650485432
0.0
0.0660146699266504
0.06496941643246823
0.0
0.0
0.0653331182448782
0.0
0.18442527395663322
0.0
0.11144321093082832
0.0
0.02297090352220521
0.0
0.0
0.0
0.0
0.03977177378754826
0.02219626168224298
0.22679611650485432
0.050819672131147575
0.0
0.0
0.0
0.0
0.03007518796992481
0.06296650717703345
0.2267340198173693
0.01119934840154757
0.0251851851851852
0.011621764395139955
0.05073859987154783
0.0
0.0
0.0
0.0
0.03241491085899517
0.0
0.21862971516551188
0.0
0.0
0.04039874081846795
0.0
0.0
0.0
0.011049723756906049
0.14713054787839375
0.2267340198173693
0.0
0.2267340198173693
0.0
0.010779436152570487
0.05018551064245269
0.0
0.0
0.03169307756463724
0.017916077322017943
0.22664595067003301
0.01956797966963153
0.0
0.0
0.016710182767624038
0.0
0.0
0.0
0.0
0.017702758336764046
0.0
0.016177351707609366
0.010693857249440386
0.0
0.014119395590785233
0.2052841266512896
0.17727128838239947
0.0
0.0
0.0
0.0
0.0
0.0
0.0
0.03642141285749201
0.0
0.0
0.0
0.0
0.0
0.03132728771640558
0.18400000000000005
0.0
0.0
0.00910504108372201
0.07873898102495147
0.0
0.0
0.0477580813347237
0.0
0.01062215477996964
0.0
0.0
0.01743406347787213
0.0
0.0
0.0
0.0
0.05642923219241447
0.010255187216789863
0.07480731449297262
0.0
0.07686622320768666
0.0
0.22073009268015886
0.0
0.0
0.0
0.0
0.0
0.0
0.1658828559213339
0.0
0.09654768870684616
0.06675286891870047
0.017570664629488197
0.0
0.07495559502664295
0.0
0.0
0.031746031746031744
0.14922416639154834
0.0
0.0
0.030059044551798197
0.0
0.0
0.040093943969132684
0.0
0.07364016736401668
0.0
0.0
0.0
0.03171953255425708
0.0
0.20348837209302328
0.0
0.02945009121709674
0.011304613504430239
0.0
0.15988277434060572
0.0
0.14785118665811414
0.0
0.06452131938857597
0.0
0.06349621113143455
0.0
0.0
0.0
0.0
0.22664595067003301
0.09318874957641476
0.0
0.0
0.01920161697827183
0.0
0.0
0.08340915984228081
0.0
0.15467747382640995
0.015163607342378316
0.01271328203412514
0.0
0.0
0.030019685039370025
0.0
0.0
0.10504411519893453
0.0
0.15647766867279067
0.22679611650485432
0.0
0.0
0.010265859436693892
0.0
0.022471910112359605
0.0
0.03164029975020821
0.021276595744680882
0.01279030629417699
0.0
0.0
0.009722551576950456
0.0
0.01166489925768821
0.0
0.0
0.0
0.03007518796992481
0.017916077322017943
0.0
0.03007518796992481
0.06438593119354219
0.0
0.05620664912700313
0.03137902559867878
0.2267340198173693
0.22073009268015886
0.0
0.2267340198173693
0.012048192771084376
0.0
0.0
0.1563156315631563
0.0
0.030565323235055453
0.016000000000000014
0.0
0.016000000000000014
0.0
0.0
0.0
0.0
0.0
0.0
0.06602409638554219
0.1411290322580645
0.20517168291649002
0.0
0.015460122699386458
0.03169307756463724
0.2267340198173693
0.011099899091826404
0.0
0.027723735408560324
0.017916077322017943
0.0
0.0
0.14862204724409445
0.0
0.028621752531924227
0.0
0.008379317392192887
0.018012008005336866
0.22679611650485432
0.0
0.133412442786913
0.0
0.014276846679081356
0.0
0.03953294412010011
0.2022542266750157
0.0
0.2053401144310235
0.0
0.2267340198173693
0.15802816901408445
0.0
0.06507347004682706
0.02111024237685688
0.0
0.0
0.0
0.0
0.0
0.028106508875739622
0.0
0.0
0.0
0.0
0.0
0.0
0.0
0.0
0.03701923076923075
0.0
0.0
0.0
0.2267340198173693
0.0
0.011590171534538674
0.17491096161456277
0.22073009268015886
0.0
0.06395443449959315
0.0
0.06769889639268656
0.22664595067003301
0.06675286891870047
0.0
0.22664595067003301
0.0
0.0
0.0
0.0
0.019630484988452657
0.0
0.0
0.0
0.22073009268015886
0.2267340198173693
0.14996154832094333
0.0
0.0
0.0
0.0
0.031404958677686
0.01941992433795714
0.0
0.05312257061414871
0.0
0.0
0.0
0.008896797153024938
0.028601694915254217
0.06602409638554219
0.0
0.0
0.0
0.0273141122913505
0.009336361342417332
0.03166666666666662
0.022067363530778206
0.011444921316165924
0.0
0.012709237445753252
0.08708414872798431
0.06536323557600154
0.0
0.0
0.22676001555814862
0.0
0.0
0.22682215743440237
0.0
0.0
0.0
0.019191919191919204
0.0
0.0
0.0
0.0
0.10695610838218983
0.0
0.0
0.0
0.0
0.0
0.02384615384615385
0.0
0.0
0.01795901119797172
0.0
0.0
0.022297013041649105
0.06640561266111922
0.2267340198173693
0.0
