0.0
0.0
0.0
0.0
0.0
0.0
0.0
0.0
0.0
0.0
0.0
0.0
0.0
0.0
0.0
0.0
0.0
0.266388411490302
0.0
0.0
0.0
0.0
0.0
0.0
0.0
0.0
0.0
0.0
0.0
0.27032967032967037
0.0
0.0
0.0
0.0
0.27812840043525566
0.0
0.3252072968490879
0.0
0.0
0.0
0.266388411490302
0.0
0.0
0.0
0.0
0.0
0.0
0.0
0.0
0.0
0.0
0.0
0.0
0.2542770096086243
0.0
0.0
0.0
0.0
0.0
0.0
0.0
0.0
0.0
0.0
0.37261663286004054
0.0
0.0
0.0
0.0
0.29637281910009183
0.0
0.0
0.0
0.0
0.0
0.0
0.0
0.0
0.0
0.0
0.0
0.0
0.0
0.0
0.0
0.0
0.0
0.0
0.0
0.0
0.0
0.0
0.27032967032967037
0.0
0.0
0.0
0.0
0.0
0.0
0.0
0.0
0.0
0.0
0.0
0.0
0.0
0.0
0.0
0.0
0.0
0.0
0.0
0.0
0.0
0.0
0.0
0.0
0.0
0.0
0.0
0.0
0.0
0.0
0.0
0.0
0.0
0.0
0.0
0.0
0.0
0.27290886392009983
0.0
0.0
0.0
0.0
0.0
0.0
0.0
0.0
0.0
0.0
0.0
0.31191347224431365
0.0
0.0
0.0
0.0
0.0
0.30737982396750174
0.0
0.0
0.0
0.0
0.0
0.0
0.0
0.29627928341754706
0.0
0.0
0.0
0.0
0.0
0.0
0.0
0.0
0.0
0.0
0.0
0.0
0.2761606928073129
0.0
0.0
0.0
0.0
0.0
0.0
0.0
0.0
0.0
0.0
0.0
0.0
0.0
0.0
0.0
0.0
0.0
0.0
0.3713651050080775
0.0
0.0
0.0
0.0
0.0
0.0
0.0
0.0
0.0
0.0
0.0
0.2692401661373076
0.0
0.0
0.0
0.0
0.0
0.0
0.0
0.0
0.0
0.0
0.0
0.0
0.0
0.0
0.0
0.0
0.0
0.0
0.2770562770562771
0.0
0.0
0.0
0.2861819032031798
0.30737982396750174
0.0
0.0
0.0
0.0
0.0
0.0
0.0
0.0
0.0
0.0
0.0
0.0
0.0
0.0
0.0
0.0
0.0
0.0
0.0
0.0
0.0
0.0
0.0
0.0
0.0
0.0
0.0
0.0
0.0
0.0
0.0
0.0
0.0
0.0
0.0
0.0
0.0
0.0
0.0
0.0
0.0
0.0
0.0
0.0
0.0
0.0
0.0
0.0
0.0
0.0
0.26743926899933135
0.0
0.0
0.0
0.3253253253253253
0.0
0.0
0.0
0.0
0.0
0.0
0.0
0.0
0.0
0.0
0.0
0.0
0.0
0.0
0.0
0.26499508357915436
0.0
0.0
0.0
0.0
0.0
0.0
0.0
0.0
0.0
0.0
0.0
0.0
0.0
0.0
0.0
0.0
0.0
0.0
0.0
0.0
0.0
0.0
0.0
0.2539346957951609
0.23748862602365783
0.0
0.0
0.0
0.0
0.0
0.0
0.0
0.0
0.0
0.0
0.0
0.0
0.0
0.0
0.0
0.0
0.0
0.0
0.2894849785407725
0.0
0.0
0.0
0.0
0.0
0.0
0.0
0.0
0.0
0.0
0.0
0.0
0.0
0.0
0.0
0.2894849785407725
0.0
0.0
0.0
0.0
0.0
0.0
0.0
0.0
0.0
0.0
0.37861094038106946
0.0
0.0
0.0
0.0
0.0
0.2692401661373076
0.0
0.0
0.0
0.0
0.0
0.0
0.0
0.0
0.0
0.0
0.0
0.0
0.0
0.0
0.0
0.0
0.0
0.0
0.0
0.0
0.0
0.0
0.0
0.0
0.0
0.0
0.0
0.0
0.0
0.0
0.0
0.0
0.0
0.0
0.0
0.0
0.0
0.0
0.0
0.0
0.0
0.0
0.26584766584766584
0.0
0.0
0.0
0.0
0.0
0.0
0.0
0.0
0.0
0.0
0.0
0.0
0.0
0.0
0.0
0.0
0.0
0.0
0.0
0.0
0.0
0.0
0.0
0.0
0.0
0.267239263803681
0.37261663286004054
0.0
0.0
0.0
0.0
0.0
0.0
0.0
0.0
0.14458464773922186
0.3046764289088333
0.30737982396750174
0.0
0.0
0.0
0.0
0.0
0.0
0.0
0.0
0.0
0.0
0.0
0.0
0.0
0.0
0.0
0.0
0.0
0.3611254962886242
0.0
0.0
0.0
0.0
0.0
0.3252072968490879
0.0
0.0
0.0
0.0
0.0
0.0
0.0
0.0
0.0
0.0
0.267239263803681
0.3218874094837655
0.0
0.0
0.0
0.0
0.0
0.0
0.0
0.3252072968490879
0.0
0.0
0.0
0.0
0.0
0.0
0.0
0.31191347224431365
0.0
0.0
0.0
0.31191347224431365
0.0
0.0
0.0
0.0
0.0
0.0
0.0
0.0
0.0
0.0
0.0
0.0
0.0
0.0
0.0
0.0
0.0
0.0
0.0
0.0
0.0
0.0
0.0
0.0
0.0
0.0
0.0
0.0
0.0
0.0
0.0
0.0
0.0
0.2800780403208324
0.0
0.0
0.0
0.4338827838827839
0.0
0.0
0.0
0.27975609756097564
0.0
0.0
0.0
0.0
0.0
0.0
0.0
0.0
0.0
0.27032967032967037
0.0
0.0
0.0
0.0
0.0
0.0
0.26584766584766584
0.0
0.0
0.0
0.0
0.0
0.0
0.0
0.0
0.0
0.32164664171754975
0.0
0.0
0.0
0.0
0.0
0.0
0.0
0.0
0.0
0.0
0.0
0.0
0.0
0.0
0.0
0.0
0.0
0.0
0.0
0.0
0.0
0.0
0.3252072968490879
0.0
0.0
0.0
0.0
0.0
0.0
0.0
0.0
0.0
0.0
0.0
0.0
0.0
0.0
0.27032967032967037
0.0
0.0
0.24137931034482762
0.267239263803681
0.0
0.0
0.0
0.0
0.0
0.0
0.0
0.0
0.0
0.0
0.0
0.0
0.0
0.0
0.4162933466069355
0.27015144113336587
0.0
0.0
0.0
0.0
0.0
0.0
0.0
0.0
0.0
0.0
0.4370763876167796
0.2966023875114784
0.0
0.0
0.0
0.0
0.0
0.0
0.0
0.0
0.3119500879859223
0.0
0.0
0.0
0.0
0.0
0.0
0.0
0.0
0.0
0.3442677269715043
0.0
0.0
0.0
0.0
0.0
0.0
0.0
0.0
0.2772400099280219
0.0
0.26584766584766584
0.0
0.0
0.0
0.14458464773922186
0.0
0.0
0.0
0.0
0.0
0.0
0.0
0.0
0.0
0.0
0.0
0.0
0.0
0.0
0.0
0.0
0.0
0.0
0.0
0.0
0.0
0.0
0.0
0.0
0.0
0.0
0.0
0.0
0.0
0.0
0.0
0.0
0.0
0.0
0.0
0.0
0.0
0.0
0.26499508357915436
0.27975609756097564
0.0
0.0
0.0
0.0
0.0
0.0
0.0
0.0
0.0
0.0
0.0
0.0
0.0
0.0
0.0
0.0
0.0
0.2761606928073129
0.0
0.0
0.0
0.0
0.0
0.0
0.24137931034482762
0.0
0.0
0.2715296413759454
0.0
0.0
0.0
0.0
0.0
0.0
0.0
0.4162933466069355
0.0
0.0
0.0
0.0
0.0
0.0
0.0
0.0
0.0
0.27290886392009983
0.0
0.0
0.0
0.0
0.0
0.0
0.0
0.0
0.3119500879859223
0.0
0.0
0.0
0.0
0.0
0.0
0.0
0.0
0.0
0.0
0.0
0.0
0.0
0.0
0.267239263803681
0.0
0.0
0.0
0.0
0.267239263803681
0.0
0.0
0.0
0.0
0.30737982396750174
0.0
0.3218874094837655
0.0
0.0
0.0
0.30737982396750174
0.0
0.0
0.0
0.0
0.0
0.0
0.0
0.0
0.0
0.0
0.0
0.0
0.0
0.0
0.3252072968490879
0.0
0.0
0.0
0.2761606928073129
0.0
0.37861094038106946
0.27032967032967037
0.0
0.0
0.0
0.0
0.0
0.0
0.0
0.3252072968490879
0.0
0.0
0.0
0.0
0.0
0.0
0.0
0.0
0.0
0.0
0.0
0.0
0.3457538994800693
0.0
0.0
0.0
0.0
0.0
0.0
