0.0
0.0
0.0
0.0
0.289861859049403
0.0
0.0
0.031483015741507914
0.029442691903259766
0.0
0.21640407784986093
0.07653061224489799
0.0
0.0
0.03512544802867379
0.0
0.03149606299212604
0.01931330472102999
0.06138933764135701
0.021287919105907438
0.0
0.0
0.0
0.0
0.12222906403940892
0.04338070306656694
0.12217754407670889
0.0
0.12118408880666054
0.0
0.3081845739306164
0.0
0.0
0.04634322954380887
0.0
0.08619877531794629
0.0
0.0
0.10925449871465298
0.030562347188264005
0.021052631578947323
0.0
0.0
0.369654735508394
0.054545454545454564
0.03183962264150941
0.022340425531914843
0.0
0.0
0.04507042253521132
0.0
0.0
0.0
0.1741349971639251
0.0
0.04326530612244894
0.0
0.0
0.0
0.0
0.0
0.0
0.0
0.0
0.0
0.0
0.0
0.03346543372963451
0.0
0.0
0.27204998798365776
0.0
0.08291531425199172
0.3275510204081633
0.0
0.0587248322147651
0.0
0.023054755043227626
0.0
0.0
0.0
0.0
0.043206367254121636
0.3337810611148422
0.0
0.0
0.0
0.0
0.0
0.0
0.0
0.17707961442342024
0.0
0.1176279974076474
0.0
0.369654735508394
0.0
0.0
0.0
0.0
0.043206367254121636
0.043454935622317614
0.3697372586261475
0.05390070921985812
0.0
0.0
0.0
0.0
0.0
0.04069478908188584
0.0
0.0
0.0
0.0
0.0
0.0
0.0
0.07038834951456308
0.0
0.0
0.08817791650409679
0.0
0.0
0.0
0.1224806201550388
0.038461538461538436
0.0
0.08197691624741044
0.0
0.0
0.0234375
0.0
0.0
0.0
0.033421284080914715
0.0
0.024624373956594336
0.03080568720379151
0.044241037376048786
0.08433079434167579
0.11503928170594835
0.038657171922685696
0.0
0.0
0.0
0.030581039755351647
0.023802067021609807
0.04045734388742306
0.07685352622061481
0.02304147465437789
0.0
0.0
0.0
0.0
0.0
0.2626146788990825
0.3697718631178707
0.0
0.0
0.12515151515151512
0.0
0.26525466464952097
0.19017480409885468
0.369654735508394
0.18539898132427846
0.0
0.0
0.0
0.361636194607995
0.17539756782039284
0.0
0.361636194607995
0.0
0.020931449502878063
0.0
0.14316702819956617
0.0
0.0
0.0
0.0
0.0
0.05876180482686255
0.369654735508394
0.0
0.0
0.01761925225612382
0.0
0.07979407979407982
0.0
0.12370820668693006
0.0
0.2682215743440233
0.0
0.0
0.0
0.027818448023426035
0.0
0.06464485235434958
0.0
0.06691729323308271
0.0
0.0
0.0
0.0
0.0
0.04580152671755722
0.0
0.0
0.02626262626262621
0.0
0.10347864376926463
0.34048540274358075
0.022727272727272707
0.3244334057746041
0.0
0.0
0.0
0.0
0.01944894651539708
0.369654735508394
0.0
0.0
0.123695518723143
0.04623513870541607
0.023809523809523836
0.26541397533763944
0.0
0.023809523809523836
0.0
0.0
0.0
0.0
0.0
0.1056241426611797
0.031483015741507914
0.0
0.0
0.0
0.03520148216767027
0.04224207961007309
0.0
0.0
0.0
0.361636194607995
0.04287690179806358
0.0
0.0
0.04430929626411817
0.1737263880938752
0.12256869404137083
0.3697372586261475
0.02443494196701279
0.1245770532143956
0.03283712784588444
0.0
0.0
0.2402982221372586
0.0
0.0
0.0
0.0
0.0
0.0
0.2925518300486306
0.0
0.12515151515151512
0.0
0.369654735508394
0.0
0.0
0.0
0.0752571737953438
0.0
0.0
0.058394160583941646
0.019253910950661868
0.07988587731811703
0.0
0.0
0.0
0.0
0.2899297423887588
0.14598337950138507
0.0
0.0
0.0
0.0
0.0
0.037661050545094166
0.0
0.03348491112029761
0.0
0.12469362745098034
0.12310797174571142
0.0
0.0
0.0
0.12686804451510336
0.14576517629952745
0.0769464720194647
0.0
0.0
0.18679378531073443
0.0
0.0
0.0
0.0
0.0713101160862355
0.015648662291771864
0.0
0.03682310469314076
0.0
0.0
0.0
0.0
0.0
0.0
0.045508982035928125
0.0
0.0
0.0
0.0
0.0
0.0
0.0
0.122876213592233
0.020779220779220786
0.0
0.0
0.08128342245989306
0.12838682784493538
0.023809523809523836
0.0
0.0
0.0
0.0
0.0
0.0
0.0
0.0
0.0
0.0
0.0
0.35524256651017216
0.0
0.0
0.33589059372915275
0.0
0.33589059372915275
0.27561044063991014
0.0
0.0
0.0
0.021925133689839615
0.0
0.0
0.0
0.0
0.0
0.3695376820772641
0.0
0.0
0.0
0.0
0.03767972235994055
0.0
0.0
0.0
0.17059553349875933
0.0
0.29034307496823375
0.0
0.0
0.0
0.0
0.06075139888089531
0.0
0.27314039703420234
0.12515151515151512
0.10011918951132304
0.03813769192669636
0.029885961462839172
0.0
0.0
0.0
0.14598337950138507
0.0
0.0
0.0
0.0
0.0
0.26788725608287156
0.0
0.0
0.01895261845386531
0.03861386138613865
0.2679091438555621
0.010623556581986104
0.02488888888888885
0.0
0.0
0.04491017964071853
0.0
0.0
0.0
0.1246172688303735
0.025107367030062777
0.0
0.0
0.0
0.0
0.2509603072983355
0.06153846153846154
0.0
0.1707014276846679
0.0
0.0
0.33215339233038343
0.0
0.0
0.04908485856905154
0.12292051756007394
0.021814006888633775
0.0
0.16355140186915884
0.0
0.0
0.0
0.019427954668105762
0.02776101388050689
0.0
0.36009732360097324
0.0
0.0
0.0
0.0
0.0
0.0
0.0
0.0
0.17650714729645745
0.02163565556036351
0.0
0.369654735508394
0.09947643979057597
0.0
0.029003021148036212
0.0
0.0
0.0
0.07915437561455263
0.054558506819813335
0.19522968197879864
0.0
0.0760590500641849
0.0
0.369654735508394
0.0
0.0
0.023054755043227626
0.21286472148541113
0.0
0.0
0.023661270236612686
0.0
0.031266284523189136
0.0
0.0
0.21640407784986093
0.0
0.0
0.0
0.2146928435718809
0.0
0.04938692098092645
0.0
0.369654735508394
0.07730182176267852
0.0
0.03015075376884424
0.0
0.0
0.0
0.1439086294416244
0.0
0.0
0.035682426404995526
0.07472324723247237
0.0
0.03767972235994055
0.0
0.0
0.0
0.0
0.0
0.0
0.016437139049311433
0.1238698010849909
0.0
0.0
0.0
0.369654735508394
0.0
0.037642397226349655
0.0
0.0
0.0
0.021914648212226107
0.0
0.0
0.13422529132498917
0.0
0.0
0.0
0.03568596352101505
0.021927293710328866
0.3697718631178707
0.22523584905660377
0.0
0.0
0.0
0.0
0.0
0.11841469308844854
0.0
0.0
0.0
0.06133979015334945
0.0
0.09938941655359568
0.0
0.0
0.025229357798165153
0.0
0.0
0.0
0.13920134983127108
0.0
0.0
0.2689371697005285
0.0
0.0
0.0
0.036739380022962065
0.06114239742558325
0.3168183350185373
0.2724978973927671
0.0
0.0
0.0
0.13916221535001405
0.060702875399361034
0.0
0.0
0.2690718810245112
0.18838526912181308
0.0
0.07827476038338654
0.29617834394904463
0.369654735508394
0.0
0.04572147651006708
0.0
0.01944894651539708
0.0910354412786657
0.0
0.0
0.0
0.0
0.0
0.0
0.0
0.0
0.0
0.0
0.0
0.0
0.0
0.0
0.0
0.2694452597593191
0.06828763579927577
0.0
0.06153846153846154
0.0
0.0
0.0
0.0
0.0
0.0
0.02006688963210701
0.04054054054054057
0.369654735508394
0.06163828061638277
0.0
0.0
0.0
0.06133979015334945
0.0
0.12122128174123337
0.037661050545094166
0.0
0.0
0.0
0.33773453787352326
0.03149606299212604
0.3697372586261475
0.03149606299212604
0.369654735508394
0.031266284523189136
0.30845898287758755
0.04044943820224722
0.0
0.0
0.0
0.0
0.0
0.2693661971830986
0.0
0.0
0.0
0.0
0.369654735508394
0.3110955056179775
0.0
0.0
0.0
0.0
0.0
0.029022403258655793
0.0
0.0
0.06138933764135701
0.0
0.0
0.0
0.12560827250608275
0.30115622479161064
0.33677548301132576
0.29582210242587603
0.0
0.0
0.29992329327537715
0.0
0.369654735508394
0.04582651391162029
0.1775
0.0
0.0
0.04180418041804179
0.0
0.05100334448160537
0.0
0.06114239742558325
0.028591851322373074
0.369654735508394
0.369654735508394
0.3697372586261475
0.0
0.0
0.0
0.03940455341506133
0.0
0.369654735508394
0.0
0.0
0.0
0.3714526552402361
0.023906888958792116
0.0
0.022349570200573043
0.08518952715904649
0.0
0.369654735508394
0.0
0.06230031948881787
0.0
0.02102102102102099
0.0
0.017033651848774367
0.36152416356877326
0.12469362745098034
0.1842187014600808
0.0
0.0
0.0
0.0
0.0
0.16982071713147406
0.0
0.0
0.0
0.0
0.0
0.369654735508394
0.0
0.0
0.369654735508394
0.0
0.0
0.028180687940323246
0.0
0.29774334792859547
0.0
0.0
0.0
0.0
0.0
0.369654735508394
0.0
0.04634322954380887
0.12515151515151512
0.0
0.0
0.0
0.0
0.369654735508394
0.0
0.05970755483346868
0.03732567678424936
0.0
0.0
0.0
0.0
0.0
0.0
0.0
0.26232798165137616
0.0
0.0
0.0
0.13423645320197042
0.12515151515151512
0.017287234042553168
0.0
0.0
0.0
0.06159999999999999
0.02641118591403413
0.0
0.0
0.28054298642533937
0.0
0.36964980544747084
0.0
0.0
0.0
0.0
0.19332538736591176
0.01943844492440605
0.0
0.054545454545454564
0.0
0.0
0.0
0.0
0.054873646209386284
0.0
0.09283819628647216
0.0
0.0
0.05848563968668408
0.10394916023604173
0.361636194607995
0.06075139888089531
0.0
0.0
0.0609951845906902
0.034455128205128194
0.023809523809523836
0.08536098923015556
0.0
0.3697718631178707
0.0
0.0
0.0
0.3324767105685834
0.0
0.0
0.06119162640901776
0.0
0.0
0.0
0.04734576757532283
0.0
0.0
0.0
0.0
0.0
0.0
0.0
0.047957371225577305
0.0
0.043076923076923124
0.0
0.02237613212573253
0.0
0.10977080820265384
0.0
0.0
0.0
0.06075139888089531
0.17885679164105717
0.0
0.0
0.1238698010849909
0.0
0.06148867313915862
0.0
0.0
0.0
0.030211480362537735
0.0
0.0
0.1072902338376891
0.0
0.0
0.12515151515151512
0.3513279445727483
0.0
0.0
0.0
0.0
0.06109324758842438
0.0
0.369654735508394
0.0
0.0
0.0
0.0
0.12660944206008584
0.0
0.05154639175257736
0.01944894651539708
0.36152416356877326
0.04873026767330135
0.0
0.18405747519671567
0.0
0.0
0.0
0.13339275103980985
0.0
0.0
0.361636194607995
0.08291531425199172
0.0
0.0
0.0
0.0
0.0
0.0
0.0
0.054545454545454564
0.0
0.0
0.0
0.0
0.33333333333333337
0.0
0.38331929233361417
0.0
0.34048540274358075
0.0
0.21444695259593682
0.0
0.0
0.0
0.0
0.0
0.04530011325028316
0.0
0.0
0.03149606299212604
0.0
0.0
0.36962025316455693
0.0
0.0
0.051803278688524634
0.0
0.0
0.0
0.0
0.0
0.05483405483405479
0.0
0.04201680672268904
0.02654415518121489
0.0
0.0
0.36962025316455693
0.0
0.0
0.0
0.0
0.04020100502512558
0.0
0.04437002930096279
0.023809523809523836
0.0
0.0
0.26952436876100994
0.023809523809523836
0.0
0.0
0.0
0.12515151515151512
0.023809523809523836
0.3373955431754875
0.28516588977241564
0.14443295415374013
0.0
0.35367545076282936
0.0
0.0
0.0
0.0
0.0
0.0
0.04318181818181821
0.03431128791645943
0.0
0.0
0.0
0.0
0.0
0.3373955431754875
0.12515151515151512
0.2679145949107926
0.0
0.23637423491693388
0.08197691624741044
0.0
0.12515151515151512
0.0
0.02310030395136775
0.3695376820772641
0.0
0.13210084033613445
0.0
0.0
0.1238698010849909
0.1240773286467487
0.0
0.0
0.12161330049261088
0.046511627906976716
0.0
0.0
0.0
0.0
0.06150159744408945
0.18040013563919977
0.0
0.058394160583941646
0.0
0.0
0.0
0.0
0.36962025316455693
0.0
0.0
0.0
0.0
0.02102102102102099
0.369654735508394
0.28019639934533547
0.0
0.09314823107926551
0.0
0.0
0.0
0.0
0.018818609513852613
0.0
0.0
0.1238698010849909
0.06119162640901776
0.22523117569352713
0.369654735508394
0.023809523809523836
0.06075139888089531
0.0
0.3697372586261475
0.0
0.0
0.0
0.01639999999999997
0.057535142203334444
0.026666666666666616
0.06539000467071465
0.0
0.1256880733944954
0.361636194607995
0.03682393555811281
0.39558417663293466
0.0171906808414386
0.0972951150585386
0.0
0.0
0.053941908713692976
0.0
0.0
0.0
0.0
0.0
0.0
0.0
0.0
0.0
0.2907106883044208
0.04622678783089684
0.2693661971830986
0.0
0.369654735508394
0.0
0.0
0.029874213836478036
0.0
0.05463695183321349
0.0
0.0
0.3702664796633941
0.0
0.023908523908523938
0.011391375101708734
0.0
0.0
0.0
0.04634322954380887
0.0
0.0
0.0755351681957187
0.0
0.0
0.0
0.04308390022675734
0.0
0.2695152013147083
0.3551314142678348
0.0
0.03446752098983652
0.0
0.025752946311654257
0.26041966082207535
0.035234121464997714
0.0
0.0
0.09462563160312354
0.0
0.0
0.0
0.0
0.2320596458527493
0.028522775649212462
0.07733990147783254
0.06840684068406844
0.14661134163208855
0.2484615384615385
0.3695376820772641
0.0
0.369654735508394
0.0
0.0
0.03296266878474985
0.019967620075553194
0.12560532687651327
0.0
0.27839408346539884
0.0
0.0
0.025296689569019315
0.0
0.0
0.019690576652601988
0.12469362745098034
0.09248014946286787
0.0
0.0
0.0
0.0
0.043206367254121636
0.0
0.0
0.0
0.0
0.09394673123486685
0.0
0.04288939051918739
0.0
0.0
0.040319361277445065
0.29147524247064827
0.06832298136645965
0.03347107438016528
0.08467741935483875
0.0
0.0
0.0
0.26131255618819293
0.0
0.0
0.369654735508394
0.369654735508394
0.0
0.0
0.037642397226349655
0.0
0.21334214002642005
0.025013027618551287
0.0
0.0
0.0
0.2341057635175282
0.03149606299212604
0.0
0.0
0.0
0.0
0.029885961462839172
0.02571926765475152
0.0
0.11678832116788318
0.0
0.04781144781144786
0.0
0.043206367254121636
0.0
0.08251996450754218
0.0
0.0
0.0
0.0
0.0
0.1238698010849909
0.057536466774716355
0.0
0.06075139888089531
0.08197691624741044
0.0
0.017429193899782147
0.05931758530183728
0.03520148216767027
0.3697372586261475
0.0
0.12385321100917435
0.12201179757839176
0.0
0.0
0.12265293761356755
0.0
0.3114173228346456
0.0
0.20053784095274685
0.0
0.04491017964071853
0.0
0.0
0.0
0.0
0.07650096836668818
0.04342857142857148
0.3697372586261475
0.09672386895475815
0.0
0.0
0.0
0.0
0.058394160583941646
0.1184731724882967
0.369654735508394
0.022150624244865136
0.049132947976878616
0.02297650130548301
0.0965770171149144
0.0
0.0
0.0
0.0
0.06279434850863419
0.0
0.3588123815540114
0.0
0.0
0.07766011094301561
0.0
0.0
0.0
0.021857923497267784
0.2565192743764172
0.369654735508394
0.0
0.369654735508394
0.0
0.02132895816242819
0.09557456303458534
0.0
0.0
0.06143896523848025
0.03520148216767027
0.3695376820772641
0.03838484546360921
0.0
0.0
0.032871083718541305
0.0
0.0
0.0
0.0
0.03478964401294493
0.0
0.03183962264150941
0.021161417322834608
0.0
0.027845627747923762
0.3406402226861517
0.30115622479161064
0.0
0.0
0.0
0.0
0.0
0.0
0.0
0.07028301886792454
0.0
0.0
0.0
0.0
0.0
0.06075139888089531
0.31081081081081086
0.0
0.0
0.01804577464788737
0.14598337950138507
0.0
0.0
0.0911624203821656
0.0
0.02102102102102099
0.0
0.0
0.03427065026362042
0.0
0.0
0.0
0.0
0.10683012259194391
0.02030217186024552
0.13920134983127108
0.0
0.14275909402882636
0.0
0.361636194607995
0.0
0.0
0.0
0.0
0.0
0.0
0.2845617895122846
0.0
0.17609391675560304
0.12515151515151512
0.03453453453453459
0.0
0.1394580304031725
0.0
0.0
0.06153846153846154
0.25969548980178114
0.0
0.0
0.058363731109953076
0.0
0.0
0.07709677419354843
0.0
0.13717848791893994
0.0
0.0
0.0
0.06148867313915862
0.0
0.3381642512077294
0.0
0.05721518987341767
0.022356495468277893
0.0
0.2756878158338012
0.0
0.2576138586197262
0.0
0.12122128174123337
0.0
0.11941031941031943
0.0
0.0
0.0
0.0
0.3695376820772641
0.17048977061376314
0.0
0.0
0.03767972235994055
0.0
0.0
0.15397536394176936
0.0
0.2679145949107926
0.029874213836478036
0.025107367030062777
0.0
0.0
0.05828953655040614
0.0
0.0
0.19011750527267246
0.0
0.27061079156395507
0.3697372586261475
0.0
0.0
0.020323084940072955
0.0
0.04395604395604391
0.0
0.06133979015334945
0.04166666666666663
0.025257560651379185
0.0
0.0
0.019257867543447604
0.0
0.023060796645702264
0.0
0.0
0.0
0.058394160583941646
0.03520148216767027
0.0
0.058394160583941646
0.12098230408089561
0.0
0.1064311594202898
0.06084867894315449
0.369654735508394
0.361636194607995
0.0
0.369654735508394
0.023809523809523836
0.0
0.0
0.2703684483653347
0.0
0.05931758530183728
0.03149606299212604
0.0
0.03149606299212604
0.0
0.0
0.0
0.0
0.0
0.0
0.1238698010849909
0.24734982332155475
0.34048540274358075
0.0
0.030449492508458187
0.06143896523848025
0.369654735508394
0.021956087824351322
0.0
0.05395172740179843
0.03520148216767027
0.0
0.0
0.25878320479862893
0.0
0.05565068493150682
0.0
0.016619375760032473
0.035386631716906924
0.3697372586261475
0.0
0.23541728985940769
0.0
0.028151774785801664
0.0
0.0760590500641849
0.3364583333333333
0.0
0.3407172995780591
0.0
0.369654735508394
0.27292629530527857
0.0
0.12219526986052154
0.04134762633996936
0.0
0.0
0.0
0.0
0.0
0.054676258992805704
0.0
0.0
0.0
0.0
0.0
0.0
0.0
0.0
0.07139545665275848
0.0
0.0
0.0
0.369654735508394
0.0
0.022914757103574712
0.29774334792859547
0.361636194607995
0.0
0.12022025084123589
0.0
0.12681271212588707
0.3695376820772641
0.12515151515151512
0.0
0.3695376820772641
0.0
0.0
0.0
0.0
0.03850509626274068
0.0
0.0
0.0
0.361636194607995
0.369654735508394
0.26081141328577795
0.0
0.0
0.0
0.0
0.0608974358974359
0.038099950519544734
0.0
0.10088582677165359
0.0
0.0
0.0
0.01763668430335097
0.05561277033985579
0.1238698010849909
0.0
0.0
0.0
0.05317577548005903
0.01849999999999996
0.06138933764135701
0.04318181818181821
0.022630834512022635
0.0
0.025099479644934197
0.1602160216021602
0.12270600935588338
0.0
0.0
0.36968928344958785
0.0
0.0
0.3697718631178707
0.0
0.0
0.0
0.037661050545094166
0.0
0.0
0.0
0.0
0.19324363011737766
0.0
0.0
0.0
0.0
0.0
0.0465815176558978
0.0
0.0
0.035284350352843497
0.0
0.0
0.043621399176954734
0.12454100367197063
0.369654735508394
0.0
