0.0
0.0
0.0
0.0
0.0
0.0
0.0
0.0
0.0
0.0
0.0
0.0
0.0
0.0
0.0
0.0
0.0
0.15366095453901718
0.0
0.0
0.0
0.0
0.0
0.0
0.0
0.0
0.0
0.0
0.0
0.15628970775095297
0.0
0.0
0.0
0.0
0.1615267947421638
0.0
0.19417764135062876
0.0
0.0
0.0
0.15366095453901718
0.0
0.0
0.0
0.0
0.0
0.0
0.0
0.0
0.0
0.0
0.0
0.0
0.14565713518593104
0.0
0.0
0.0
0.0
0.0
0.0
0.0
0.0
0.0
0.0
0.22896672067805057
0.0
0.0
0.0
0.0
0.1739657728068993
0.0
0.0
0.0
0.0
0.0
0.0
0.0
0.0
0.0
0.0
0.0
0.0
0.0
0.0
0.0
0.0
0.0
0.0
0.0
0.0
0.0
0.0
0.15628970775095297
0.0
0.0
0.0
0.0
0.0
0.0
0.0
0.0
0.0
0.0
0.0
0.0
0.0
0.0
0.0
0.0
0.0
0.0
0.0
0.0
0.0
0.0
0.0
0.0
0.0
0.0
0.0
0.0
0.0
0.0
0.0
0.0
0.0
0.0
0.0
0.0
0.0
0.15801648113343936
0.0
0.0
0.0
0.0
0.0
0.0
0.0
0.0
0.0
0.0
0.0
0.18477339112409308
0.0
0.0
0.0
0.0
0.0
0.18159999999999998
0.0
0.0
0.0
0.0
0.0
0.0
0.0
0.17390132111081158
0.0
0.0
0.0
0.0
0.0
0.0
0.0
0.0
0.0
0.0
0.0
0.0
0.16020094892548142
0.0
0.0
0.0
0.0
0.0
0.0
0.0
0.0
0.0
0.0
0.0
0.0
0.0
0.0
0.0
0.0
0.0
0.0
0.2280223186608803
0.0
0.0
0.0
0.0
0.0
0.0
0.0
0.0
0.0
0.0
0.0
0.15556182947487296
0.0
0.0
0.0
0.0
0.0
0.0
0.0
0.0
0.0
0.0
0.0
0.0
0.0
0.0
0.0
0.0
0.0
0.0
0.16080402010050254
0.0
0.0
0.0
0.16698499317871762
0.18159999999999998
0.0
0.0
0.0
0.0
0.0
0.0
0.0
0.0
0.0
0.0
0.0
0.0
0.0
0.0
0.0
0.0
0.0
0.0
0.0
0.0
0.0
0.0
0.0
0.0
0.0
0.0
0.0
0.0
0.0
0.0
0.0
0.0
0.0
0.0
0.0
0.0
0.0
0.0
0.0
0.0
0.0
0.0
0.0
0.0
0.0
0.0
0.0
0.0
0.0
0.0
0.15436068947774628
0.0
0.0
0.0
0.1942618051404662
0.0
0.0
0.0
0.0
0.0
0.0
0.0
0.0
0.0
0.0
0.0
0.0
0.0
0.0
0.0
0.15273448568999715
0.0
0.0
0.0
0.0
0.0
0.0
0.0
0.0
0.0
0.0
0.0
0.0
0.0
0.0
0.0
0.0
0.0
0.0
0.0
0.0
0.0
0.0
0.0
0.14543253060675365
0.1347444501806918
0.0
0.0
0.0
0.0
0.0
0.0
0.0
0.0
0.0
0.0
0.0
0.0
0.0
0.0
0.0
0.0
0.0
0.0
0.16923848952452636
0.0
0.0
0.0
0.0
0.0
0.0
0.0
0.0
0.0
0.0
0.0
0.0
0.0
0.0
0.0
0.16923848952452636
0.0
0.0
0.0
0.0
0.0
0.0
0.0
0.0
0.0
0.0
0.23351023502653523
0.0
0.0
0.0
0.0
0.0
0.15556182947487296
0.0
0.0
0.0
0.0
0.0
0.0
0.0
0.0
0.0
0.0
0.0
0.0
0.0
0.0
0.0
0.0
0.0
0.0
0.0
0.0
0.0
0.0
0.0
0.0
0.0
0.0
0.0
0.0
0.0
0.0
0.0
0.0
0.0
0.0
0.0
0.0
0.0
0.0
0.0
0.0
0.0
0.0
0.15330121847548883
0.0
0.0
0.0
0.0
0.0
0.0
0.0
0.0
0.0
0.0
0.0
0.0
0.0
0.0
0.0
0.0
0.0
0.0
0.0
0.0
0.0
0.0
0.0
0.0
0.0
0.15422744653731768
0.22896672067805057
0.0
0.0
0.0
0.0
0.0
0.0
0.0
0.0
0.0779257580051006
0.17971579827249928
0.18159999999999998
0.0
0.0
0.0
0.0
0.0
0.0
0.0
0.0
0.0
0.0
0.0
0.0
0.0
0.0
0.0
0.0
0.0
0.2203496945439225
0.0
0.0
0.0
0.0
0.0
0.19417764135062876
0.0
0.0
0.0
0.0
0.0
0.0
0.0
0.0
0.0
0.0
0.15422744653731768
0.19181514476614703
0.0
0.0
0.0
0.0
0.0
0.0
0.0
0.19417764135062876
0.0
0.0
0.0
0.0
0.0
0.0
0.0
0.18477339112409308
0.0
0.0
0.0
0.18477339112409308
0.0
0.0
0.0
0.0
0.0
0.0
0.0
0.0
0.0
0.0
0.0
0.0
0.0
0.0
0.0
0.0
0.0
0.0
0.0
0.0
0.0
0.0
0.0
0.0
0.0
0.0
0.0
0.0
0.0
0.0
0.0
0.0
0.0
0.1628434585328964
0.0
0.0
0.0
0.2770436206291662
0.0
0.0
0.0
0.16262583297887423
0.0
0.0
0.0
0.0
0.0
0.0
0.0
0.0
0.0
0.15628970775095297
0.0
0.0
0.0
0.0
0.0
0.0
0.15330121847548883
0.0
0.0
0.0
0.0
0.0
0.0
0.0
0.0
0.0
0.19164417321910576
0.0
0.0
0.0
0.0
0.0
0.0
0.0
0.0
0.0
0.0
0.0
0.0
0.0
0.0
0.0
0.0
0.0
0.0
0.0
0.0
0.0
0.0
0.19417764135062876
0.0
0.0
0.0
0.0
0.0
0.0
0.0
0.0
0.0
0.0
0.0
0.0
0.0
0.0
0.15628970775095297
0.0
0.0
0.13725490196078427
0.15422744653731768
0.0
0.0
0.0
0.0
0.0
0.0
0.0
0.0
0.0
0.0
0.0
0.0
0.0
0.0
0.2628601361969618
0.156170573284383
0.0
0.0
0.0
0.0
0.0
0.0
0.0
0.0
0.0
0.0
0.2796530707923113
0.17412398921832883
0.0
0.0
0.0
0.0
0.0
0.0
0.0
0.0
0.18479909021986352
0.0
0.0
0.0
0.0
0.0
0.0
0.0
0.0
0.0
0.20792475485291173
0.0
0.0
0.0
0.0
0.0
0.0
0.0
0.0
0.16092782019881857
0.0
0.15330121847548883
0.0
0.0
0.0
0.0779257580051006
0.0
0.0
0.0
0.0
0.0
0.0
0.0
0.0
0.0
0.0
0.0
0.0
0.0
0.0
0.0
0.0
0.0
0.0
0.0
0.0
0.0
0.0
0.0
0.0
0.0
0.0
0.0
0.0
0.0
0.0
0.0
0.0
0.0
0.0
0.0
0.0
0.0
0.0
0.15273448568999715
0.16262583297887423
0.0
0.0
0.0
0.0
0.0
0.0
0.0
0.0
0.0
0.0
0.0
0.0
0.0
0.0
0.0
0.0
0.0
0.16020094892548142
0.0
0.0
0.0
0.0
0.0
0.0
0.13725490196078427
0.0
0.0
0.15709244883556805
0.0
0.0
0.0
0.0
0.0
0.0
0.0
0.2628601361969618
0.0
0.0
0.0
0.0
0.0
0.0
0.0
0.0
0.0
0.15801648113343936
0.0
0.0
0.0
0.0
0.0
0.0
0.0
0.0
0.18479909021986352
0.0
0.0
0.0
0.0
0.0
0.0
0.0
0.0
0.0
0.0
0.0
0.0
0.0
0.0
0.15422744653731768
0.0
0.0
0.0
0.0
0.15422744653731768
0.0
0.0
0.0
0.0
0.18159999999999998
0.0
0.19181514476614703
0.0
0.0
0.0
0.18159999999999998
0.0
0.0
0.0
0.0
0.0
0.0
0.0
0.0
0.0
0.0
0.0
0.0
0.0
0.0
0.19417764135062876
0.0
0.0
0.0
0.16020094892548142
0.0
0.23351023502653523
0.15628970775095297
0.0
0.0
0.0
0.0
0.0
0.0
0.0
0.19417764135062876
0.0
0.0
0.0
0.0
0.0
0.0
0.0
0.0
0.0
0.0
0.0
0.0
0.20900995285489787
0.0
0.0
0.0
0.0
0.0
0.0
