0.0
0.0
0.0
0.0
0.0
0.0
0.0
0.0
0.0
0.0
0.0
0.0
0.0
0.0
0.0
0.0
0.0
0.266388411490302
0.0
0.0
0.0
0.0
0.0
0.0
0.0
0.0
0.0
0.0
0.0
0.2703296703296703
0.0
0.0
0.0
0.0
0.2781284004352557
0.0
0.3252072968490879
0.0
0.0
0.0
0.266388411490302
0.0
0.0
0.0
0.0
0.0
0.0
0.0
0.0
0.0
0.0
0.0
0.0
0.2542770096086243
0.0
0.0
0.0
0.0
0.0
0.0
0.0
0.0
0.0
0.0
0.37261663286004054
0.0
0.0
0.0
0.0
0.29637281910009183
0.0
0.0
0.0
0.0
0.0
0.0
0.0
0.0
0.0
0.0
0.0
0.0
0.0
0.0
0.0
0.0
0.0
0.0
0.0
0.0
0.0
0.0
0.2703296703296703
0.0
0.0
0.0
0.0
0.0
0.0
0.0
0.0
0.0
0.0
0.0
0.0
0.0
0.0
0.0
0.0
0.0
0.0
0.0
0.0
0.0
0.0
0.0
0.0
0.0
0.0
0.0
0.0
0.0
0.0
0.0
0.0
0.0
0.0
0.0
0.0
0.0
0.2729088639200999
0.0
0.0
0.0
0.0
0.0
0.0
0.0
0.0
0.0
0.0
0.0
0.31191347224431365
0.0
0.0
0.0
0.0
0.0
0.3073798239675017
0.0
0.0
0.0
0.0
0.0
0.0
0.0
0.29627928341754706
0.0
0.0
0.0
0.0
0.0
0.0
0.0
0.0
0.0
0.0
0.0
0.0
0.276160692807313
0.0
0.0
0.0
0.0
0.0
0.0
0.0
0.0
0.0
0.0
0.0
0.0
0.0
0.0
0.0
0.0
0.0
0.0
0.37136510500807757
0.0
0.0
0.0
0.0
0.0
0.0
0.0
0.0
0.0
0.0
0.0
0.2692401661373076
0.0
0.0
0.0
0.0
0.0
0.0
0.0
0.0
0.0
0.0
0.0
0.0
0.0
0.0
0.0
0.0
0.0
0.0
0.27705627705627706
0.0
0.0
0.0
0.2861819032031798
0.3073798239675017
0.0
0.0
0.0
0.0
0.0
0.0
0.0
0.0
0.0
0.0
0.0
0.0
0.0
0.0
0.0
0.0
0.0
0.0
0.0
0.0
0.0
0.0
0.0
0.0
0.0
0.0
0.0
0.0
0.0
0.0
0.0
0.0
0.0
0.0
0.0
0.0
0.0
0.0
0.0
0.0
0.0
0.0
0.0
0.0
0.0
0.0
0.0
0.0
0.0
0.0
0.2674392689993314
0.0
0.0
0.0
0.3253253253253253
0.0
0.0
0.0
0.0
0.0
0.0
0.0
0.0
0.0
0.0
0.0
0.0
0.0
0.0
0.0
0.26499508357915436
0.0
0.0
0.0
0.0
0.0
0.0
0.0
0.0
0.0
0.0
0.0
0.0
0.0
0.0
0.0
0.0
0.0
0.0
0.0
0.0
0.0
0.0
0.0
0.2539346957951609
0.23748862602365786
0.0
0.0
0.0
0.0
0.0
0.0
0.0
0.0
0.0
0.0
0.0
0.0
0.0
0.0
0.0
0.0
0.0
0.0
0.28948497854077254
0.0
0.0
0.0
0.0
0.0
0.0
0.0
0.0
0.0
0.0
0.0
0.0
0.0
0.0
0.0
0.28948497854077254
0.0
0.0
0.0
0.0
0.0
0.0
0.0
0.0
0.0
0.0
0.37861094038106946
0.0
0.0
0.0
0.0
0.0
0.2692401661373076
0.0
0.0
0.0
0.0
0.0
0.0
0.0
0.0
0.0
0.0
0.0
0.0
0.0
0.0
0.0
0.0
0.0
0.0
0.0
0.0
0.0
0.0
0.0
0.0
0.0
0.0
0.0
0.0
0.0
0.0
0.0
0.0
0.0
0.0
0.0
0.0
0.0
0.0
0.0
0.0
0.0
0.0
0.26584766584766584
0.0
0.0
0.0
0.0
0.0
0.0
0.0
0.0
0.0
0.0
0.0
0.0
0.0
0.0
0.0
0.0
0.0
0.0
0.0
0.0
0.0
0.0
0.0
0.0
0.0
0.26723926380368096
0.37261663286004054
0.0
0.0
0.0
0.0
0.0
0.0
0.0
0.0
0.14458464773922186
0.30467642890883323
0.3073798239675017
0.0
0.0
0.0
0.0
0.0
0.0
0.0
0.0
0.0
0.0
0.0
0.0
0.0
0.0
0.0
0.0
0.0
0.3611254962886242
0.0
0.0
0.0
0.0
0.0
0.3252072968490879
0.0
0.0
0.0
0.0
0.0
0.0
0.0
0.0
0.0
0.0
0.26723926380368096
0.3218874094837655
0.0
0.0
0.0
0.0
0.0
0.0
0.0
0.3252072968490879
0.0
0.0
0.0
0.0
0.0
0.0
0.0
0.31191347224431365
0.0
0.0
0.0
0.31191347224431365
0.0
0.0
0.0
0.0
0.0
0.0
0.0
0.0
0.0
0.0
0.0
0.0
0.0
0.0
0.0
0.0
0.0
0.0
0.0
0.0
0.0
0.0
0.0
0.0
0.0
0.0
0.0
0.0
0.0
0.0
0.0
0.0
0.0
0.28007804032083244
0.0
0.0
0.0
0.4338827838827839
0.0
0.0
0.0
0.27975609756097564
0.0
0.0
0.0
0.0
0.0
0.0
0.0
0.0
0.0
0.2703296703296703
0.0
0.0
0.0
0.0
0.0
0.0
0.26584766584766584
0.0
0.0
0.0
0.0
0.0
0.0
0.0
0.0
0.0
0.32164664171754975
0.0
0.0
0.0
0.0
0.0
0.0
0.0
0.0
0.0
0.0
0.0
0.0
0.0
0.0
0.0
0.0
0.0
0.0
0.0
0.0
0.0
0.0
0.3252072968490879
0.0
0.0
0.0
0.0
0.0
0.0
0.0
0.0
0.0
0.0
0.0
0.0
0.0
0.0
0.2703296703296703
0.0
0.0
0.2413793103448276
0.26723926380368096
0.0
0.0
0.0
0.0
0.0
0.0
0.0
0.0
0.0
0.0
0.0
0.0
0.0
0.0
0.41629334660693545
0.2701514411333659
0.0
0.0
0.0
0.0
0.0
0.0
0.0
0.0
0.0
0.0
0.43707638761677964
0.29660238751147844
0.0
0.0
0.0
0.0
0.0
0.0
0.0
0.0
0.3119500879859223
0.0
0.0
0.0
0.0
0.0
0.0
0.0
0.0
0.0
0.3442677269715043
0.0
0.0
0.0
0.0
0.0
0.0
0.0
0.0
0.27724000992802184
0.0
0.26584766584766584
0.0
0.0
0.0
0.14458464773922186
0.0
0.0
0.0
0.0
0.0
0.0
0.0
0.0
0.0
0.0
0.0
0.0
0.0
0.0
0.0
0.0
0.0
0.0
0.0
0.0
0.0
0.0
0.0
0.0
0.0
0.0
0.0
0.0
0.0
0.0
0.0
0.0
0.0
0.0
0.0
0.0
0.0
0.0
0.26499508357915436
0.27975609756097564
0.0
0.0
0.0
0.0
0.0
0.0
0.0
0.0
0.0
0.0
0.0
0.0
0.0
0.0
0.0
0.0
0.0
0.276160692807313
0.0
0.0
0.0
0.0
0.0
0.0
0.2413793103448276
0.0
0.0
0.2715296413759454
0.0
0.0
0.0
0.0
0.0
0.0
0.0
0.41629334660693545
0.0
0.0
0.0
0.0
0.0
0.0
0.0
0.0
0.0
0.2729088639200999
0.0
0.0
0.0
0.0
0.0
0.0
0.0
0.0
0.3119500879859223
0.0
0.0
0.0
0.0
0.0
0.0
0.0
0.0
0.0
0.0
0.0
0.0
0.0
0.0
0.26723926380368096
0.0
0.0
0.0
0.0
0.26723926380368096
0.0
0.0
0.0
0.0
0.3073798239675017
0.0
0.3218874094837655
0.0
0.0
0.0
0.3073798239675017
0.0
0.0
0.0
0.0
0.0
0.0
0.0
0.0
0.0
0.0
0.0
0.0
0.0
0.0
0.3252072968490879
0.0
0.0
0.0
0.276160692807313
0.0
0.37861094038106946
0.2703296703296703
0.0
0.0
0.0
0.0
0.0
0.0
0.0
0.3252072968490879
0.0
0.0
0.0
0.0
0.0
0.0
0.0
0.0
0.0
0.0
0.0
0.0
0.34575389948006935
0.0
0.0
0.0
0.0
0.0
0.0
