0.0
0.0
0.0
0.0
0.012373819602735314
0.0
0.0
0.015993265993266004
0.01388888888888884
0.0
0.028719126938541062
0.030671859785783795
0.0
0.0
0.01391941391941387
0.0
0.016000000000000014
0.009750812567713929
0.03166666666666662
0.009693053311793265
0.0
0.0
0.0
0.0
0.01791250430589042
0.01992337164750957
0.01731301939058172
0.0
0.017241379310344862
0.0
0.023300047551117475
0.0
0.0
0.0193596425912137
0.0
0.027568922305764465
0.0
0.0
0.010847844704538923
0.013681592039801016
0.010638297872340385
0.0
0.0
0.03398058252427183
0.023890784982935176
0.015193922431027573
0.01076426264800856
0.0
0.0
0.021927293710328866
0.0
0.0
0.0
0.010869565217391353
0.0
0.010135135135135087
0.0
0.0
0.0
0.0
0.0
0.0
0.0
0.0
0.0
0.0
0.0
0.017017465293327372
0.0
0.0
0.021324717285945094
0.0
0.012078830260648488
0.007031642390758375
0.0
0.02941176470588236
0.0
0.010507880910682998
0.0
0.0
0.0
0.0
0.02208018593840788
0.027450980392156876
0.0
0.0
0.0
0.0
0.0
0.0
0.0
0.02947368421052632
0.0
0.006566946369937932
0.0
0.03398058252427183
0.0
0.0
0.0
0.0
0.02208018593840788
0.014917127071823244
0.033964095099466296
0.0276967930029155
0.0
0.0
0.0
0.0
0.0
0.016284987277353724
0.0
0.0
0.0
0.0
0.0
0.0
0.0
0.027918781725888353
0.0
0.0
0.016000000000000014
0.0
0.0
0.0
0.01736111111111116
0.019607843137254943
0.0
0.012101910828025475
0.0
0.0
0.009683098591549255
0.0
0.0
0.0
0.016994633273702986
0.0
0.0110029623360135
0.014457831325301207
0.021857923497267784
0.03220241518113853
0.011285266457680243
0.01970954356846477
0.0
0.0
0.0
0.013690105787181106
0.012044374009508751
0.019766397124887702
0.01033925686591275
0.010501750291715295
0.0
0.0
0.0
0.0
0.0
0.019069412662090057
0.03399708596406026
0.0
0.0
0.02102407595795186
0.0
0.010862186014935493
0.025389916575988436
0.03398058252427183
0.039247096515819035
0.0
0.0
0.0
0.032863849765258246
0.014533258803800964
0.0
0.032863849765258246
0.0
0.009528851244044456
0.0
0.04203718674211798
0.0
0.0
0.0
0.0
0.0
0.022875816993464082
0.03398058252427183
0.0
0.0
0.0078125
0.0
0.020547945205479423
0.0
0.019721183270996256
0.0
0.01953125
0.0
0.0
0.0
0.013861386138613874
0.0
0.031404958677686
0.0
0.029710711493354136
0.0
0.0
0.0
0.0
0.0
0.019180470793374038
0.0
0.0
0.009589041095890427
0.0
0.04770813844714683
0.025974025974025983
0.008184523809523836
0.009558488848429691
0.0
0.0
0.0
0.0
0.009819967266775809
0.03398058252427183
0.0
0.0
0.019237375472346274
0.010507080858839668
0.012048192771084376
0.019592476489028177
0.0
0.012048192771084376
0.0
0.0
0.0
0.0
0.0
0.05507246376811592
0.015993265993266004
0.0
0.0
0.0
0.017916077322017943
0.009243697478991564
0.0
0.0
0.0
0.032863849765258246
0.019830028328611915
0.0
0.0
0.019607843137254943
0.019694397283531395
0.018646408839778972
0.033964095099466296
0.011145510835913308
0.018620689655172384
0.00808262236192192
0.0
0.0
0.008977556109725726
0.0
0.0
0.0
0.0
0.0
0.0
0.021939136588818076
0.0
0.02102407595795186
0.0
0.03398058252427183
0.0
0.0
0.0
0.030646992054483513
0.0
0.0
0.022727272727272707
0.009720534629404587
0.03153153153153154
0.0
0.0
0.0
0.0
0.01237785016286641
0.03202511773940342
0.0
0.0
0.0
0.0
0.0
0.019191919191919204
0.0
0.015993265993266004
0.0
0.018550326348333868
0.0344444444444445
0.0
0.0
0.0
0.0065123010130245795
0.02570480928689889
0.009787928221859699
0.0
0.0
0.029498525073746285
0.0
0.0
0.0
0.0
0.03364969801553064
0.007128309572301372
0.0
0.013313609467455634
0.0
0.0
0.0
0.0
0.0
0.0
0.023284313725490224
0.0
0.0
0.0
0.0
0.0
0.0
0.0
0.018336162988115468
0.01049868766404205
0.0
0.0
0.0423634336677815
0.06693440428380193
0.012048192771084376
0.0
0.0
0.0
0.0
0.0
0.0
0.0
0.0
0.0
0.0
0.0
0.032863849765258246
0.0
0.0
0.033964095099466296
0.0
0.033964095099466296
0.03079233946676685
0.0
0.0
0.0
0.009745533297238818
0.0
0.0
0.0
0.0
0.0
0.033964095099466296
0.0
0.0
0.0
0.0
0.01920161697827183
0.0
0.0
0.0
0.021945866861741048
0.0
0.12185534591194969
0.0
0.0
0.0
0.0
0.03132728771640558
0.0
0.012349691257718565
0.02102407595795186
0.010484927916120546
0.019191919191919204
0.015169660678642671
0.0
0.0
0.0
0.03202511773940342
0.0
0.0
0.0
0.0
0.0
0.01745877788554806
0.0
0.0
0.00906801007556679
0.019191919191919204
0.01950078003120126
0.00510915002322343
0.011711711711711703
0.0
0.0
0.021472392638036797
0.0
0.0
0.0
0.019883441892355136
0.01271328203412514
0.0
0.0
0.0
0.0
0.018785642401878522
0.031746031746031744
0.0
0.02196193265007318
0.0
0.0
0.006145741878841093
0.0
0.0
0.023911187019641345
0.018614270941054833
0.010452961672473893
0.0
0.035040431266846306
0.0
0.0
0.0
0.009809264305177146
0.012262415695892037
0.0
0.05357856857257093
0.0
0.0
0.0
0.0
0.0
0.0
0.0
0.0
0.027879677182685247
0.010503282275711179
0.0
0.03398058252427183
0.010619469026548645
0.0
0.013505217925107393
0.0
0.0
0.0
0.022442588726513613
0.02804428044280438
0.013713460844460457
0.0
0.006213324128408693
0.0
0.03398058252427183
0.0
0.0
0.010507880910682998
0.018196856906534276
0.0
0.0
0.011349306431273631
0.0
0.015881418740074094
0.0
0.0
0.028719126938541062
0.0
0.0
0.0
0.07600596125186287
0.0
0.01517290049400144
0.0
0.03398058252427183
0.02243088158581119
0.0
0.015306122448979553
0.0
0.0
0.0
0.011140428026971572
0.0
0.0
0.01816530426884655
0.010848126232741673
0.0
0.01920161697827183
0.0
0.0
0.0
0.0
0.0
0.0
0.008064516129032251
0.019561551433389557
0.0
0.0
0.0
0.03398058252427183
0.0
0.019182231196365418
0.0
0.0
0.0
0.010501750291715295
0.0
0.0
0.033718689788053924
0.0
0.0
0.0
0.017770597738287597
0.010507880910682998
0.03399708596406026
0.06808510638297871
0.0
0.0
0.0
0.0
0.0
0.020408163265306145
0.0
0.0
0.0
0.03164029975020821
0.0
0.014110657259561843
0.0
0.0
0.010246856078248712
0.0
0.0
0.0
0.03224786595004747
0.0
0.0
0.019685039370078705
0.0
0.0
0.0
0.016412661195779554
0.03153526970954357
0.030607364897178413
0.018903591682419618
0.0
0.0
0.0
0.03223767383059417
0.03130148270181221
0.0
0.0
0.019940915805022108
0.029635901778154117
0.0
0.007567939456484374
0.02212389380530977
0.03398058252427183
0.0
0.007849978194505058
0.0
0.009819967266775809
0.02750929368029742
0.0
0.0
0.0
0.0
0.0
0.0
0.0
0.0
0.0
0.0
0.0
0.0
0.0
0.0
0.0
0.019692792437967732
0.024905251759610225
0.0
0.031746031746031744
0.0
0.0
0.0
0.0
0.0
0.0
0.00965717044905845
0.01899827288428324
0.03398058252427183
0.03179916317991627
0.0
0.0
0.0
0.03164029975020821
0.0
0.018237082066869248
0.019191919191919204
0.0
0.0
0.0
0.026557711950970342
0.016000000000000014
0.033964095099466296
0.016000000000000014
0.03398058252427183
0.015881418740074094
0.03288062902072908
0.012716763005780396
0.0
0.0
0.0
0.0
0.0
0.019685039370078705
0.0
0.0
0.0
0.0
0.03398058252427183
0.030313014827018092
0.0
0.0
0.0
0.0
0.0
0.012939958592132483
0.0
0.0
0.03166666666666662
0.0
0.0
0.0
0.01776563033823031
0.03058560238716901
0.033964095099466296
0.028810408921933095
0.0
0.0
0.03250883392226145
0.0
0.03398058252427183
0.011026293469041604
0.029498525073746285
0.0
0.0
0.018038331454340528
0.0
0.023235800344234114
0.0
0.03153526970954357
0.013071895424836555
0.03398058252427183
0.03398058252427183
0.033964095099466296
0.0
0.0
0.0
0.017905102954342
0.0
0.03398058252427183
0.0
0.0
0.0
0.036191296854803934
0.012098057943330187
0.0
0.01044083526682138
0.01431578947368417
0.0
0.03398058252427183
0.0
0.031353135313531344
0.0
0.01062215477996964
0.0
0.007550335570469802
0.032848427968090066
0.01989708404802748
0.01868460388639759
0.0
0.0
0.0
0.0
0.0
0.02228739002932556
0.0
0.0
0.0
0.0
0.0
0.03398058252427183
0.0
0.0
0.03398058252427183
0.0
0.0
0.013462347496844718
0.0
0.03023255813953485
0.0
0.0
0.0
0.0
0.0
0.03398058252427183
0.0
0.0193596425912137
0.02102407595795186
0.0
0.0
0.0
0.0
0.03398058252427183
0.0
0.02114164904862581
0.015520134228187876
0.0
0.0
0.0
0.0
0.0
0.0
0.0
0.019062142584826525
0.0
0.0
0.0
0.057640750670241325
0.02102407595795186
0.008053691275167751
0.0
0.0
0.0
0.03137902559867878
0.013123359580052507
0.0
0.0
0.018162005085361477
0.0
0.025075225677031132
0.0
0.0
0.0
0.0
0.029259896729776247
0.009814612868047967
0.0
0.023890784982935176
0.0
0.0
0.0
0.0
0.02821083890126208
0.0
0.009105960264900625
0.0
0.0
0.02276422764227637
0.045915901401643255
0.032863849765258246
0.03132728771640558
0.0
0.0
0.025000000000000022
0.0171288743882545
0.012048192771084376
0.013763440860215082
0.0
0.03399708596406026
0.0
0.0
0.0
0.04415823367065319
0.0
0.0
0.025083612040133763
0.0
0.0
0.0
0.02424687729610575
0.0
0.0
0.0
0.0
0.0
0.0
0.0
0.023679417122040025
0.0
0.009554140127388533
0.0
0.010781671159029615
0.0
0.030647985989492144
0.0
0.0
0.0
0.03132728771640558
0.027656477438136817
0.0
0.0
0.019561551433389557
0.0
0.03171953255425708
0.0
0.0
0.0
0.013521819299323945
0.0
0.0
0.055312954876273634
0.0
0.0
0.02102407595795186
0.04828462515883103
0.0
0.0
0.0
0.0
0.031509121061359835
0.0
0.03398058252427183
0.0
0.0
0.0
0.0
0.03933910306845001
0.0
0.023008849557522137
0.009819967266775809
0.032848427968090066
0.023943661971830954
0.0
0.03869407496977029
0.0
0.0
0.0
0.028638028638028667
0.0
0.0
0.032863849765258246
0.012078830260648488
0.0
0.0
0.0
0.0
0.0
0.0
0.0
0.023890784982935176
0.0
0.0
0.0
0.0
0.024679170779861814
0.0
0.04563233376792697
0.0
0.025974025974025983
0.0
0.0751708428246014
0.0
0.0
0.0
0.0
0.0
0.022041763341067333
0.0
0.0
0.016000000000000014
0.0
0.0
0.03394762366634341
0.0
0.0
0.011619958988380086
0.0
0.0
0.0
0.0
0.0
0.028189910979228516
0.0
0.019546520719311955
0.01345059493016032
0.0
0.0
0.03394762366634341
0.0
0.0
0.0
0.0
0.01799485861182515
0.0
0.009544468546637708
0.012048192771084376
0.0
0.0
0.01970055161544526
0.012048192771084376
0.0
0.0
0.0
0.02102407595795186
0.012048192771084376
0.0256016385048643
0.007613247049866767
0.031225604996096834
0.0
0.028154327424400383
0.0
0.0
0.0
0.0
0.0
0.0
0.022067363530778206
0.015712113532691308
0.0
0.0
0.0
0.0
0.0
0.0256016385048643
0.02102407595795186
0.019584802193497897
0.0
0.03747244673034533
0.012101910828025475
0.0
0.02102407595795186
0.0
0.011685116851168464
0.033964095099466296
0.0
0.020485584218512876
0.0
0.0
0.019561551433389557
0.006379585326953707
0.0
0.0
0.017223561832586998
0.008905852417302795
0.0
0.0
0.0
0.0
0.03132728771640558
0.04049225883287022
0.0
0.022727272727272707
0.0
0.0
0.0
0.0
0.03394762366634341
0.0
0.0
0.0
0.0
0.01062215477996964
0.03398058252427183
0.10354667753770896
0.0
0.04795486600846266
0.0
0.0
0.0
0.0
0.009498680738786236
0.0
0.0
0.019561551433389557
0.025083612040133763
0.03137902559867878
0.03398058252427183
0.012048192771084376
0.03132728771640558
0.0
0.033964095099466296
0.0
0.0
0.0
0.007266855066612843
0.013009243409791149
0.013513513513513487
0.03380009657170446
0.0
0.019883441892355136
0.032863849765258246
0.016451233842538215
0.03429691327780504
0.008669860825918363
0.00886524822695034
0.0
0.0
0.02145922746781115
0.0
0.0
0.0
0.0
0.0
0.0
0.0
0.0
0.0
0.007050528789659172
0.013082583810302584
0.019685039370078705
0.0
0.03398058252427183
0.0
0.0
0.015163607342378316
0.0
0.028085735402808565
0.0
0.0
0.036066981537140386
0.0
0.011578947368421022
0.005728314238952592
0.0
0.0
0.0
0.0193596425912137
0.0
0.0
0.007876599934361628
0.0
0.0
0.0
0.022016222479721903
0.0
0.021284403669724727
0.032848427968090066
0.0
0.017094017094017144
0.0
0.00976042590949422
0.020555767034640238
0.01793298725814063
0.0
0.0
0.0380673499267935
0.0
0.0
0.0
0.0
0.029446407538280317
0.012975778546712835
0.022442588726513613
0.03541472506989751
0.06750629722921919
0.007113821138211351
0.033964095099466296
0.0
0.03398058252427183
0.0
0.0
0.010162601626016232
0.009814612868047967
0.020345879959308255
0.0
0.00870827285921627
0.0
0.0
0.010776545166402585
0.0
0.0
0.008534850640113834
0.018550326348333868
0.013204672422549524
0.0
0.0
0.0
0.0
0.02208018593840788
0.0
0.0
0.0
0.0
0.013705851344227749
0.0
0.021914648212226107
0.0
0.0
0.015157722244981575
0.013503909026297056
0.024918743228602436
0.01598653765250313
0.023235800344234114
0.0
0.0
0.0
0.007249295207410356
0.0
0.0
0.03398058252427183
0.03398058252427183
0.0
0.0
0.019182231196365418
0.0
0.018136850783182168
0.011621764395139955
0.0
0.0
0.0
0.03517964071856283
0.016000000000000014
0.0
0.0
0.0
0.0
0.015169660678642671
0.012809187279151923
0.0
0.021939953810623525
0.0
0.0173731758165393
0.0
0.02208018593840788
0.0
0.012101910828025475
0.0
0.0
0.0
0.0
0.0
0.019561551433389557
0.027591973244147194
0.0
0.03132728771640558
0.012101910828025475
0.0
0.007919049714034343
0.023433242506812002
0.017916077322017943
0.033964095099466296
0.0
0.019842627437564153
0.0173731758165393
0.0
0.0
0.018963765662038612
0.0
0.15710843373493977
0.0
0.008575512148642161
0.0
0.021472392638036797
0.0
0.0
0.0
0.0
0.0062521708926710495
0.02219626168224298
0.033964095099466296
0.026890756302521024
0.0
0.0
0.0
0.0
0.022727272727272707
0.0350808040993299
0.03398058252427183
0.00897959183673469
0.022288261515601815
0.011621764395139955
0.008053691275167751
0.0
0.0
0.0
0.0
0.022913256955810146
0.0
0.033333333333333326
0.0
0.0
0.009745533297238818
0.0
0.0
0.0
0.011049723756906049
0.018705574261129843
0.03398058252427183
0.0
0.03398058252427183
0.0
0.009958506224066355
0.012185215272136452
0.0
0.0
0.03169307756463724
0.017916077322017943
0.033964095099466296
0.01931875953228268
0.0
0.0
0.015682174594877196
0.0
0.0
0.0
0.0
0.014863748967795187
0.0
0.015193922431027573
0.010447761194029903
0.0
0.011916583912611745
0.027706516162134376
0.03058560238716901
0.0
0.0
0.0
0.0
0.0
0.0
0.0
0.032400589101620025
0.0
0.0
0.0
0.0
0.0
0.03132728771640558
0.022604422604422636
0.0
0.0
0.008003557136505135
0.03202511773940342
0.0
0.0
0.04276729559748427
0.0
0.01062215477996964
0.0
0.0
0.016994633273702986
0.0
0.0
0.0
0.0
0.038461538461538436
0.009546539379474916
0.03224786595004747
0.0
0.07549962990377501
0.0
0.032863849765258246
0.0
0.0
0.0
0.0
0.0
0.0
0.03844258255298172
0.0
0.029337803855825628
0.02102407595795186
0.015816326530612268
0.0
0.028358208955223896
0.0
0.0
0.031746031746031744
0.01977938379612021
0.0
0.0
0.022714981070849127
0.0
0.0
0.0062521708926710495
0.0
0.006283662477558294
0.0
0.0
0.0
0.03171953255425708
0.0
0.025406504065040636
0.0
0.01845018450184499
0.011002444987775029
0.0
0.030803906836964656
0.0
0.018470631695604034
0.0
0.018237082066869248
0.0
0.03759398496240607
0.0
0.0
0.0
0.0
0.033964095099466296
0.021929824561403466
0.0
0.0
0.01920161697827183
0.0
0.0
0.0194678780012979
0.0
0.019584802193497897
0.015163607342378316
0.01271328203412514
0.0
0.0
0.01597603594608088
0.0
0.0
0.025380710659898442
0.0
0.02203452074917367
0.033964095099466296
0.0
0.0
0.010005265929436513
0.0
0.01908065915004331
0.0
0.03164029975020821
0.01816530426884655
0.01279030629417699
0.0
0.0
0.008547008547008517
0.0
0.01166489925768821
0.0
0.0
0.0
0.022727272727272707
0.017916077322017943
0.0
0.022727272727272707
0.035275465715418175
0.0
0.04915662650602415
0.03137902559867878
0.03398058252427183
0.032863849765258246
0.0
0.03398058252427183
0.012048192771084376
0.0
0.0
0.007762879322512295
0.0
0.023433242506812002
0.016000000000000014
0.0
0.016000000000000014
0.0
0.0
0.0
0.0
0.0
0.0
0.019561551433389557
0.01773678609435969
0.025974025974025983
0.0
0.014250614250614246
0.03169307756463724
0.03398058252427183
0.011099899091826404
0.0
0.025353486104339296
0.017916077322017943
0.0
0.0
0.018903591682419618
0.0
0.026478375992939118
0.0
0.0073649754500818565
0.016918967052537814
0.033964095099466296
0.0
0.035471698113207495
0.0
0.013664596273291973
0.0
0.006213324128408693
0.02549719530851602
0.0
0.025974025974025983
0.0
0.03398058252427183
0.019035116508040684
0.0
0.01831129196337744
0.018808777429467072
0.0
0.0
0.0
0.0
0.0
0.028106508875739622
0.0
0.0
0.0
0.0
0.0
0.0
0.0
0.0
0.018618324350808457
0.0
0.0
0.0
0.03398058252427183
0.0
0.010213556174558991
0.03023255813953485
0.032863849765258246
0.0
0.01708817498291182
0.0
0.01736111111111116
0.033964095099466296
0.02102407595795186
0.0
0.033964095099466296
0.0
0.0
0.0
0.0
0.018497109826589586
0.0
0.0
0.0
0.032863849765258246
0.03398058252427183
0.029842012873025126
0.0
0.0
0.0
0.0
0.031404958677686
0.019172552976791102
0.0
0.009756097560975618
0.0
0.0
0.0
0.00801424755120217
0.009719222462203025
0.019561551433389557
0.0
0.0
0.0
0.02583586626139822
0.009086320040383677
0.03166666666666662
0.022067363530778206
0.011444921316165924
0.0
0.011790257524045944
0.028462339465463393
0.036744369814302624
0.0
0.0
0.03401360544217691
0.0
0.0
0.03399708596406026
0.0
0.0
0.0
0.019191919191919204
0.0
0.0
0.0
0.0
0.028275862068965485
0.0
0.0
0.0
0.0
0.0
0.021588280647648395
0.0
0.0
0.014836795252225476
0.0
0.0
0.010221465076660996
0.020540910647038668
0.03398058252427183
0.0
