0.21558245083207261
0.2151515151515152
0.07842597688497521
0.21498864496593495
0.341993281075028
0.4335652173913044
0.21547799696509862
0.2529543276908336
0.14576584914391488
0.4882671480144405
0.45781556572923476
0.3922466422466423
0.14002828854313998
0.3926196808510638
0.19653524492234165
0.21531463229719483
0.25303514376996805
0.1392166116092497
0.22569906790945404
0.13930581613508441
0.4012954966070327
0.21531463229719483
0.16265839151797257
0.43247531734837796
0.3218584496870486
0.30623926731539786
0.32271300989621043
0.3710263396911898
0.3220910623946037
0.2151515151515152
0.3971377459749553
0.09125964010282772
0.2151515151515152
0.30372015546918374
0.21531463229719483
0.3954444795950649
0.21541950113378683
0.1364728495915425
0.34802606362591026
0.16129032258064513
0.24139941690962097
0.43239908337740174
0.1541598694942904
0.4133765468473777
0.22619851451721806
0.2656058751529988
0.14031805425631427
0.21531463229719483
0.3926196808510638
0.335423197492163
0.0784691629955947
0.37119491140390737
0.4325515782049021
0.31612297582727056
0.21629855293221634
0.25939617991374
0.37085792101679527
0.4335652173913044
0.21531463229719483
0.4883552987903954
0.3927502494180246
0.4882671480144405
0.2151515151515152
0.21547799696509862
0.3710263396911898
0.4012954966070327
0.21531463229719483
0.13509255612445847
0.21607278241091732
0.43247531734837796
0.34632516703786187
0.2151515151515152
0.3222073876279484
0.3908613769682001
0.21531463229719483
0.3571428571428571
0.2151515151515152
0.23283160865475072
0.21596958174904946
0.21531463229719483
0.21531463229719483
0.39248919906945834
0.17044334975369457
0.4216617210682493
0.4014193150262265
0.33729662077597
0.3927502494180246
0.1359502154140737
0.43247531734837796
0.4039313399778516
0.4325515782049021
0.388545307878462
0.2151515151515152
0.3151408450704225
0.21662852784134246
0.4133765468473777
0.3926196808510638
0.2151515151515152
0.4325515782049021
0.37119491140390737
0.17044334975369457
0.34622606083364627
0.41301148071828087
0.30410958904109586
0.09449570474069358
0.3927502494180246
0.2164634146341463
0.2151515151515152
0.4336406331535919
0.20824656393169516
0.21673003802281365
0.3927502494180246
0.21531463229719483
0.43239908337740174
0.2151515151515152
0.21482602118003025
0.2264821395174864
0.43387096774193545
0.21531463229719483
0.1541598694942904
0.25303514376996805
0.43247531734837796
0.2151515151515152
0.21531463229719483
0.32268215928346644
0.30097087378640774
0.09446564885496178
0.321954484605087
0.21531463229719483
0.1541598694942904
0.2509986684420772
0.2575606513791957
0.10397629044208445
0.40404320132927163
0.13527329925285092
0.21531463229719483
0.17451047749914117
0.3030667468430547
0.3083623693379791
0.3492313756405203
0.2103154732098147
0.1420145190562614
0.1626163391933816
0.3379835129993659
0.21531463229719483
0.1613756613756614
0.32148411464119087
0.2168587896253602
0.32042572463768115
0.232722143864598
0.10758426966292134
0.2151515151515152
0.4014193150262265
0.2151515151515152
0.3379835129993659
0.3434996123029207
0.41349837901562037
0.4325515782049021
0.37119491140390737
0.32088487155090395
0.21627731725697064
0.32029573098020514
0.36765064649914614
0.4133765468473777
0.41281407035175877
0.3710263396911898
0.21629855293221634
0.0916104146576664
0.41561059907834097
0.2939527432919503
0.3927502494180246
0.41561059907834097
0.3927502494180246
0.1416781292984869
0.37119491140390737
0.30458383594692395
0.2151515151515152
0.13642891335567253
0.3926196808510638
0.43247531734837796
0.43239908337740174
0.34606824925816027
0.4133765468473777
0.4325515782049021
0.43247531734837796
0.2544262295081967
0.3926196808510638
0.2773833671399595
0.21531463229719483
0.3205433746425167
0.3927502494180246
0.3396574440052701
0.21498864496593495
0.4325515782049021
0.4325515782049021
0.2124183006535948
0.21482602118003025
0.2843197071384991
0.21775417298937783
0.3067590987868284
0.3926196808510638
0.4012954966070327
0.3927502494180246
0.2151515151515152
0.4883552987903954
0.2273351648351648
0.4883552987903954
0.4335652173913044
0.24727074235807855
0.2151515151515152
0.39656729900632337
0.4198638613861386
0.25217391304347825
0.3793402777777778
0.36616029334730227
0.7477477477477478
0.1541598694942904
0.4334898278560251
0.3231500339443313
0.4133765468473777
0.21482602118003025
0.4325515782049021
0.32172032676597795
0.18676627534685164
0.3215555555555556
0.3400158269585861
0.14070588235294113
0.3215555555555556
0.21547799696509862
0.4325515782049021
0.1364728495915425
0.21498864496593495
0.09134770022515282
0.41472172351885095
0.2529543276908336
0.21482602118003025
0.21498864496593495
0.4335652173913044
0.20579268292682928
0.2598039215686274
0.40404320132927163
0.2756563245823389
0.09125964010282772
0.41561059907834097
0.44592198581560283
0.21531463229719483
0.21531463229719483
0.28923476005188065
0.3202380952380952
0.3224017361948397
0.4132547864506627
0.16211962224554044
0.3220910623946037
0.251440189766181
0.4040373606507984
0.2151515151515152
0.27676095396561284
0.40404320132927163
0.2799393633148055
0.21498864496593495
0.7464028776978417
0.21531463229719483
0.5831578947368421
0.3430288461538461
0.21531463229719483
0.32088487155090395
0.2151515151515152
0.4133765468473777
0.21564160971905844
0.8089622641509434
0.4012954966070327
0.3481135744846363
0.21580547112462
0.4325515782049021
0.3452600516414607
0.16967509025270755
0.30386740331491713
0.21498864496593495
0.21590909090909094
0.43247531734837796
0.217160212604404
0.3421406180026869
0.4478394503706382
0.21531463229719483
0.4882671480144405
0.4325515782049021
0.43247531734837796
0.43247531734837796
0.14997813729777
0.21498864496593495
0.1877820201318986
0.21531463229719483
0.3212397885631908
0.37949836423118866
0.21531463229719483
0.21531463229719483
0.3927502494180246
0.3146992762665336
0.37072243346007605
0.3212328767123288
0.21965748324646317
0.43247531734837796
0.38842530282637955
0.21531463229719483
0.21531463229719483
0.21531463229719483
0.14070588235294113
0.4070338058887677
0.3921875
0.40404320132927163
0.2534974818130946
0.2151515151515152
0.21531463229719483
0.21531463229719483
0.37119491140390737
0.43247531734837796
0.21531463229719483
0.17952840300107176
0.3927502494180246
0.2151515151515152
0.0878636497208346
0.2151515151515152
0.21531463229719483
0.21531463229719483
0.37119491140390737
0.3209026128266034
0.1416171767930562
0.217160212604404
0.21531463229719483
0.4244954766875435
0.2220982142857143
0.3215555555555556
0.21617535903250185
0.4882671480144405
0.21531463229719483
0.43247531734837796
0.3927502494180246
0.43247531734837796
0.4883552987903954
0.2151515151515152
0.0782153676673093
0.21531463229719483
0.2164634146341463
0.41561059907834097
0.43247531734837796
0.21662852784134246
0.41301148071828087
0.3927502494180246
0.41301148071828087
0.3445378151260504
0.09501112170320936
0.2151515151515152
0.2151515151515152
0.14044152184124004
0.21531463229719483
0.21531463229719483
0.21531463229719483
0.2164634146341463
0.2151515151515152
0.4132547864506627
0.3926196808510638
0.09128897460623597
0.3379835129993659
0.25298013245033113
0.14997813729777
0.21558245083207261
0.4325515782049021
0.2151515151515152
0.3663522012578616
0.94
0.3989205103042198
0.40404320132927163
0.21580547112462
0.3926196808510638
0.21547799696509862
0.22565789473684206
0.7351129363449692
0.3176043557168784
0.32088487155090395
0.25058004640371234
0.15041539134236992
0.25885885885885884
0.21531463229719483
0.3603061782394751
0.40404320132927163
0.4478394503706382
0.21547799696509862
0.2151515151515152
0.37119491140390737
0.21547799696509862
0.21531463229719483
0.34646194926568763
0.3381795195954488
0.2151515151515152
0.20840266222961734
0.15004374453193348
0.3396474611944226
0.2510936132983377
0.19926739926739923
0.4039313399778516
0.21531463229719483
0.30747290359383916
0.3710263396911898
0.08702064896755157
0.7464028776978417
0.32141142582813254
0.10297691373025519
0.2151515151515152
0.21531463229719483
0.21531463229719483
0.3926196808510638
0.34684893419833174
0.22615076717811877
0.2151515151515152
0.3665443104352386
0.37119491140390737
0.2151515151515152
0.3945236099469125
0.4881790290561271
0.21531463229719483
0.2272727272727273
0.3220134874759152
0.23328658251519396
0.21531463229719483
0.3737973967176005
0.21531463229719483
0.4882671480144405
0.21498864496593495
0.1388625592417062
0.16181061394380858
0.21531463229719483
0.391508205261787
0.3585941790225151
0.2151515151515152
0.21498864496593495
0.21531463229719483
0.21531463229719483
0.4325515782049021
0.21547799696509862
0.2151515151515152
0.30353200883002207
0.2504151444702757
0.4882671480144405
0.4133765468473777
0.2506702412868632
0.21531463229719483
0.16127348643006267
0.21547799696509862
0.40404320132927163
0.4883552987903954
0.39777559699051357
0.30372015546918374
0.36701481661403934
0.2151515151515152
0.3223240115718419
0.21580547112462
0.4133765468473777
0.09137709137709138
0.2799393633148055
0.23283160865475072
0.30636195182211245
0.4335652173913044
0.4325515782049021
0.1592493297587131
0.37119491140390737
0.13914656771799627
0.3926196808510638
0.21531463229719483
0.45781556572923476
0.37119491140390737
0.33729662077597
0.13608049832295166
0.2915309446254072
0.3927502494180246
0.23472668810289388
0.4014193150262265
0.4131330977620731
0.39764551994767827
0.4325515782049021
0.22681110358835477
0.4012954966070327
0.21531463229719483
0.4010480887792849
0.3041833088080723
0.2264821395174864
0.2151515151515152
0.21981200289226321
0.20734693877551025
0.14002828854313998
0.14973730297723298
0.2151515151515152
0.21531463229719483
0.1541598694942904
0.3927502494180246
0.3710263396911898
0.21498864496593495
0.18745275888133028
0.32225365393682226
0.43247531734837796
0.21531463229719483
0.21531463229719483
0.4133765468473777
0.2151515151515152
0.14997813729777
0.39248919906945834
0.43239908337740174
0.21781437125748504
0.232722143864598
0.21531463229719483
0.21498864496593495
0.4011717545482578
0.21531463229719483
0.21531463229719483
0.2161339421613394
0.3035066505441354
0.23283160865475072
0.41349837901562037
0.44612644701691895
0.1940144478844169
0.2151515151515152
0.3926196808510638
0.43247531734837796
0.21791951404707666
0.34608243594504273
0.4039156626506024
0.2151515151515152
0.3379835129993659
0.22554890219560875
0.2151515151515152
0.42098123445625146
0.21683093252463992
0.21498864496593495
0.13259229853116317
0.2151515151515152
0.3663522012578616
0.37085792101679527
0.44902780301653644
0.21531463229719483
0.2151515151515152
0.34109552791743847
0.25298013245033113
0.08486646884272997
0.13642891335567253
0.24341507720254318
0.28431372549019607
0.39575866188769415
0.34282051282051285
0.21531463229719483
0.3710263396911898
0.37136363636363634
0.44886466848319706
0.22565789473684206
0.1364942528735632
0.21498864496593495
0.34287148594377514
0.3897435897435897
0.2151515151515152
0.321875
0.346765410585929
0.4133765468473777
0.43247531734837796
0.19304029304029302
0.3710263396911898
0.13899430740037955
0.374282982791587
0.4325515782049021
0.4881790290561271
0.21531463229719483
0.7073170731707317
0.42868462757527737
0.3926196808510638
0.4325515782049021
0.43247531734837796
0.4014193150262265
0.4882671480144405
0.4011717545482578
0.19421487603305787
0.40404320132927163
0.43247531734837796
0.2151515151515152
0.34066225165562913
0.3184098803550752
0.21531463229719483
0.22615076717811877
0.21732522796352582
0.21531463229719483
0.40404320132927163
0.4325515782049021
0.13608049832295166
0.37119491140390737
0.12634186622625931
0.22686771761480462
0.4133765468473777
0.2254180602006689
0.09163987138263663
0.2151515151515152
0.21531463229719483
0.22554890219560875
0.2151515151515152
0.32225365393682226
0.15004374453193348
0.4883552987903954
0.2151515151515152
0.37119491140390737
0.41730357688780184
0.25303514376996805
0.41301148071828087
0.25303514376996805
0.4133765468473777
0.13914656771799627
0.3438332929488733
0.35248447204968947
0.09370003197953314
0.21531463229719483
0.13608049832295166
0.21531463229719483
0.4336406331535919
0.34057203389830504
0.43239908337740174
0.21531463229719483
0.21580547112462
0.3926196808510638
0.4133765468473777
0.45127631824110304
0.37119491140390737
0.21531463229719483
0.39248919906945834
0.3663522012578616
0.21531463229719483
0.14834673815907062
0.4325515782049021
0.4325515782049021
0.22569906790945404
0.3927502494180246
0.7464028776978417
0.4335652173913044
0.3213091256569517
0.3437183383991894
0.41301148071828087
0.3991228070175439
0.2151515151515152
0.43247531734837796
0.3434125269978402
0.2151515151515152
0.4133765468473777
0.25976441413515194
0.38842530282637955
0.21498864496593495
0.2151515151515152
0.24891209747606613
0.21547799696509862
0.22563053851397408
0.3927502494180246
0.22766379880873588
0.2728731942215088
0.4133765468473777
0.4133765468473777
0.4132547864506627
0.4011717545482578
0.2151515151515152
0.21531463229719483
0.21623563218390807
0.21531463229719483
0.4133765468473777
0.43247531734837796
0.2151515151515152
0.4014193150262265
0.4519015659955258
0.34492626018049743
0.21580547112462
0.2323515661524077
0.25303514376996805
0.43239908337740174
0.4133765468473777
0.3926196808510638
0.22610415293342123
0.21531463229719483
0.24214202561117582
0.2151515151515152
0.25676526117054754
0.4154909300316729
0.3212397885631908
0.37091544025941636
0.2151515151515152
0.4325515782049021
0.4012954966070327
0.2151515151515152
0.21498864496593495
0.33704292527821944
0.21547799696509862
0.2151515151515152
0.13608049832295166
0.21531463229719483
0.08442330558858502
0.4133765468473777
0.4040373606507984
0.21580547112462
0.4133765468473777
0.4883552987903954
0.2151515151515152
0.2529543276908336
0.21531463229719483
0.39935634874195436
0.21629855293221634
0.21531463229719483
0.21531463229719483
0.3381979695431472
0.2151515151515152
0.4133765468473777
0.21531463229719483
0.30372015546918374
0.32088487155090395
0.3926196808510638
0.3927502494180246
0.21531463229719483
0.09131832797427653
0.4133765468473777
0.40381954054802105
0.2647342995169082
0.26391096979332274
0.43247531734837796
0.21699544764795142
0.2151515151515152
0.21531463229719483
0.21531463229719483
0.7490974729241877
0.43247531734837796
0.3434108527131783
0.21531463229719483
0.4883552987903954
0.21498864496593495
0.43714517437145173
0.32088487155090395
0.2512664640324215
0.4325515782049021
0.3926196808510638
0.9219512195121952
0.22610415293342123
0.14350797266514803
0.21531463229719483
0.43247531734837796
0.34276574803149606
0.13614573346116965
0.42218192807494714
0.4882671480144405
0.21531463229719483
0.2161339421613394
0.4336406331535919
0.43043403671298675
0.13933649289099526
0.37119491140390737
0.22619851451721806
0.4336406331535919
0.4325515782049021
0.3926196808510638
0.2151515151515152
0.3035215204024595
0.4336406331535919
0.25545171339563866
0.21531463229719483
0.086841330585811
0.345642540620384
0.3987206823027718
0.41561059907834097
0.22580645161290325
0.4325515782049021
0.4014193150262265
0.4395658608781451
0.30511571254567604
0.3215555555555556
0.25422626788036407
0.2151515151515152
0.41349837901562037
0.21498864496593495
0.2151515151515152
0.21531463229719483
0.43851444291609354
0.43232287627775823
0.2151515151515152
0.4404349975284232
0.2151515151515152
0.21531463229719483
0.14070588235294113
0.1963746223564955
0.2151515151515152
0.4325515782049021
0.39248919906945834
0.4040373606507984
0.9868173258003766
0.21590909090909094
0.2151515151515152
0.2271088680605624
0.3926196808510638
0.13941639647985182
0.09125964010282772
0.13956766917293228
0.3926196808510638
0.40371293987254087
0.21498864496593495
0.43247531734837796
0.4335652173913044
0.22580645161290325
0.3665443104352386
0.4883552987903954
0.21547799696509862
0.32225365393682226
0.4011717545482578
0.22651565622918057
0.21531463229719483
0.37119491140390737
0.2151515151515152
0.16002098635886675
0.43247531734837796
0.2151515151515152
0.41478809738503153
0.4336406331535919
0.2151515151515152
0.32088487155090395
0.4512254901960784
0.21531463229719483
0.3926196808510638
0.21498864496593495
0.2151515151515152
0.22582781456953638
0.2151515151515152
0.4133765468473777
0.21531463229719483
0.3139312977099237
0.3710263396911898
0.13642891335567253
0.30903790087463556
0.2164634146341463
0.21757618710134652
0.13899430740037955
0.4154909300316729
0.3578356304236856
0.21574564723694167
0.41249367728882147
0.21547799696509862
0.4325515782049021
0.4882671480144405
0.32703522276650343
0.4325515782049021
0.3927502494180246
0.41561059907834097
0.3222073876279484
0.37119491140390737
0.3926196808510638
0.37119491140390737
0.3926196808510638
0.4325515782049021
0.43247531734837796
0.21531463229719483
0.22619851451721806
0.4881790290561271
0.21596958174904946
0.37085792101679527
0.2151515151515152
0.4433582518688902
0.40404320132927163
0.4890052356020942
0.21590909090909094
0.4198638613861386
0.3927502494180246
0.4178647183596512
0.4014193150262265
0.21531463229719483
0.0846702317290553
0.40404320132927163
0.21781437125748504
0.33582677165354335
0.09125964010282772
0.4325515782049021
0.25303514376996805
0.37085792101679527
0.21531463229719483
0.412889935256033
0.2151515151515152
0.21531463229719483
0.27277406073082866
0.21617535903250185
0.2151515151515152
0.21558245083207261
0.3927502494180246
0.1541598694942904
0.305849582172702
0.21531463229719483
0.3071553228621291
0.15044642857142854
0.25281270681667767
0.21541950113378683
0.412889935256033
0.1541598694942904
0.1626163391933816
0.2151515151515152
0.1541598694942904
0.2613599742184982
0.21699544764795142
0.25798292760037944
0.3215555555555556
0.21531463229719483
0.2151515151515152
0.3405777895573814
0.3215555555555556
0.21596958174904946
0.43247531734837796
0.08437314319667266
0.32088487155090395
0.3215555555555556
0.41771376034324237
0.3432334710743802
0.37811071609954294
0.21531463229719483
0.42111801242236024
0.4883552987903954
0.3926196808510638
0.3045822102425876
0.2151515151515152
0.21580547112462
0.2151515151515152
0.16995073891625612
0.15004374453193348
0.21498864496593495
0.09137709137709138
0.21531463229719483
0.21531463229719483
0.4325515782049021
0.41771376034324237
0.32088487155090395
0.33992616033755274
0.43239908337740174
0.4226432115471358
0.321954484605087
0.21531463229719483
0.32088487155090395
0.43239908337740174
0.09538548114800227
0.4132547864506627
0.7490974729241877
0.3788728958282508
0.4014193150262265
0.3377693282636248
0.32225365393682226
0.336535895382973
0.21797752808988768
0.21531463229719483
0.3218584496870486
0.2108464267612773
0.43247531734837796
0.43247531734837796
0.37119491140390737
0.43247531734837796
0.22697368421052633
0.4117353308364544
0.21531463229719483
0.3452600516414607
0.21596958174904946
0.21498864496593495
0.43247531734837796
0.3926196808510638
0.4131330977620731
0.3927502494180246
0.21547799696509862
0.43247531734837796
0.7464028776978417
0.24302325581395345
0.4133765468473777
0.400765306122449
0.21531463229719483
0.30702917771883287
0.3926196808510638
0.4336406331535919
0.43239908337740174
0.43247531734837796
0.14669703872437356
0.09131832797427653
0.4325515782049021
0.32225365393682226
0.4404349975284232
0.28414634146341466
0.4133765468473777
0.3215555555555556
0.22580645161290325
0.39248919906945834
0.41301148071828087
0.2151515151515152
0.2151515151515152
0.08439821693907879
0.2505333739713502
0.09620808523973678
0.15993707393812273
0.16929460580912858
0.21531463229719483
0.32141142582813254
0.41561059907834097
0.24341507720254318
0.43608807549328
0.2509912084123427
0.2508383635144199
0.21547799696509862
0.2151515151515152
0.20280537697253065
0.08439821693907879
0.3022571148184494
0.21531463229719483
0.3926196808510638
0.2151515151515152
0.4325515782049021
0.25281270681667767
0.21531463229719483
0.11572250833080888
0.33992616033755274
0.18148760330578517
0.34057203389830504
0.21498864496593495
0.4133765468473777
0.21531463229719483
0.21531463229719483
0.258781146802762
0.4335652173913044
0.3032832498608793
0.3926196808510638
0.21498864496593495
0.4515489467162329
0.21531463229719483
0.14740673339399457
0.12799129804205944
0.37085792101679527
0.21531463229719483
0.13608049832295166
0.30372015546918374
0.21662852784134246
0.21531463229719483
0.3221153846153846
0.4039313399778516
0.21531463229719483
0.21629855293221634
0.16920806689621248
0.1541598694942904
0.3424212106053026
0.4154909300316729
0.4325515782049021
0.13425742574257427
0.21547799696509862
0.25050369375419745
0.3434108527131783
0.21233411397345825
0.13588516746411483
0.3710263396911898
0.3998175737306172
0.09125964010282772
0.4882671480144405
0.2756563245823389
0.3927502494180246
0.47432216905901115
0.18230659025787965
0.39777559699051357
0.21531463229719483
0.3611393692777213
0.3920224368962294
0.4132547864506627
0.3926196808510638
0.4133765468473777
0.21531463229719483
0.21590909090909094
0.2664153314483192
0.13729216152018997
0.32073228720874936
0.21547799696509862
0.34334235786364753
0.21629855293221634
0.21531463229719483
0.09594095940959413
0.3927502494180246
0.4012954966070327
0.192975685063682
0.3212397885631908
0.144806338028169
0.3927502494180246
0.21706016755521707
0.21574564723694167
0.5813221406086044
0.17044334975369457
0.2151515151515152
0.3927502494180246
0.3379835129993659
0.4014193150262265
0.1417431192660551
0.4881790290561271
0.17017114914425424
0.21547799696509862
0.2151515151515152
0.26716141001855287
0.33759652509652505
0.31788335264580925
0.18743491843110027
0.30618493570116345
0.4325515782049021
0.21531463229719483
0.3926196808510638
0.33629509962304793
0.21531463229719483
0.10758426966292134
0.4133765468473777
0.4133765468473777
0.37119491140390737
0.37119491140390737
0.15021834061135375
0.4325515782049021
0.30688806888068876
0.14016544117647056
0.37119491140390737
0.3710263396911898
0.3926196808510638
0.42573126142595974
0.25303514376996805
0.09131832797427653
0.3927502494180246
0.21531463229719483
0.40404320132927163
0.25885885885885884
0.2502515934250251
0.21531463229719483
0.21817343173431736
0.21531463229719483
0.24480874316939893
0.37119491140390737
0.1708517971442639
0.2151515151515152
0.321954484605087
0.4010480887792849
0.21482602118003025
0.4014193150262265
0.2151515151515152
0.2151515151515152
0.32225365393682226
0.225249169435216
0.21547799696509862
0.22565789473684206
0.321954484605087
0.2151515151515152
0.254726368159204
0.34608243594504273
0.20579268292682928
0.41301148071828087
0.4039313399778516
0.3212745567800671
0.3228384596754662
0.21547799696509862
0.3926196808510638
0.3226950354609929
0.2151515151515152
0.4728408473655622
0.3926196808510638
0.38758092995879934
0.21531463229719483
0.30747290359383916
0.4012954966070327
0.43247531734837796
0.43247531734837796
0.09125964010282772
0.3227602905569007
0.16832174776564046
0.41301148071828087
0.3045045045045045
0.4883552987903954
0.3384321223709369
0.43239908337740174
0.09125964010282772
0.3452600516414607
0.37584215591915304
0.4133765468473777
0.2661691542288557
0.30350194552529186
0.14657534246575343
0.25177185285183934
0.21531463229719483
0.43247531734837796
0.2151515151515152
0.37136363636363634
0.3037214885954381
0.21531463229719483
0.41788002329644724
0.4325515782049021
0.3585941790225151
0.1867496665184526
0.21531463229719483
0.08439821693907879
0.4325515782049021
0.16181061394380858
0.34408329101066526
0.4133765468473777
0.21531463229719483
0.4133765468473777
0.2151515151515152
0.2637920101458465
0.25920292059628836
0.2151515151515152
0.21531463229719483
0.22621423819028608
0.20579268292682928
0.4132547864506627
0.14940502423975321
0.21498864496593495
0.2800808897876643
0.14214123006833712
0.40404320132927163
0.4882671480144405
0.3384321223709369
0.4039313399778516
0.2677238805970149
0.13640730067243034
0.2656058751529988
0.20816158285243203
0.21699544764795142
0.2006420545746388
0.417639827904118
0.3437183383991894
0.3926196808510638
0.4336406331535919
0.3926196808510638
0.4882671480144405
0.7046450482033304
0.21547799696509862
0.21531463229719483
0.3886476426799007
0.43247531734837796
0.3926196808510638
0.4014193150262265
0.39248919906945834
0.21596958174904946
0.22580645161290325
0.3931623931623932
0.3927502494180246
0.21498864496593495
0.2509249915909856
0.4478394503706382
0.3370856785490932
0.37119491140390737
0.17143879742304935
0.1541598694942904
0.24214202561117582
0.4881790290561271
0.43247531734837796
0.13527329925285092
0.21558245083207261
0.21531463229719483
0.4325515782049021
0.1940144478844169
0.42102846648301195
0.19292104239595487
0.44902780301653644
0.2151515151515152
0.291644204851752
0.43247531734837796
0.41561059907834097
0.21531463229719483
0.4881790290561271
0.4336406331535919
0.43247531734837796
0.3926196808510638
0.4039156626506024
0.39088145896656534
0.21596958174904946
0.38752008569898233
0.32088487155090395
0.14940502423975321
0.4014193150262265
0.291689299293862
0.21531463229719483
0.2151515151515152
0.22599999999999998
0.34287925696594423
0.21498864496593495
0.3927502494180246
0.34487840825350036
0.21531463229719483
0.21531463229719483
0.3227602905569007
0.13947990543735223
0.3622478386167147
0.2151515151515152
0.4289391432248575
0.36735778841042
0.22599999999999998
0.4325515782049021
0.41661576053756877
0.16265839151797257
0.3269513991163475
0.25278810408921937
0.1364728495915425
0.3446255731023943
0.3926196808510638
0.3315723270440252
0.3927502494180246
0.32225365393682226
0.4012954966070327
0.34632516703786187
0.43247531734837796
0.2151515151515152
0.21617535903250185
0.9310344827586207
0.4132547864506627
0.36616029334730227
0.21498864496593495
0.3591859185918592
0.14973730297723298
0.09137709137709138
0.3927502494180246
0.3174386920980926
0.21574564723694167
0.33992616033755274
0.258781146802762
0.10297691373025519
0.4335652173913044
0.4039313399778516
0.20649198279233472
0.21574564723694167
0.43247531734837796
0.3675609756097561
0.4883552987903954
0.3424212106053026
0.41301148071828087
0.3926196808510638
0.21531463229719483
0.14168190127970748
0.4039156626506024
0.2867044738500315
0.2151515151515152
0.22554890219560875
0.28363154406891977
0.10247782196390331
0.4881790290561271
0.3927502494180246
0.19319938176197837
0.21531463229719483
0.14652014652014655
0.1364728495915425
0.16265839151797257
0.43247531734837796
0.34513274336283184
0.20579268292682928
0.4011717545482578
0.34500552893475855
0.37662964751327865
0.40404320132927163
0.4012954966070327
0.22580645161290325
0.4133765468473777
0.4154909300316729
0.2151515151515152
0.4133765468473777
0.3215555555555556
0.4039313399778516
0.4335652173913044
0.3438028509301764
0.2151515151515152
0.34608243594504273
0.25303514376996805
0.21531463229719483
0.25303514376996805
0.13640730067243034
0.4039313399778516
0.2151515151515152
0.21791951404707666
0.4881790290561271
0.13367905502736965
0.32225365393682226
0.34425831512503036
0.4198638613861386
0.37119491140390737
0.20585906571654788
0.22584943371085942
0.4133765468473777
0.14835886214442018
0.13601532567049812
0.3963221306277742
0.20579268292682928
0.37119491140390737
0.21531463229719483
0.34249743062692706
0.40404320132927163
0.2144388849177984
0.1364728495915425
0.2587584511370621
0.28808496515101223
0.41301148071828087
0.2151515151515152
0.426865671641791
0.2151515151515152
0.16111991547807714
0.1940144478844169
0.3220134874759152
0.4175320708613317
0.21564160971905844
0.4197339931951748
0.37119491140390737
0.4133765468473777
0.34561482820976497
0.40404320132927163
0.32284768211920534
0.3087209302325581
0.336489898989899
0.21531463229719483
0.2151515151515152
0.4882671480144405
0.33729662077597
0.30306406685236764
0.08439821693907879
0.14002828854313998
0.3927502494180246
0.4335652173913044
0.2151515151515152
0.3370856785490932
0.4325515782049021
0.08442330558858502
0.38621546103694504
0.4325515782049021
0.3926196808510638
0.21547799696509862
0.4133765468473777
0.37119491140390737
0.12679524004924092
0.39935634874195436
0.41561059907834097
0.2151515151515152
0.3210438113478573
0.21629855293221634
0.32333736396614265
0.4132547864506627
0.32088487155090395
0.21531463229719483
0.4132547864506627
0.4014193150262265
0.33729662077597
0.4883552987903954
0.21531463229719483
0.24079065588499549
0.2151515151515152
0.21531463229719483
0.21531463229719483
0.41561059907834097
0.4133765468473777
0.3048139158576052
0.21531463229719483
0.2151515151515152
0.4335652173913044
0.4039313399778516
0.22610415293342123
0.15028396679772826
0.21531463229719483
0.1869158878504673
0.2151515151515152
0.3926196808510638
0.1364728495915425
0.3923055321538893
0.1417875526438933
0.32225365393682226
0.21531463229719483
0.09125964010282772
0.4883552987903954
0.3065984072810012
0.20742904841402332
0.22569906790945404
0.16995073891625612
0.20304271503803395
0.21498864496593495
0.09591373439273554
0.3226040658276863
0.37671728127259585
0.3710263396911898
0.21965748324646317
0.4136202830188679
0.4883552987903954
0.4325515782049021
0.41349837901562037
0.2151515151515152
0.40404320132927163
0.21498864496593495
0.1499125874125874
0.4039313399778516
0.21498864496593495
0.2151515151515152
0.4039313399778516
0.3217809867629362
0.40404320132927163
0.21531463229719483
0.21531463229719483
0.4883552987903954
0.2151515151515152
0.3071182548794489
0.43247531734837796
0.21580547112462
0.2639691714836223
0.09128897460623597
0.43247531734837796
0.25701809107922646
0.32158273381294966
0.4133765468473777
0.21558245083207261
