0.21558245083207261
0.21515151515151515
0.07842597688497524
0.2149886449659349
0.341993281075028
0.4335652173913043
0.21547799696509864
0.2529543276908336
0.14576584914391486
0.48826714801444043
0.4578155657292348
0.39224664224664224
0.14002828854314003
0.39261968085106386
0.1965352449223417
0.21531463229719486
0.25303514376996805
0.13921661160924964
0.22569906790945407
0.13930581613508441
0.4012954966070327
0.21531463229719486
0.1626583915179726
0.432475317348378
0.32185844968704863
0.3062392673153978
0.3227130098962105
0.3710263396911898
0.3220910623946037
0.21515151515151515
0.39713774597495527
0.09125964010282776
0.21515151515151515
0.3037201554691838
0.21531463229719486
0.39544447959506485
0.21541950113378686
0.13647284959154252
0.3480260636259103
0.16129032258064516
0.241399416909621
0.43239908337740174
0.15415986949429036
0.41337654684737773
0.2261985145172181
0.26560587515299877
0.1403180542563143
0.21531463229719486
0.39261968085106386
0.335423197492163
0.07846916299559471
0.3711949114039073
0.43255157820490214
0.3161229758272706
0.2162985529322163
0.25939617991374
0.37085792101679527
0.4335652173913043
0.21531463229719486
0.48835529879039535
0.3927502494180246
0.48826714801444043
0.21515151515151515
0.21547799696509864
0.3710263396911898
0.4012954966070327
0.21531463229719486
0.13509255612445845
0.21607278241091737
0.432475317348378
0.3463251670378619
0.21515151515151515
0.32220738762794837
0.39086137696820006
0.21531463229719486
0.35714285714285715
0.21515151515151515
0.2328316086547507
0.21596958174904943
0.21531463229719486
0.21531463229719486
0.3924891990694583
0.17044334975369457
0.4216617210682493
0.40141931502622646
0.33729662077596995
0.3927502494180246
0.13595021541407373
0.432475317348378
0.40393133997785163
0.43255157820490214
0.388545307878462
0.21515151515151515
0.31514084507042256
0.21662852784134248
0.41337654684737773
0.39261968085106386
0.21515151515151515
0.43255157820490214
0.3711949114039073
0.17044334975369457
0.34622606083364627
0.4130114807182808
0.3041095890410959
0.0944957047406936
0.3927502494180246
0.21646341463414634
0.21515151515151515
0.4336406331535919
0.20824656393169513
0.21673003802281368
0.3927502494180246
0.21531463229719486
0.43239908337740174
0.21515151515151515
0.21482602118003025
0.22648213951748644
0.4338709677419355
0.21531463229719486
0.15415986949429036
0.25303514376996805
0.432475317348378
0.21515151515151515
0.21531463229719486
0.3226821592834665
0.30097087378640774
0.09446564885496184
0.321954484605087
0.21531463229719486
0.15415986949429036
0.25099866844207724
0.25756065137919576
0.10397629044208447
0.4040432013292717
0.13527329925285098
0.21531463229719486
0.1745104774991412
0.30306674684305474
0.3083623693379791
0.3492313756405203
0.21031547320981472
0.14201451905626133
0.1626163391933816
0.3379835129993659
0.21531463229719486
0.16137566137566137
0.32148411464119087
0.21685878962536023
0.32042572463768115
0.23272214386459802
0.10758426966292135
0.21515151515151515
0.40141931502622646
0.21515151515151515
0.3379835129993659
0.34349961230292064
0.4134983790156204
0.43255157820490214
0.3711949114039073
0.3208848715509039
0.2162773172569706
0.3202957309802051
0.36765064649914614
0.41337654684737773
0.4128140703517588
0.3710263396911898
0.2162985529322163
0.09161041465766634
0.415610599078341
0.2939527432919503
0.3927502494180246
0.415610599078341
0.3927502494180246
0.14167812929848694
0.3711949114039073
0.304583835946924
0.21515151515151515
0.13642891335567256
0.39261968085106386
0.432475317348378
0.43239908337740174
0.3460682492581602
0.41337654684737773
0.43255157820490214
0.432475317348378
0.2544262295081967
0.39261968085106386
0.2773833671399594
0.21531463229719486
0.3205433746425167
0.3927502494180246
0.3396574440052701
0.2149886449659349
0.43255157820490214
0.43255157820490214
0.21241830065359477
0.21482602118003025
0.2843197071384991
0.21775417298937785
0.30675909878682844
0.39261968085106386
0.4012954966070327
0.3927502494180246
0.21515151515151515
0.48835529879039535
0.22733516483516483
0.48835529879039535
0.4335652173913043
0.2472707423580786
0.21515151515151515
0.39656729900632337
0.4198638613861386
0.25217391304347825
0.3793402777777778
0.36616029334730227
0.7477477477477478
0.15415986949429036
0.433489827856025
0.3231500339443313
0.41337654684737773
0.21482602118003025
0.43255157820490214
0.3217203267659779
0.18676627534685167
0.32155555555555554
0.3400158269585861
0.14070588235294118
0.32155555555555554
0.21547799696509864
0.43255157820490214
0.13647284959154252
0.2149886449659349
0.09134770022515278
0.414721723518851
0.2529543276908336
0.21482602118003025
0.2149886449659349
0.4335652173913043
0.20579268292682926
0.25980392156862747
0.4040432013292717
0.2756563245823389
0.09125964010282776
0.415610599078341
0.44592198581560283
0.21531463229719486
0.21531463229719486
0.2892347600518807
0.3202380952380952
0.32240173619483964
0.4132547864506627
0.1621196222455404
0.3220910623946037
0.25144018976618093
0.4040373606507984
0.21515151515151515
0.27676095396561284
0.4040432013292717
0.27993936331480546
0.2149886449659349
0.7464028776978417
0.21531463229719486
0.5831578947368421
0.34302884615384616
0.21531463229719486
0.3208848715509039
0.21515151515151515
0.41337654684737773
0.21564160971905846
0.8089622641509434
0.4012954966070327
0.3481135744846363
0.21580547112462006
0.43255157820490214
0.34526005164146073
0.16967509025270758
0.30386740331491713
0.2149886449659349
0.2159090909090909
0.432475317348378
0.21716021260440393
0.34214061800268697
0.4478394503706382
0.21531463229719486
0.48826714801444043
0.43255157820490214
0.432475317348378
0.432475317348378
0.14997813729777001
0.2149886449659349
0.18778202013189865
0.21531463229719486
0.3212397885631908
0.37949836423118866
0.21531463229719486
0.21531463229719486
0.3927502494180246
0.31469927626653355
0.37072243346007605
0.32123287671232875
0.21965748324646314
0.432475317348378
0.38842530282637955
0.21531463229719486
0.21531463229719486
0.21531463229719486
0.14070588235294118
0.4070338058887677
0.3921875
0.4040432013292717
0.25349748181309456
0.21515151515151515
0.21531463229719486
0.21531463229719486
0.3711949114039073
0.432475317348378
0.21531463229719486
0.1795284030010718
0.3927502494180246
0.21515151515151515
0.08786364972083456
0.21515151515151515
0.21531463229719486
0.21531463229719486
0.3711949114039073
0.3209026128266033
0.1416171767930562
0.21716021260440393
0.21531463229719486
0.4244954766875435
0.22209821428571427
0.32155555555555554
0.2161753590325019
0.48826714801444043
0.21531463229719486
0.432475317348378
0.3927502494180246
0.432475317348378
0.48835529879039535
0.21515151515151515
0.07821536766730929
0.21531463229719486
0.21646341463414634
0.415610599078341
0.432475317348378
0.21662852784134248
0.4130114807182808
0.3927502494180246
0.4130114807182808
0.3445378151260504
0.09501112170320941
0.21515151515151515
0.21515151515151515
0.14044152184124
0.21531463229719486
0.21531463229719486
0.21531463229719486
0.21646341463414634
0.21515151515151515
0.4132547864506627
0.39261968085106386
0.09128897460623593
0.3379835129993659
0.25298013245033113
0.14997813729777001
0.21558245083207261
0.43255157820490214
0.21515151515151515
0.3663522012578616
0.94
0.3989205103042198
0.4040432013292717
0.21580547112462006
0.39261968085106386
0.21547799696509864
0.2256578947368421
0.7351129363449692
0.3176043557168784
0.3208848715509039
0.2505800464037123
0.15041539134236992
0.25885885885885884
0.21531463229719486
0.36030617823947514
0.4040432013292717
0.4478394503706382
0.21547799696509864
0.21515151515151515
0.3711949114039073
0.21547799696509864
0.21531463229719486
0.3464619492656876
0.3381795195954488
0.21515151515151515
0.2084026622296173
0.1500437445319335
0.3396474611944225
0.2510936132983377
0.19926739926739928
0.40393133997785163
0.21531463229719486
0.3074729035938391
0.3710263396911898
0.08702064896755163
0.7464028776978417
0.3214114258281325
0.10297691373025517
0.21515151515151515
0.21531463229719486
0.21531463229719486
0.39261968085106386
0.3468489341983318
0.22615076717811874
0.21515151515151515
0.3665443104352386
0.3711949114039073
0.21515151515151515
0.39452360994691255
0.48817902905612703
0.21531463229719486
0.22727272727272727
0.32201348747591524
0.23328658251519402
0.21531463229719486
0.3737973967176004
0.21531463229719486
0.48826714801444043
0.2149886449659349
0.13886255924170615
0.16181061394380852
0.21531463229719486
0.3915082052617869
0.3585941790225151
0.21515151515151515
0.2149886449659349
0.21531463229719486
0.21531463229719486
0.43255157820490214
0.21547799696509864
0.21515151515151515
0.30353200883002207
0.25041514447027563
0.48826714801444043
0.41337654684737773
0.25067024128686327
0.21531463229719486
0.16127348643006262
0.21547799696509864
0.4040432013292717
0.48835529879039535
0.39777559699051357
0.3037201554691838
0.36701481661403934
0.21515151515151515
0.3223240115718419
0.21580547112462006
0.41337654684737773
0.09137709137709138
0.27993936331480546
0.2328316086547507
0.3063619518221124
0.4335652173913043
0.43255157820490214
0.15924932975871314
0.3711949114039073
0.1391465677179963
0.39261968085106386
0.21531463229719486
0.4578155657292348
0.3711949114039073
0.33729662077596995
0.1360804983229516
0.2915309446254072
0.3927502494180246
0.2347266881028939
0.40141931502622646
0.413133097762073
0.3976455199476782
0.43255157820490214
0.22681110358835477
0.4012954966070327
0.21531463229719486
0.40104808877928483
0.3041833088080723
0.22648213951748644
0.21515151515151515
0.2198120028922632
0.2073469387755102
0.14002828854314003
0.14973730297723292
0.21515151515151515
0.21531463229719486
0.15415986949429036
0.3927502494180246
0.3710263396911898
0.2149886449659349
0.1874527588813303
0.32225365393682226
0.432475317348378
0.21531463229719486
0.21531463229719486
0.41337654684737773
0.21515151515151515
0.14997813729777001
0.3924891990694583
0.43239908337740174
0.21781437125748504
0.23272214386459802
0.21531463229719486
0.2149886449659349
0.40117175454825776
0.21531463229719486
0.21531463229719486
0.2161339421613394
0.30350665054413545
0.2328316086547507
0.4134983790156204
0.44612644701691895
0.19401444788441694
0.21515151515151515
0.39261968085106386
0.432475317348378
0.21791951404707668
0.3460824359450427
0.4039156626506024
0.21515151515151515
0.3379835129993659
0.22554890219560877
0.21515151515151515
0.4209812344562514
0.2168309325246399
0.2149886449659349
0.13259229853116317
0.21515151515151515
0.3663522012578616
0.37085792101679527
0.44902780301653644
0.21531463229719486
0.21515151515151515
0.34109552791743847
0.25298013245033113
0.08486646884272997
0.13642891335567256
0.24341507720254316
0.28431372549019607
0.39575866188769415
0.34282051282051285
0.21531463229719486
0.3710263396911898
0.37136363636363634
0.4488646684831971
0.2256578947368421
0.13649425287356323
0.2149886449659349
0.3428714859437751
0.38974358974358975
0.21515151515151515
0.321875
0.34676541058592897
0.41337654684737773
0.432475317348378
0.19304029304029305
0.3710263396911898
0.13899430740037952
0.374282982791587
0.43255157820490214
0.48817902905612703
0.21531463229719486
0.7073170731707317
0.4286846275752773
0.39261968085106386
0.43255157820490214
0.432475317348378
0.40141931502622646
0.48826714801444043
0.40117175454825776
0.19421487603305784
0.4040432013292717
0.432475317348378
0.21515151515151515
0.34066225165562913
0.3184098803550753
0.21531463229719486
0.22615076717811874
0.21732522796352582
0.21531463229719486
0.4040432013292717
0.43255157820490214
0.1360804983229516
0.3711949114039073
0.1263418662262593
0.22686771761480465
0.41337654684737773
0.2254180602006689
0.09163987138263666
0.21515151515151515
0.21531463229719486
0.22554890219560877
0.21515151515151515
0.32225365393682226
0.1500437445319335
0.48835529879039535
0.21515151515151515
0.3711949114039073
0.4173035768878019
0.25303514376996805
0.4130114807182808
0.25303514376996805
0.41337654684737773
0.1391465677179963
0.34383329294887327
0.35248447204968947
0.0937000319795331
0.21531463229719486
0.1360804983229516
0.21531463229719486
0.4336406331535919
0.3405720338983051
0.43239908337740174
0.21531463229719486
0.21580547112462006
0.39261968085106386
0.41337654684737773
0.45127631824110304
0.3711949114039073
0.21531463229719486
0.3924891990694583
0.3663522012578616
0.21531463229719486
0.1483467381590706
0.43255157820490214
0.43255157820490214
0.22569906790945407
0.3927502494180246
0.7464028776978417
0.4335652173913043
0.32130912565695174
0.34371833839918947
0.4130114807182808
0.3991228070175439
0.21515151515151515
0.432475317348378
0.3434125269978402
0.21515151515151515
0.41337654684737773
0.2597644141351519
0.38842530282637955
0.2149886449659349
0.21515151515151515
0.24891209747606616
0.21547799696509864
0.2256305385139741
0.3927502494180246
0.22766379880873594
0.27287319422150885
0.41337654684737773
0.41337654684737773
0.4132547864506627
0.40117175454825776
0.21515151515151515
0.21531463229719486
0.21623563218390804
0.21531463229719486
0.41337654684737773
0.432475317348378
0.21515151515151515
0.40141931502622646
0.4519015659955257
0.3449262601804975
0.21580547112462006
0.23235156615240768
0.25303514376996805
0.43239908337740174
0.41337654684737773
0.39261968085106386
0.22610415293342123
0.21531463229719486
0.2421420256111758
0.21515151515151515
0.2567652611705475
0.4154909300316729
0.3212397885631908
0.3709154402594163
0.21515151515151515
0.43255157820490214
0.4012954966070327
0.21515151515151515
0.2149886449659349
0.3370429252782194
0.21547799696509864
0.21515151515151515
0.1360804983229516
0.21531463229719486
0.08442330558858502
0.41337654684737773
0.4040373606507984
0.21580547112462006
0.41337654684737773
0.48835529879039535
0.21515151515151515
0.2529543276908336
0.21531463229719486
0.39935634874195436
0.2162985529322163
0.21531463229719486
0.21531463229719486
0.3381979695431472
0.21515151515151515
0.41337654684737773
0.21531463229719486
0.3037201554691838
0.3208848715509039
0.39261968085106386
0.3927502494180246
0.21531463229719486
0.09131832797427653
0.41337654684737773
0.40381954054802105
0.2647342995169082
0.26391096979332274
0.432475317348378
0.21699544764795145
0.21515151515151515
0.21531463229719486
0.21531463229719486
0.7490974729241877
0.432475317348378
0.3434108527131783
0.21531463229719486
0.48835529879039535
0.2149886449659349
0.43714517437145173
0.3208848715509039
0.2512664640324215
0.43255157820490214
0.39261968085106386
0.9219512195121952
0.22610415293342123
0.14350797266514806
0.21531463229719486
0.432475317348378
0.34276574803149606
0.1361457334611697
0.4221819280749471
0.48826714801444043
0.21531463229719486
0.2161339421613394
0.4336406331535919
0.4304340367129868
0.13933649289099526
0.3711949114039073
0.2261985145172181
0.4336406331535919
0.43255157820490214
0.39261968085106386
0.21515151515151515
0.3035215204024595
0.4336406331535919
0.2554517133956386
0.21531463229719486
0.086841330585811
0.345642540620384
0.39872068230277186
0.415610599078341
0.22580645161290322
0.43255157820490214
0.40141931502622646
0.43956586087814503
0.305115712545676
0.32155555555555554
0.2542262678803641
0.21515151515151515
0.4134983790156204
0.2149886449659349
0.21515151515151515
0.21531463229719486
0.43851444291609354
0.4323228762777582
0.21515151515151515
0.44043499752842313
0.21515151515151515
0.21531463229719486
0.14070588235294118
0.19637462235649547
0.21515151515151515
0.43255157820490214
0.3924891990694583
0.4040373606507984
0.9868173258003766
0.2159090909090909
0.21515151515151515
0.22710886806056235
0.39261968085106386
0.1394163964798518
0.09125964010282776
0.13956766917293234
0.39261968085106386
0.40371293987254087
0.2149886449659349
0.432475317348378
0.4335652173913043
0.22580645161290322
0.3665443104352386
0.48835529879039535
0.21547799696509864
0.32225365393682226
0.40117175454825776
0.22651565622918055
0.21531463229719486
0.3711949114039073
0.21515151515151515
0.16002098635886675
0.432475317348378
0.21515151515151515
0.4147880973850316
0.4336406331535919
0.21515151515151515
0.3208848715509039
0.45122549019607844
0.21531463229719486
0.39261968085106386
0.2149886449659349
0.21515151515151515
0.22582781456953643
0.21515151515151515
0.41337654684737773
0.21531463229719486
0.3139312977099237
0.3710263396911898
0.13642891335567256
0.30903790087463556
0.21646341463414634
0.21757618710134657
0.13899430740037952
0.4154909300316729
0.35783563042368555
0.2157456472369417
0.41249367728882147
0.21547799696509864
0.43255157820490214
0.48826714801444043
0.3270352227665034
0.43255157820490214
0.3927502494180246
0.415610599078341
0.32220738762794837
0.3711949114039073
0.39261968085106386
0.3711949114039073
0.39261968085106386
0.43255157820490214
0.432475317348378
0.21531463229719486
0.2261985145172181
0.48817902905612703
0.21596958174904943
0.37085792101679527
0.21515151515151515
0.44335825186889016
0.4040432013292717
0.48900523560209425
0.2159090909090909
0.4198638613861386
0.3927502494180246
0.41786471835965117
0.40141931502622646
0.21531463229719486
0.08467023172905526
0.4040432013292717
0.21781437125748504
0.3358267716535433
0.09125964010282776
0.43255157820490214
0.25303514376996805
0.37085792101679527
0.21531463229719486
0.41288993525603296
0.21515151515151515
0.21531463229719486
0.2727740607308286
0.2161753590325019
0.21515151515151515
0.21558245083207261
0.3927502494180246
0.15415986949429036
0.305849582172702
0.21531463229719486
0.30715532286212915
0.15044642857142856
0.2528127068166777
0.21541950113378686
0.41288993525603296
0.15415986949429036
0.1626163391933816
0.21515151515151515
0.15415986949429036
0.2613599742184982
0.21699544764795145
0.2579829276003794
0.32155555555555554
0.21531463229719486
0.21515151515151515
0.3405777895573814
0.32155555555555554
0.21596958174904943
0.432475317348378
0.0843731431966726
0.3208848715509039
0.32155555555555554
0.4177137603432424
0.3432334710743802
0.37811071609954294
0.21531463229719486
0.42111801242236024
0.48835529879039535
0.39261968085106386
0.3045822102425876
0.21515151515151515
0.21580547112462006
0.21515151515151515
0.16995073891625614
0.1500437445319335
0.2149886449659349
0.09137709137709138
0.21531463229719486
0.21531463229719486
0.43255157820490214
0.4177137603432424
0.3208848715509039
0.33992616033755274
0.43239908337740174
0.42264321154713574
0.321954484605087
0.21531463229719486
0.3208848715509039
0.43239908337740174
0.09538548114800226
0.4132547864506627
0.7490974729241877
0.3788728958282508
0.40141931502622646
0.3377693282636248
0.32225365393682226
0.33653589538297307
0.21797752808988763
0.21531463229719486
0.32185844968704863
0.21084642676127724
0.432475317348378
0.432475317348378
0.3711949114039073
0.432475317348378
0.22697368421052633
0.4117353308364544
0.21531463229719486
0.34526005164146073
0.21596958174904943
0.2149886449659349
0.432475317348378
0.39261968085106386
0.413133097762073
0.3927502494180246
0.21547799696509864
0.432475317348378
0.7464028776978417
0.24302325581395348
0.41337654684737773
0.400765306122449
0.21531463229719486
0.30702917771883287
0.39261968085106386
0.4336406331535919
0.43239908337740174
0.432475317348378
0.14669703872437356
0.09131832797427653
0.43255157820490214
0.32225365393682226
0.44043499752842313
0.2841463414634146
0.41337654684737773
0.32155555555555554
0.22580645161290322
0.3924891990694583
0.4130114807182808
0.21515151515151515
0.21515151515151515
0.08439821693907876
0.25053337397135017
0.09620808523973676
0.1599370739381227
0.16929460580912864
0.21531463229719486
0.3214114258281325
0.415610599078341
0.24341507720254316
0.43608807549327994
0.2509912084123427
0.25083836351441985
0.21547799696509864
0.21515151515151515
0.20280537697253068
0.08439821693907876
0.30225711481844947
0.21531463229719486
0.39261968085106386
0.21515151515151515
0.43255157820490214
0.2528127068166777
0.21531463229719486
0.11572250833080884
0.33992616033755274
0.18148760330578512
0.3405720338983051
0.2149886449659349
0.41337654684737773
0.21531463229719486
0.21531463229719486
0.25878114680276193
0.4335652173913043
0.30328324986087923
0.39261968085106386
0.2149886449659349
0.45154894671623297
0.21531463229719486
0.14740673339399454
0.12799129804205947
0.37085792101679527
0.21531463229719486
0.1360804983229516
0.3037201554691838
0.21662852784134248
0.21531463229719486
0.32211538461538464
0.40393133997785163
0.21531463229719486
0.2162985529322163
0.16920806689621248
0.15415986949429036
0.3424212106053027
0.4154909300316729
0.43255157820490214
0.13425742574257427
0.21547799696509864
0.25050369375419745
0.3434108527131783
0.21233411397345825
0.13588516746411483
0.3710263396911898
0.3998175737306172
0.09125964010282776
0.48826714801444043
0.2756563245823389
0.3927502494180246
0.47432216905901115
0.18230659025787965
0.39777559699051357
0.21531463229719486
0.3611393692777213
0.39202243689622934
0.4132547864506627
0.39261968085106386
0.41337654684737773
0.21531463229719486
0.2159090909090909
0.2664153314483192
0.13729216152019003
0.3207322872087494
0.21547799696509864
0.34334235786364753
0.2162985529322163
0.21531463229719486
0.0959409594095941
0.3927502494180246
0.4012954966070327
0.19297568506368198
0.3212397885631908
0.144806338028169
0.3927502494180246
0.21706016755521707
0.2157456472369417
0.5813221406086044
0.17044334975369457
0.21515151515151515
0.3927502494180246
0.3379835129993659
0.40141931502622646
0.14174311926605504
0.48817902905612703
0.17017114914425427
0.21547799696509864
0.21515151515151515
0.26716141001855287
0.3375965250965251
0.3178833526458092
0.1874349184311003
0.3061849357011635
0.43255157820490214
0.21531463229719486
0.39261968085106386
0.33629509962304793
0.21531463229719486
0.10758426966292135
0.41337654684737773
0.41337654684737773
0.3711949114039073
0.3711949114039073
0.15021834061135372
0.43255157820490214
0.3068880688806888
0.1401654411764706
0.3711949114039073
0.3710263396911898
0.39261968085106386
0.4257312614259598
0.25303514376996805
0.09131832797427653
0.3927502494180246
0.21531463229719486
0.4040432013292717
0.25885885885885884
0.2502515934250252
0.21531463229719486
0.21817343173431733
0.21531463229719486
0.2448087431693989
0.3711949114039073
0.1708517971442639
0.21515151515151515
0.321954484605087
0.40104808877928483
0.21482602118003025
0.40141931502622646
0.21515151515151515
0.21515151515151515
0.32225365393682226
0.22524916943521595
0.21547799696509864
0.2256578947368421
0.321954484605087
0.21515151515151515
0.25472636815920396
0.3460824359450427
0.20579268292682926
0.4130114807182808
0.40393133997785163
0.32127455678006706
0.3228384596754662
0.21547799696509864
0.39261968085106386
0.32269503546099293
0.21515151515151515
0.4728408473655622
0.39261968085106386
0.3875809299587993
0.21531463229719486
0.3074729035938391
0.4012954966070327
0.432475317348378
0.432475317348378
0.09125964010282776
0.32276029055690075
0.16832174776564052
0.4130114807182808
0.3045045045045045
0.48835529879039535
0.3384321223709369
0.43239908337740174
0.09125964010282776
0.34526005164146073
0.37584215591915304
0.41337654684737773
0.26616915422885573
0.3035019455252918
0.14657534246575343
0.25177185285183934
0.21531463229719486
0.432475317348378
0.21515151515151515
0.37136363636363634
0.3037214885954382
0.21531463229719486
0.4178800232964473
0.43255157820490214
0.3585941790225151
0.18674966651845265
0.21531463229719486
0.08439821693907876
0.43255157820490214
0.16181061394380852
0.3440832910106653
0.41337654684737773
0.21531463229719486
0.41337654684737773
0.21515151515151515
0.2637920101458465
0.2592029205962884
0.21515151515151515
0.21531463229719486
0.2262142381902861
0.20579268292682926
0.4132547864506627
0.1494050242397532
0.2149886449659349
0.2800808897876643
0.14214123006833712
0.4040432013292717
0.48826714801444043
0.3384321223709369
0.40393133997785163
0.2677238805970149
0.13640730067243034
0.26560587515299877
0.208161582852432
0.21699544764795145
0.20064205457463885
0.417639827904118
0.34371833839918947
0.39261968085106386
0.4336406331535919
0.39261968085106386
0.48826714801444043
0.7046450482033304
0.21547799696509864
0.21531463229719486
0.38864764267990076
0.432475317348378
0.39261968085106386
0.40141931502622646
0.3924891990694583
0.21596958174904943
0.22580645161290322
0.39316239316239315
0.3927502494180246
0.2149886449659349
0.2509249915909855
0.4478394503706382
0.33708567854909316
0.3711949114039073
0.1714387974230494
0.15415986949429036
0.2421420256111758
0.48817902905612703
0.432475317348378
0.13527329925285098
0.21558245083207261
0.21531463229719486
0.43255157820490214
0.19401444788441694
0.42102846648301195
0.1929210423959549
0.44902780301653644
0.21515151515151515
0.291644204851752
0.432475317348378
0.415610599078341
0.21531463229719486
0.48817902905612703
0.4336406331535919
0.432475317348378
0.39261968085106386
0.4039156626506024
0.39088145896656534
0.21596958174904943
0.38752008569898233
0.3208848715509039
0.1494050242397532
0.40141931502622646
0.29168929929386206
0.21531463229719486
0.21515151515151515
0.226
0.3428792569659443
0.2149886449659349
0.3927502494180246
0.34487840825350036
0.21531463229719486
0.21531463229719486
0.32276029055690075
0.13947990543735225
0.3622478386167147
0.21515151515151515
0.4289391432248575
0.36735778841042
0.226
0.43255157820490214
0.4166157605375687
0.1626583915179726
0.3269513991163476
0.2527881040892193
0.13647284959154252
0.3446255731023943
0.39261968085106386
0.3315723270440252
0.3927502494180246
0.32225365393682226
0.4012954966070327
0.3463251670378619
0.432475317348378
0.21515151515151515
0.2161753590325019
0.9310344827586207
0.4132547864506627
0.36616029334730227
0.2149886449659349
0.35918591859185917
0.14973730297723292
0.09137709137709138
0.3927502494180246
0.31743869209809267
0.2157456472369417
0.33992616033755274
0.25878114680276193
0.10297691373025517
0.4335652173913043
0.40393133997785163
0.20649198279233477
0.2157456472369417
0.432475317348378
0.3675609756097561
0.48835529879039535
0.3424212106053027
0.4130114807182808
0.39261968085106386
0.21531463229719486
0.1416819012797075
0.4039156626506024
0.2867044738500315
0.21515151515151515
0.22554890219560877
0.2836315440689198
0.10247782196390333
0.48817902905612703
0.3927502494180246
0.19319938176197837
0.21531463229719486
0.14652014652014653
0.13647284959154252
0.1626583915179726
0.432475317348378
0.34513274336283184
0.20579268292682926
0.40117175454825776
0.34500552893475855
0.3766296475132786
0.4040432013292717
0.4012954966070327
0.22580645161290322
0.41337654684737773
0.4154909300316729
0.21515151515151515
0.41337654684737773
0.32155555555555554
0.40393133997785163
0.4335652173913043
0.3438028509301764
0.21515151515151515
0.3460824359450427
0.25303514376996805
0.21531463229719486
0.25303514376996805
0.13640730067243034
0.40393133997785163
0.21515151515151515
0.21791951404707668
0.48817902905612703
0.13367905502736963
0.32225365393682226
0.34425831512503036
0.4198638613861386
0.3711949114039073
0.2058590657165479
0.22584943371085942
0.41337654684737773
0.14835886214442012
0.1360153256704981
0.39632213062777427
0.20579268292682926
0.3711949114039073
0.21531463229719486
0.34249743062692706
0.4040432013292717
0.21443888491779842
0.13647284959154252
0.2587584511370621
0.2880849651510123
0.4130114807182808
0.21515151515151515
0.42686567164179107
0.21515151515151515
0.16111991547807714
0.19401444788441694
0.32201348747591524
0.4175320708613317
0.21564160971905846
0.41973399319517474
0.3711949114039073
0.41337654684737773
0.3456148282097649
0.4040432013292717
0.3228476821192053
0.30872093023255814
0.336489898989899
0.21531463229719486
0.21515151515151515
0.48826714801444043
0.33729662077596995
0.3030640668523677
0.08439821693907876
0.14002828854314003
0.3927502494180246
0.4335652173913043
0.21515151515151515
0.33708567854909316
0.43255157820490214
0.08442330558858502
0.38621546103694504
0.43255157820490214
0.39261968085106386
0.21547799696509864
0.41337654684737773
0.3711949114039073
0.12679524004924086
0.39935634874195436
0.415610599078341
0.21515151515151515
0.3210438113478573
0.2162985529322163
0.3233373639661427
0.4132547864506627
0.3208848715509039
0.21531463229719486
0.4132547864506627
0.40141931502622646
0.33729662077596995
0.48835529879039535
0.21531463229719486
0.2407906558849955
0.21515151515151515
0.21531463229719486
0.21531463229719486
0.415610599078341
0.41337654684737773
0.3048139158576052
0.21531463229719486
0.21515151515151515
0.4335652173913043
0.40393133997785163
0.22610415293342123
0.15028396679772826
0.21531463229719486
0.18691588785046728
0.21515151515151515
0.39261968085106386
0.13647284959154252
0.39230553215388936
0.1417875526438933
0.32225365393682226
0.21531463229719486
0.09125964010282776
0.48835529879039535
0.30659840728100113
0.20742904841402338
0.22569906790945407
0.16995073891625614
0.20304271503803395
0.2149886449659349
0.09591373439273553
0.32260406582768636
0.3767172812725958
0.3710263396911898
0.21965748324646314
0.41362028301886794
0.48835529879039535
0.43255157820490214
0.4134983790156204
0.21515151515151515
0.4040432013292717
0.2149886449659349
0.14991258741258742
0.40393133997785163
0.2149886449659349
0.21515151515151515
0.40393133997785163
0.3217809867629362
0.4040432013292717
0.21531463229719486
0.21531463229719486
0.48835529879039535
0.21515151515151515
0.3071182548794489
0.432475317348378
0.21580547112462006
0.26396917148362237
0.09128897460623593
0.432475317348378
0.25701809107922646
0.32158273381294966
0.41337654684737773
0.21558245083207261
