0.12081390419669347
0.12054329371816641
0.040813403981096896
0.12044105173876163
0.2062677292989329
0.27678472299322754
0.12074829931972786
0.1447897623400366
0.07861242825056147
0.32298507462686565
0.2968617472434266
0.24397190051262574
0.07528517110266164
0.24426059979317472
0.10897648227890033
0.12064570943075614
0.14484272128749087
0.07481612985036779
0.12720450281425888
0.07486765817998486
0.2510129268763265
0.12064570943075614
0.08852920478536241
0.27589697446856376
0.19179457753550422
0.18080432578573846
0.19240178442941436
0.22776693615834964
0.19195979899497484
0.12054329371816641
0.2477678571428571
0.04781144781144786
0.12054329371816641
0.179050736497545
0.12064570943075614
0.2464511041009464
0.12071156289707752
0.07323362558019597
0.21067285382830625
0.08771929824561409
0.13726790450928383
0.2758349263465647
0.08351745470614225
0.2605385329619313
0.12752188808526832
0.15314043754410722
0.07545271629778671
0.12064570943075614
0.24426059979317472
0.2015065913370998
0.0408367961025935
0.2278940027894003
0.27595905051186864
0.18773519163763064
0.12126387702818109
0.14902654867256637
0.22764001114516574
0.27678472299322754
0.12064570943075614
0.32306222381464234
0.24436168011587
0.32298507462686565
0.12054329371816641
0.12074829931972786
0.22776693615834964
0.2510129268763265
0.12064570943075614
0.07243928194297777
0.12112197195070118
0.27589697446856376
0.2094276094276094
0.12054329371816641
0.19204244031830242
0.24290099769762086
0.12064570943075614
0.21739130434782605
0.12054329371816641
0.13175405908969928
0.12105711849957379
0.12064570943075614
0.12064570943075614
0.24415960305974782
0.09316101238556818
0.26715548035344994
0.25110982435823204
0.2028603688370343
0.24436168011587
0.07293271700051362
0.27589697446856376
0.2530789245446661
0.27595905051186864
0.2411146337393626
0.12054329371816641
0.18704284221525602
0.12147134302822926
0.2605385329619313
0.24426059979317472
0.12054329371816641
0.27595905051186864
0.2278940027894003
0.09316101238556818
0.209355131698456
0.2602485624188462
0.17932148626817446
0.04959091668058102
0.24436168011587
0.12136752136752138
0.12054329371816641
0.2768461965574681
0.1162250116225012
0.12153518123667373
0.24436168011587
0.12064570943075614
0.2758349263465647
0.12054329371816641
0.12033898305084745
0.12770220394389964
0.2770339855818743
0.12064570943075614
0.08351745470614225
0.14484272128749087
0.27589697446856376
0.12054329371816641
0.12064570943075614
0.19237985279261072
0.17714285714285716
0.04957436154231343
0.1918627842042282
0.12064570943075614
0.08351745470614225
0.14350970688998854
0.14781613580011443
0.0548391298684382
0.25316675342703454
0.07254323070434421
0.12064570943075614
0.09559653744824992
0.17859673990077962
0.1822863027806385
0.211556829035339
0.11751538891997759
0.07643467643467639
0.08850429154354866
0.2033574971384967
0.12064570943075614
0.0877697841726619
0.19152878888153546
0.12161616161616162
0.19077794256437908
0.1316839584996009
0.05685023007273271
0.12054329371816641
0.25110982435823204
0.12054329371816641
0.2033574971384967
0.20736464347012018
0.26063533345718004
0.27595905051186864
0.2278940027894003
0.1911035557444397
0.12125052809463455
0.1906857873065455
0.22522791809893883
0.2605385329619313
0.26009181573531737
0.22776693615834964
0.12126387702818109
0.048004042445679684
0.26231594255589896
0.17230046948356803
0.24436168011587
0.26231594255589896
0.24436168011587
0.07623982235381199
0.2278940027894003
0.17965136961935257
0.12054329371816641
0.07320832263036214
0.24426059979317472
0.27589697446856376
0.2758349263465647
0.20923973985198474
0.2605385329619313
0.27595905051186864
0.27589697446856376
0.14575507137490606
0.24426059979317472
0.1610244333235208
0.12064570943075614
0.19086135944373495
0.24436168011587
0.20457070306300584
0.12044105173876163
0.27595905051186864
0.27595905051186864
0.11882998171846437
0.12033898305084745
0.16571834992887624
0.12217965091528304
0.18116683725690885
0.24426059979317472
0.2510129268763265
0.24436168011587
0.12054329371816641
0.32306222381464234
0.1282448663308795
0.32306222381464234
0.27678472299322754
0.14107754593584554
0.12054329371816641
0.24732394366197186
0.2657137262580771
0.14427860696517414
0.23406534547402247
0.2241102917601795
0.5971223021582734
0.08351745470614225
0.2767232767232767
0.19271255060728743
0.2605385329619313
0.12033898305084745
0.27595905051186864
0.1916964924838941
0.10300176574455566
0.19157950483251684
0.20483076434133163
0.07567704378638318
0.19157950483251684
0.12074829931972786
0.27595905051186864
0.07323362558019597
0.12044105173876163
0.04785979103471516
0.26160815402038506
0.1447897623400366
0.12033898305084745
0.12044105173876163
0.27678472299322754
0.1146983857264231
0.14929577464788735
0.25316675342703454
0.15986159169550174
0.04781144781144786
0.26231594255589896
0.286936679977182
0.12064570943075614
0.12064570943075614
0.16906747536012134
0.1906449326718639
0.19218053758804077
0.2604418043437906
0.08821010562375109
0.19195979899497484
0.14379844961240307
0.25316216726448937
0.12054329371816641
0.1606050852912777
0.25316675342703454
0.16274970622796714
0.12044105173876163
0.5954088952654233
0.12064570943075614
0.4115898959881129
0.20702161613230818
0.12064570943075614
0.1911035557444397
0.12054329371816641
0.2605385329619313
0.12085106382978728
0.6792079207920791
0.2510129268763265
0.21073699081704733
0.12095400340715501
0.27595905051186864
0.20864913062862234
0.09270216962524658
0.17915309446254069
0.12044105173876163
0.12101910828025475
0.27589697446856376
0.12180579216354348
0.20637493246893568
0.2885264997087944
0.12064570943075614
0.32298507462686565
0.27595905051186864
0.27589697446856376
0.27589697446856376
0.08106830536516185
0.12044105173876163
0.10361999616931628
0.12064570943075614
0.19135537426649496
0.23418573351278604
0.12064570943075614
0.12064570943075614
0.24436168011587
0.18673182289352885
0.22753792298716458
0.19135046919624643
0.12337933918862398
0.27589697446856376
0.24102221479873054
0.12064570943075614
0.12064570943075614
0.12064570943075614
0.07567704378638318
0.2555194249529351
0.24392614188532558
0.25316675342703454
0.14514578660685673
0.12054329371816641
0.12064570943075614
0.12064570943075614
0.2278940027894003
0.27589697446856376
0.12064570943075614
0.09861642625846334
0.24436168011587
0.12054329371816641
0.045950514830182865
0.12054329371816641
0.12064570943075614
0.12064570943075614
0.2278940027894003
0.19111614089687368
0.07620452310717796
0.12180579216354348
0.12064570943075614
0.26943462897526504
0.12492153170119269
0.19157950483251684
0.12118644067796613
0.32298507462686565
0.12064570943075614
0.27589697446856376
0.24436168011587
0.27589697446856376
0.32306222381464234
0.12054329371816641
0.04069934078532533
0.12064570943075614
0.12136752136752138
0.26231594255589896
0.27589697446856376
0.12147134302822926
0.2602485624188462
0.24436168011587
0.2602485624188462
0.20812182741116747
0.04987489574645543
0.12054329371816641
0.12054329371816641
0.07552412225309424
0.12064570943075614
0.12064570943075614
0.12064570943075614
0.12136752136752138
0.12054329371816641
0.2604418043437906
0.24426059979317472
0.047827551364095666
0.2033574971384967
0.1448066717210008
0.08106830536516185
0.12081390419669347
0.27595905051186864
0.12054329371816641
0.22425409047160727
0.8867924528301887
0.2491572172847073
0.25316675342703454
0.12095400340715501
0.24426059979317472
0.12074829931972786
0.12717834631071556
0.5811688311688312
0.18878101402373249
0.1911035557444397
0.14323607427055707
0.08132387706855793
0.14867195584684378
0.12064570943075614
0.21973991330443476
0.25316675342703454
0.2885264997087944
0.12074829931972786
0.12054329371816641
0.2278940027894003
0.12074829931972786
0.12064570943075614
0.20952765442067012
0.2034994294408521
0.12054329371816641
0.11632226607847684
0.08110664459683137
0.20456346062430675
0.1435717858929465
0.11065907241659889
0.2530789245446661
0.12064570943075614
0.181664981462757
0.22776693615834964
0.045489591364687776
0.5954088952654233
0.19147719147719144
0.05428342674139308
0.12054329371816641
0.12064570943075614
0.12064570943075614
0.24426059979317472
0.2098107918710581
0.12749153817224523
0.12054329371816641
0.22439807383627608
0.2278940027894003
0.12054329371816641
0.24573616428820044
0.32290796227766505
0.12064570943075614
0.1282051282051282
0.19190469355533224
0.132045514686425
0.12064570943075614
0.2298590568992518
0.12064570943075614
0.32298507462686565
0.12044105173876163
0.07461166284695697
0.08802717237475233
0.12064570943075614
0.24340080971659916
0.2184677149548344
0.12054329371816641
0.12044105173876163
0.12064570943075614
0.12064570943075614
0.27595905051186864
0.12074829931972786
0.12054329371816641
0.17891997397527648
0.14312832194381164
0.32298507462686565
0.2605385329619313
0.1432950191570881
0.12064570943075614
0.08770933863184782
0.12074829931972786
0.25316675342703454
0.32306222381464234
0.24826459779501842
0.179050736497545
0.22475085527294358
0.12054329371816641
0.19212530535996553
0.12095400340715501
0.2605385329619313
0.04787592717464595
0.16274970622796714
0.13175405908969928
0.1808898614150255
0.27678472299322754
0.27595905051186864
0.0865132537139528
0.2278940027894003
0.0747756729810568
0.24426059979317472
0.12064570943075614
0.2968617472434266
0.2278940027894003
0.2028603688370343
0.0730077120822622
0.1706387035271687
0.24436168011587
0.13296903460837883
0.25110982435823204
0.2603451475227315
0.24816326530612243
0.27595905051186864
0.1279114165712104
0.2510129268763265
0.12064570943075614
0.25081935608251393
0.17937275319201684
0.12770220394389964
0.12054329371816641
0.12347684809098292
0.11566484517304187
0.07528517110266164
0.08092759110269754
0.12054329371816641
0.12064570943075614
0.08351745470614225
0.24436168011587
0.22776693615834964
0.12044105173876163
0.10341951626355295
0.19207531263172684
0.27589697446856376
0.12064570943075614
0.12064570943075614
0.2605385329619313
0.12054329371816641
0.08106830536516185
0.24415960305974782
0.2758349263465647
0.12221755564888703
0.1316839584996009
0.12064570943075614
0.12044105173876163
0.2509161041465766
0.12064570943075614
0.12064570943075614
0.12116040955631402
0.17890235210263716
0.13175405908969928
0.26063533345718004
0.28710601719197704
0.10742857142857143
0.12054329371816641
0.24426059979317472
0.27589697446856376
0.12228376651043882
0.20925011225864387
0.2530666163427062
0.12054329371816641
0.2033574971384967
0.12710911136107983
0.12054329371816641
0.26660939289805274
0.12159863945578231
0.12044105173876163
0.07100340136054417
0.12054329371816641
0.22425409047160727
0.22764001114516574
0.2895137668424136
0.12064570943075614
0.12054329371816641
0.20561493061094271
0.1448066717210008
0.04431360396653239
0.07320832263036214
0.1385729058945191
0.1657142857142857
0.24669521504375347
0.20686987467120532
0.12064570943075614
0.22776693615834964
0.22802121127546748
0.28937814732404266
0.12717834631071556
0.07324595219737862
0.12044105173876163
0.20690699787943045
0.2420382165605095
0.12054329371816641
0.1918063314711359
0.20974967061923588
0.2605385329619313
0.27589697446856376
0.10683154267180217
0.22776693615834964
0.07468773897527403
0.23022640399882388
0.27595905051186864
0.32290796227766505
0.12064570943075614
0.5471698113207547
0.27281896116994453
0.24426059979317472
0.27595905051186864
0.27589697446856376
0.25110982435823204
0.32298507462686565
0.2509161041465766
0.10755148741418763
0.25316675342703454
0.27589697446856376
0.12054329371816641
0.2053001277139208
0.18935047050722975
0.12064570943075614
0.12749153817224523
0.12190963341858485
0.12064570943075614
0.25316675342703454
0.27595905051186864
0.0730077120822622
0.2278940027894003
0.06743058616130448
0.12794742945496718
0.2605385329619313
0.1270260082924991
0.048020219039595635
0.12054329371816641
0.12064570943075614
0.12710911136107983
0.12054329371816641
0.19207531263172684
0.08110664459683137
0.32306222381464234
0.12054329371816641
0.2278940027894003
0.26366621595518636
0.14484272128749087
0.2602485624188462
0.14484272128749087
0.2605385329619313
0.0747756729810568
0.20760790051207023
0.21394910461828465
0.04915282670692833
0.12064570943075614
0.0730077120822622
0.12064570943075614
0.2768461965574681
0.20523459942547084
0.2758349263465647
0.12064570943075614
0.12095400340715501
0.24426059979317472
0.2605385329619313
0.29138594802694895
0.2278940027894003
0.12064570943075614
0.24415960305974782
0.22425409047160727
0.12064570943075614
0.08011583011583012
0.27595905051186864
0.27595905051186864
0.12720450281425888
0.24436168011587
0.5954088952654233
0.27678472299322754
0.19140458232531665
0.20752408625172047
0.2602485624188462
0.24931506849315066
0.12054329371816641
0.27589697446856376
0.20730117340286836
0.12054329371816641
0.2605385329619313
0.14926968293551834
0.24102221479873054
0.12044105173876163
0.12054329371816641
0.14214711729622265
0.12074829931972786
0.1271609681137149
0.24436168011587
0.128454070201643
0.1579925650557621
0.2605385329619313
0.2605385329619313
0.2604418043437906
0.2509161041465766
0.12054329371816641
0.12064570943075614
0.12122432541280714
0.12064570943075614
0.2605385329619313
0.27589697446856376
0.12054329371816641
0.25110982435823204
0.29190751445086704
0.20840537305492757
0.12095400340715501
0.13144670722031204
0.14484272128749087
0.2758349263465647
0.2605385329619313
0.24426059979317472
0.1274619100706057
0.12064570943075614
0.13774834437086092
0.12054329371816641
0.14729241877256316
0.26222060694166816
0.19135537426649496
0.22768335630071967
0.12054329371816641
0.27595905051186864
0.2510129268763265
0.12054329371816641
0.12044105173876163
0.20267686424474185
0.12074829931972786
0.12054329371816641
0.0730077120822622
0.12064570943075614
0.044072004965859723
0.2605385329619313
0.25316216726448937
0.12095400340715501
0.2605385329619313
0.32306222381464234
0.12054329371816641
0.1447897623400366
0.12064570943075614
0.24949734966185344
0.12126387702818109
0.12064570943075614
0.12064570943075614
0.2035127911416571
0.12054329371816641
0.2605385329619313
0.12064570943075614
0.179050736497545
0.1911035557444397
0.24426059979317472
0.24436168011587
0.12064570943075614
0.0478436657681941
0.2605385329619313
0.2529911565805445
0.1525612472160356
0.15201465201465203
0.27589697446856376
0.12170212765957444
0.12054329371816641
0.12064570943075614
0.12064570943075614
0.5988455988455988
0.27589697446856376
0.20729995320542816
0.12064570943075614
0.32306222381464234
0.12044105173876163
0.2797093928386092
0.1911035557444397
0.14368482039397446
0.27595905051186864
0.24426059979317472
0.8552036199095022
0.1274619100706057
0.07730061349693251
0.12064570943075614
0.27589697446856376
0.20682999257609502
0.07304526748971196
0.2675732618272362
0.32298507462686565
0.12064570943075614
0.12116040955631402
0.2768461965574681
0.2742376215979888
0.07488537952114116
0.2278940027894003
0.12752188808526832
0.2768461965574681
0.27595905051186864
0.24426059979317472
0.12054329371816641
0.17891268533772653
0.2768461965574681
0.14642857142857146
0.12064570943075614
0.04539159870749343
0.20892857142857146
0.2490013315579228
0.26231594255589896
0.12727272727272732
0.27595905051186864
0.25110982435823204
0.2816945937401202
0.18002155946819975
0.19157950483251684
0.14562383612662944
0.12054329371816641
0.26063533345718004
0.12044105173876163
0.12054329371816641
0.12064570943075614
0.280831571529246
0.27577290612703764
0.12054329371816641
0.2824088748019017
0.12054329371816641
0.12064570943075614
0.07567704378638318
0.10887772194304857
0.12054329371816641
0.27595905051186864
0.24415960305974782
0.25316216726448937
0.9739776951672863
0.12101910828025475
0.12054329371816641
0.12810085400569338
0.24426059979317472
0.07493154095095844
0.04781144781144786
0.07501894417782273
0.24426059979317472
0.25290748134004515
0.12044105173876163
0.27589697446856376
0.27678472299322754
0.12727272727272732
0.22439807383627608
0.32306222381464234
0.12074829931972786
0.19207531263172684
0.2509161041465766
0.12772351615326827
0.12064570943075614
0.2278940027894003
0.12054329371816641
0.08696891930424866
0.27589697446856376
0.12054329371816641
0.26166097838452784
0.2768461965574681
0.12054329371816641
0.1911035557444397
0.2913435670200981
0.12064570943075614
0.24426059979317472
0.12044105173876163
0.12054329371816641
0.12728630085852932
0.12054329371816641
0.2605385329619313
0.12064570943075614
0.18619128466327106
0.22776693615834964
0.07320832263036214
0.1827586206896552
0.12136752136752138
0.12206759443339965
0.07468773897527403
0.26222060694166816
0.2179048803232826
0.12091641917691986
0.2598375019913972
0.12074829931972786
0.27595905051186864
0.32298507462686565
0.19548243167875068
0.27595905051186864
0.24436168011587
0.26231594255589896
0.19204244031830242
0.2278940027894003
0.24426059979317472
0.2278940027894003
0.24426059979317472
0.27595905051186864
0.27589697446856376
0.12064570943075614
0.12752188808526832
0.32290796227766505
0.12105711849957379
0.22764001114516574
0.12054329371816641
0.28481714074621356
0.25316675342703454
0.32363132363132363
0.12101910828025475
0.2657137262580771
0.24436168011587
0.264114404886042
0.25110982435823204
0.12064570943075614
0.044206607724523006
0.25316675342703454
0.12221755564888703
0.20179796546013717
0.04781144781144786
0.27595905051186864
0.14484272128749087
0.22764001114516574
0.12064570943075614
0.26015204895234567
0.12054329371816641
0.12064570943075614
0.15792610250297978
0.12118644067796613
0.12054329371816641
0.12081390419669347
0.24436168011587
0.08351745470614225
0.18053271950016447
0.12064570943075614
0.1814432989690722
0.0813420226888728
0.14469696969696966
0.12071156289707752
0.26015204895234567
0.08351745470614225
0.08850429154354866
0.12054329371816641
0.08351745470614225
0.15032437442075997
0.12170212765957444
0.14809437386569868
0.19157950483251684
0.12064570943075614
0.12054329371816641
0.20523877974764415
0.19157950483251684
0.12105711849957379
0.27589697446856376
0.044044665012407
0.1911035557444397
0.19157950483251684
0.2639938020530699
0.20717069368667185
0.23312979489588226
0.12064570943075614
0.26671911880409127
0.32306222381464234
0.24426059979317472
0.17965023847376793
0.12054329371816641
0.12095400340715501
0.12054329371816641
0.09286675639300135
0.08110664459683137
0.12044105173876163
0.04787592717464595
0.12064570943075614
0.12064570943075614
0.27595905051186864
0.2639938020530699
0.1911035557444397
0.20476568705321685
0.2758349263465647
0.2679439519588218
0.1918627842042282
0.12064570943075614
0.1911035557444397
0.2758349263465647
0.050081252769980766
0.2604418043437906
0.5988455988455988
0.2337095560571859
0.25110982435823204
0.2032024399542509
0.19207531263172684
0.20231028397240491
0.12232030264817151
0.12064570943075614
0.19179457753550422
0.11784702549575066
0.27589697446856376
0.27589697446856376
0.2278940027894003
0.27589697446856376
0.1280148423005566
0.2592359691872347
0.12064570943075614
0.20864913062862234
0.12105711849957379
0.12044105173876163
0.27589697446856376
0.24426059979317472
0.2603451475227315
0.24436168011587
0.12074829931972786
0.27589697446856376
0.5954088952654233
0.13831899404367964
0.2605385329619313
0.2505981815281544
0.12064570943075614
0.18135526831179005
0.24426059979317472
0.2768461965574681
0.2758349263465647
0.27589697446856376
0.07915437561455263
0.0478436657681941
0.27595905051186864
0.19207531263172684
0.2824088748019017
0.1656005685856432
0.2605385329619313
0.19157950483251684
0.12727272727272732
0.24415960305974782
0.2602485624188462
0.12054329371816641
0.12054329371816641
0.04405833074775056
0.143205574912892
0.05053497942386831
0.0869193502422343
0.0924750679963735
0.12064570943075614
0.19147719147719144
0.26231594255589896
0.1385729058945191
0.2788443956847687
0.14350482948945398
0.14340490797546013
0.12074829931972786
0.12054329371816641
0.1128455284552845
0.04405833074775056
0.17803468208092488
0.12064570943075614
0.24426059979317472
0.12054329371816641
0.27595905051186864
0.14469696969696966
0.12064570943075614
0.061414790996784596
0.20476568705321685
0.09980003635702595
0.20523459942547084
0.12044105173876163
0.2605385329619313
0.12064570943075614
0.12064570943075614
0.1486206896551724
0.27678472299322754
0.17874713020662514
0.24426059979317472
0.12044105173876163
0.29161331626120357
0.12064570943075614
0.0795677799607073
0.06837110207243846
0.22764001114516574
0.12064570943075614
0.0730077120822622
0.179050736497545
0.12147134302822926
0.12064570943075614
0.1919770773638968
0.2530789245446661
0.12064570943075614
0.12126387702818109
0.092423428264374
0.08351745470614225
0.20657914591821336
0.26222060694166816
0.27595905051186864
0.07195924432180001
0.12074829931972786
0.14318618042226483
0.20729995320542816
0.11877729257641922
0.0728952772073922
0.22776693615834964
0.2498574957248717
0.04781144781144786
0.32298507462686565
0.15986159169550174
0.24436168011587
0.3108927451390341
0.10029556650246307
0.24826459779501842
0.12064570943075614
0.22036002482929862
0.24379844961240305
0.2604418043437906
0.24426059979317472
0.2605385329619313
0.12064570943075614
0.12101910828025475
0.15367886915549112
0.0737056873246621
0.1909953277644061
0.12074829931972786
0.20725003714158374
0.12126387702818109
0.12064570943075614
0.050387596899224785
0.24436168011587
0.2510129268763265
0.10679196924391288
0.19135537426649496
0.07805456702253855
0.24436168011587
0.12174284493806065
0.12091641917691986
0.4097633136094675
0.09316101238556818
0.12054329371816641
0.24436168011587
0.2033574971384967
0.25110982435823204
0.07627746235497412
0.32290796227766505
0.09299839657936937
0.12074829931972786
0.12054329371816641
0.1541755888650964
0.20307736971984325
0.18897818599311134
0.10340865568747604
0.18076644974692702
0.27595905051186864
0.12064570943075614
0.24426059979317472
0.20213626800453144
0.12064570943075614
0.05685023007273271
0.2605385329619313
0.2605385329619313
0.2278940027894003
0.2278940027894003
0.08120868744098209
0.27595905051186864
0.18125681075190703
0.07536446750679515
0.2278940027894003
0.22776693615834964
0.24426059979317472
0.27043112207867614
0.14484272128749087
0.0478436657681941
0.24436168011587
0.12064570943075614
0.25316675342703454
0.14867195584684378
0.14302147239263807
0.12064570943075614
0.12244369660885324
0.12064570943075614
0.13947696139476962
0.2278940027894003
0.09340511440107668
0.12054329371816641
0.1918627842042282
0.25081935608251393
0.12033898305084745
0.25110982435823204
0.12054329371816641
0.12054329371816641
0.19207531263172684
0.1269187570198428
0.12074829931972786
0.12717834631071556
0.1918627842042282
0.12054329371816641
0.1459521094640821
0.20925011225864387
0.1146983857264231
0.2602485624188462
0.2530789245446661
0.1913800485229057
0.19249097472924193
0.12074829931972786
0.24426059979317472
0.19238900634249467
0.12054329371816641
0.3096211986484083
0.24426059979317472
0.24037233071728414
0.12064570943075614
0.181664981462757
0.2510129268763265
0.27589697446856376
0.27589697446856376
0.04781144781144786
0.19243539771907026
0.09189482244510705
0.2602485624188462
0.17959617428267804
0.32306222381464234
0.2036823935558113
0.2758349263465647
0.04781144781144786
0.20864913062862234
0.2314074074074074
0.2605385329619313
0.15351506456241037
0.17889908256880738
0.07908351810790837
0.14401544401544397
0.12064570943075614
0.27589697446856376
0.12054329371816641
0.22802121127546748
0.17905166312809628
0.12064570943075614
0.2641266335357998
0.27595905051186864
0.2184677149548344
0.10299166257969594
0.12064570943075614
0.04405833074775056
0.27595905051186864
0.08802717237475233
0.20779021622450544
0.2605385329619313
0.12064570943075614
0.2605385329619313
0.12054329371816641
0.1519357195032871
0.1488989863684027
0.12054329371816641
0.12064570943075614
0.1275318829707427
0.1146983857264231
0.2604418043437906
0.08073350797808998
0.12044105173876163
0.16284538506760726
0.07650809220205979
0.25316675342703454
0.32298507462686565
0.2036823935558113
0.2530789245446661
0.1545503500269252
0.07319587628865976
0.15314043754410722
0.1161720726938118
0.12170212765957444
0.1115075825156111
0.26393474461060396
0.20752408625172047
0.24426059979317472
0.2768461965574681
0.24426059979317472
0.32298507462686565
0.5439783491204331
0.12074829931972786
0.12064570943075614
0.24119345524542835
0.27589697446856376
0.24426059979317472
0.25110982435823204
0.24415960305974782
0.12105711849957379
0.12727272727272732
0.24468085106382975
0.24436168011587
0.12044105173876163
0.14346153846153842
0.2885264997087944
0.2027077848815344
0.2278940027894003
0.09375611665688
0.08351745470614225
0.13774834437086092
0.32290796227766505
0.27589697446856376
0.07254323070434421
0.12081390419669347
0.12064570943075614
0.27595905051186864
0.10742857142857143
0.26664728118639136
0.1067585019371502
0.2895137668424136
0.12054329371816641
0.17071631429473022
0.27589697446856376
0.26231594255589896
0.12064570943075614
0.32290796227766505
0.2768461965574681
0.27589697446856376
0.24426059979317472
0.2530666163427062
0.24291650925576125
0.12105711849957379
0.24032552732104306
0.1911035557444397
0.08073350797808998
0.25110982435823204
0.1707472178060413
0.12064570943075614
0.12054329371816641
0.12739571589627963
0.20691265763661837
0.12044105173876163
0.24436168011587
0.20837043633125552
0.12064570943075614
0.12064570943075614
0.19243539771907026
0.07496823379923756
0.22118599331339084
0.12054329371816641
0.2730251609128145
0.22500814067079122
0.12739571589627963
0.27595905051186864
0.2631172839506173
0.08852920478536241
0.19542253521126762
0.14468085106382977
0.07323362558019597
0.20818587474996153
0.24426059979317472
0.19873341375150788
0.24436168011587
0.19207531263172684
0.2510129268763265
0.2094276094276094
0.27589697446856376
0.12054329371816641
0.12118644067796613
0.8709677419354839
0.2604418043437906
0.2241102917601795
0.12044105173876163
0.2189071404626215
0.08092759110269754
0.04787592717464595
0.24436168011587
0.18866396761133608
0.12091641917691986
0.20476568705321685
0.1486206896551724
0.05428342674139308
0.27678472299322754
0.2530789245446661
0.11513301351940686
0.12091641917691986
0.27589697446856376
0.22516061556850442
0.32306222381464234
0.20657914591821336
0.2602485624188462
0.24426059979317472
0.12064570943075614
0.07624200688637484
0.2530666163427062
0.16734093416697315
0.12054329371816641
0.12710911136107983
0.16525096525096528
0.05400612606803157
0.32290796227766505
0.24436168011587
0.106928999144568
0.12064570943075614
0.07905138339920947
0.07323362558019597
0.08852920478536241
0.27589697446856376
0.20855614973262027
0.1146983857264231
0.2509161041465766
0.2084632516703786
0.23200475907198093
0.25316675342703454
0.2510129268763265
0.12727272727272732
0.2605385329619313
0.26222060694166816
0.12054329371816641
0.2605385329619313
0.19157950483251684
0.2530789245446661
0.27678472299322754
0.20758570386579134
0.12054329371816641
0.20925011225864387
0.14484272128749087
0.12064570943075614
0.14484272128749087
0.07319587628865976
0.2530789245446661
0.12054329371816641
0.12228376651043882
0.32290796227766505
0.07162704538437792
0.19207531263172684
0.20791788856304982
0.2657137262580771
0.2278940027894003
0.11473962930273607
0.12730003755163355
0.2605385329619313
0.08012290238714248
0.0729701952723536
0.247133254250692
0.1146983857264231
0.2278940027894003
0.12064570943075614
0.2066346302898775
0.25316675342703454
0.12009607686148915
0.07323362558019597
0.1486057183198023
0.16828227995347034
0.2602485624188462
0.12054329371816641
0.2713472485768501
0.12054329371816641
0.08761850043091068
0.10742857142857143
0.19190469355533224
0.26384867786141675
0.12085106382978728
0.26560970835779996
0.2278940027894003
0.2605385329619313
0.2089083208088537
0.25316675342703454
0.19249753208292197
0.1825369542798212
0.20227703984819734
0.12064570943075614
0.12054329371816641
0.32298507462686565
0.2028603688370343
0.17859487852921863
0.04405833074775056
0.07528517110266164
0.24436168011587
0.27678472299322754
0.12054329371816641
0.2027077848815344
0.27595905051186864
0.044072004965859723
0.23932281646787223
0.27595905051186864
0.24426059979317472
0.12074829931972786
0.2605385329619313
0.2278940027894003
0.06768893756845562
0.24949734966185344
0.26231594255589896
0.12054329371816641
0.19121631256238414
0.12126387702818109
0.19284580989470645
0.2604418043437906
0.1911035557444397
0.12064570943075614
0.2604418043437906
0.25110982435823204
0.2028603688370343
0.32306222381464234
0.12064570943075614
0.13687436159346267
0.12054329371816641
0.12064570943075614
0.12064570943075614
0.26231594255589896
0.2605385329619313
0.179811478343873
0.12064570943075614
0.12054329371816641
0.27678472299322754
0.2530789245446661
0.1274619100706057
0.08124704770902225
0.12064570943075614
0.1030927835051546
0.12054329371816641
0.24426059979317472
0.07323362558019597
0.24401746724890827
0.07630319818685471
0.19207531263172684
0.12064570943075614
0.04781144781144786
0.32306222381464234
0.1810547531071549
0.11571594877764846
0.12720450281425888
0.09286675639300135
0.11299251058287207
0.12044105173876163
0.05037257824143071
0.1923243399220892
0.2320712694877506
0.22776693615834964
0.12337933918862398
0.26073220590968227
0.32306222381464234
0.27595905051186864
0.26063533345718004
0.12054329371816641
0.25316675342703454
0.12044105173876163
0.08103000236239077
0.2530789245446661
0.12044105173876163
0.12054329371816641
0.2530789245446661
0.19173956690090344
0.25316675342703454
0.12064570943075614
0.12064570943075614
0.32306222381464234
0.12054329371816641
0.18141742963716512
0.27589697446856376
0.12095400340715501
0.1520532741398446
0.047827551364095666
0.27589697446856376
0.14745884037222623
0.19159879982854688
0.2605385329619313
0.12081390419669347
