0.0
0.0
0.0
0.0
0.037982973149967236
0.03781388478581982
0.0
0.010156580617858624
0.004314994606256728
0.07322654462242562
0.04217215482380132
0.036768263183357575
0.0
0.0
0.015373352855051259
0.0
0.010160880609652811
0.002188183807439792
0.01690617075232459
0.002175095160413254
0.04712812960235646
0.0
0.0
0.028959276018099556
0.024922118380062308
0.06481481481481477
0.02366040361864996
0.04416839199447897
0.02494802494802495
0.0
0.033922599139990406
0.0
0.0
0.06557377049180324
0.0
0.06825938566552903
0.0
0.0
0.021851638872915413
0.002515723270440251
0.003828483920367498
0.02895054282267795
0.0
0.027357107962872496
0.013769363166953541
0.033816425120772986
0.004333694474539573
0.0
0.0
0.013953488372092981
0.0
0.04419889502762431
0.02896801448400721
0.005460750853242269
0.0
0.006611570247933907
0.044137931034482714
0.03781388478581982
0.0
0.07325049051667754
0.0
0.07322654462242562
0.0
0.0
0.04416839199447897
0.04712812960235646
0.0
0.010810810810810811
0.0
0.028959276018099556
0.04676843130886654
0.0
0.026837060702875393
0.004038364462392696
0.0
0.015873015873015928
0.0
0.03775811209439528
0.0
0.0
0.0
0.0
0.011737089201877882
0.03562592775853535
0.047151277013752435
0.0
0.0
0.0
0.028959276018099556
0.02886783942264326
0.02896801448400721
0.03562340966921118
0.0
0.0014668133480014722
0.0
0.027357107962872496
0.0
0.0
0.02896801448400721
0.04419889502762431
0.011737089201877882
0.0449808008776742
0.02731707317073173
0.06823184152604544
0.0
0.0
0.0
0.0
0.0378250591016549
0.03453529710512948
0.0
0.0
0.0
0.02895054282267795
0.0
0.0
0.0
0.10687022900763354
0.0
0.0
0.010160880609652811
0.028959276018099556
0.0
0.0
0.023726448011165413
0.05028854080791423
0.0
0.026897214217098897
0.0
0.0
0.003542958370239102
0.0
0.0
0.028880866425992746
0.009013068949977443
0.0
0.004968944099378869
0.06153846153846154
0.0629425649095201
0.03955788248981962
0.0025300442757748565
0.006305832895428298
0.0
0.0
0.0
0.0025173064820641633
0.02800763844684917
0.007305936073059405
0.025965595585848766
0.037735849056603765
0.014883720930232602
0.0
0.047151277013752435
0.0
0.0
0.0260736196319018
0.027370478983382185
0.02896801448400721
0.04419889502762431
0.027257240204429323
0.0
0.025974025974025983
0.05401459854014601
0.027357107962872496
0.059557344064386286
0.04416839199447897
0.0
0.0
0.041568256967406736
0.012877939529675198
0.0
0.041568256967406736
0.0
0.006369426751592355
0.04419889502762431
0.05569205569205571
0.0
0.0
0.0
0.028959276018099556
0.02895054282267795
0.04547915538711422
0.027357107962872496
0.02896801448400721
0.028959276018099556
0.006986899563318771
0.0
0.06002638522427439
0.0
0.027294438758103
0.0
0.014162077104642012
0.0
0.02896801448400721
0.02896801448400721
0.03792415169660679
0.0
0.01676445934618609
0.0
0.06103286384976525
0.0
0.04712812960235646
0.0
0.0
0.07325049051667754
0.014022787028922012
0.07325049051667754
0.03781388478581982
0.04896551724137932
0.0
0.04933586337760909
0.01883830455259028
0.004480955937266606
0.01830663615560646
0.09566517189835577
0.3137254901960784
0.0
0.03780271707028948
0.015794669299111552
0.027357107962872496
0.0
0.02896801448400721
0.024870466321243567
0.005221932114882533
0.028016555237185603
0.014184397163120588
0.0
0.028016555237185603
0.0
0.02896801448400721
0.0
0.0
0.0
0.029761904761904767
0.010156580617858624
0.0
0.0
0.03781388478581982
0.011385199240986688
0.008210180623973717
0.028880866425992746
0.025682182985553803
0.0
0.041568256967406736
0.10201149425287359
0.0
0.0
0.010830324909747335
0.027257240204429323
0.02498265093684937
0.02734375
0.002498438475952547
0.02494802494802495
0.0018075011296881938
0.06077872744539414
0.0
0.02102102102102099
0.028880866425992746
0.0
0.0
0.31219512195121957
0.0
0.0
0.028439388553146094
0.0
0.027257240204429323
0.0
0.027357107962872496
0.0
0.4413793103448276
0.04712812960235646
0.041189931350114395
0.0
0.02896801448400721
0.04723564143853998
0.013480392156862697
0.06528189910979232
0.0
0.0
0.028959276018099556
0.0
0.037982973149967236
0.034155597722960174
0.0
0.07322654462242562
0.02896801448400721
0.028959276018099556
0.028959276018099556
0.012195121951219523
0.0
0.010152284263959421
0.0
0.02485329651363477
0.042624789680314024
0.0
0.0
0.0
0.002904865649963728
0.035387177352206534
0.02492620531321743
0.0
0.028959276018099556
0.035653650254668934
0.0
0.0
0.0
0.0
0.06047516198704106
0.004605936540429845
0.028880866425992746
0.016949152542372836
0.0
0.0
0.0
0.04419889502762431
0.028959276018099556
0.0
0.010342598577892659
0.0
0.0
0.0
0.0
0.0
0.0
0.04419889502762431
0.025894378194207812
0.0063458487572712885
0.0
0.0
0.0634201585503964
0.03507152745731423
0.028016555237185603
0.0
0.07322654462242562
0.0
0.028959276018099556
0.0
0.028959276018099556
0.07325049051667754
0.0
0.0
0.0
0.0
0.041568256967406736
0.028959276018099556
0.0
0.02731707317073173
0.0
0.02731707317073173
0.028679245283018906
0.0
0.0
0.0
0.0021810250817884125
0.0
0.0
0.0
0.0
0.0
0.02734375
0.0
0.0
0.0
0.04081632653061229
0.012195121951219523
0.0
0.02896801448400721
0.0
0.09573672400897537
0.0
0.03467297084318366
0.028880866425992746
0.0
0.0
0.0
0.019983347210657754
0.1103448275862069
0.016993464052287632
0.027257240204429323
0.005279366476022895
0.012201321809862775
0.009630818619582704
0.0
0.07582938388625593
0.028880866425992746
0.034155597722960174
0.0
0.0
0.04419889502762431
0.0
0.0
0.046738072054527735
0.0
0.0
0.03450025367833587
0.012201321809862775
0.014139827179890041
0.003724394785847296
0.00906618313689933
0.02886783942264326
0.0
0.0618238021638331
0.04416839199447897
0.0
0.31219512195121957
0.024836150396688517
0.006727211570803915
0.0
0.0
0.0
0.0
0.04859939250759371
0.016949152542372836
0.0
0.09580838323353291
0.04419889502762431
0.0
0.04284452296819785
0.07320261437908493
0.0
0.0172562553925798
0.02493938344302049
0.03755868544600938
0.0
0.0018042399639152107
0.0
0.07322654462242562
0.0
0.0021965952773201902
0.004941321803582421
0.0
0.05958132045088571
0.07594936708860756
0.0
0.0
0.0
0.0
0.02896801448400721
0.0
0.0
0.06518518518518523
0.005288673424416079
0.07322654462242562
0.027357107962872496
0.0035650623885917776
0.0
0.004953560371517063
0.0
0.028880866425992746
0.07325049051667754
0.0650076180802438
0.06557377049180324
0.055112400290065255
0.0
0.02361931226120184
0.0
0.027357107962872496
0.0
0.0
0.03775811209439528
0.05391743892165124
0.03781388478581982
0.02896801448400721
0.0
0.04419889502762431
0.0042918454935622075
0.0
0.0
0.04217215482380132
0.04419889502762431
0.0
0.0
0.015094339622641506
0.0
0.008333333333333304
0.047151277013752435
0.027330405075646658
0.06497461928934012
0.02896801448400721
0.01721170395869187
0.04712812960235646
0.0
0.04708190289357528
0.025897586815774032
0.0
0.0
0.007359705611775569
0.037661050545094166
0.0
0.012207527975584997
0.0
0.0
0.0
0.0
0.04416839199447897
0.0
0.030658250676284915
0.028387968908414996
0.028959276018099556
0.0
0.0
0.027357107962872496
0.0
0.012195121951219523
0.0
0.02895054282267795
0.0
0.037735849056603765
0.0
0.0
0.047105004906771386
0.0
0.0
0.0
0.05882352941176472
0.03775811209439528
0.027370478983382185
0.10374639769452454
0.0
0.0
0.0
0.028959276018099556
0.0
0.04552845528455285
0.060749881347887946
0.0
0.0
0.016891891891891886
0.0
0.04190048634493082
0.0
0.0
0.010864644635581677
0.0
0.09573672400897537
0.044137931034482714
0.03316326530612246
0.0
0.0
0.012688342585249757
0.04081632653061229
0.0
0.0
0.011862396204033177
0.01683501683501687
0.026467757459095242
0.02732447817836814
0.0
0.04416839199447897
0.044229440221147165
0.03314212874442324
0.019983347210657754
0.0
0.0
0.031088082901554404
0.034173430158052076
0.0
0.024887659868648493
0.0470289164283445
0.027357107962872496
0.028959276018099556
0.03504161191414801
0.04416839199447897
0.0021990104452995762
0.054873646209386284
0.02896801448400721
0.07320261437908493
0.0
0.1428571428571429
0.058500914076782484
0.0
0.02896801448400721
0.028959276018099556
0.047151277013752435
0.07322654462242562
0.047105004906771386
0.0
0.028880866425992746
0.028959276018099556
0.0
0.012693375644585503
0.03864997278170934
0.0
0.016949152542372836
0.0
0.0
0.028880866425992746
0.02896801448400721
0.0
0.04419889502762431
0.0018867924528301883
0.017421602787456414
0.027357107962872496
0.01697792869269954
0.0
0.0
0.0
0.016891891891891886
0.0
0.028387968908414996
0.012201321809862775
0.07325049051667754
0.0
0.04419889502762431
0.022564102564102573
0.010160880609652811
0.02731707317073173
0.010160880609652811
0.027357107962872496
0.0042918454935622075
0.027298850574712596
0.04137931034482756
0.0
0.0
0.0
0.0
0.0378250591016549
0.012688342585249757
0.02895054282267795
0.0
0.0
0.0
0.027357107962872496
0.02126952475905619
0.04419889502762431
0.0
0.0
0.09573672400897537
0.0
0.010384215991692591
0.02896801448400721
0.02896801448400721
0.01690617075232459
0.0
0.31219512195121957
0.03781388478581982
0.02605416523825843
0.028496437945256803
0.02731707317073173
0.040616246498599407
0.0
0.028959276018099556
0.02840909090909094
0.0
0.027357107962872496
0.006655574043261225
0.035653650254668934
0.0
0.0
0.020431328036322416
0.0
0.01730103806228378
0.0
0.016849199663016012
0.008752735229759279
0.027357107962872496
0.027357107962872496
0.02734375
0.047105004906771386
0.0
0.0
0.010879419764279197
0.0
0.027357107962872496
0.028959276018099556
0.0
0.047151277013752435
0.041720990873533204
0.047375160051216336
0.0
0.039766081871345005
0.010160880609652811
0.02895054282267795
0.027357107962872496
0.0
0.02003338898163609
0.0
0.004587155963302725
0.0
0.0033755274261603185
0.041548630783758256
0.02485329651363477
0.05116629044394283
0.0
0.02896801448400721
0.04712812960235646
0.0
0.0
0.009501187648456089
0.0
0.0
0.0
0.0
0.0
0.027357107962872496
0.06077872744539414
0.0
0.027357107962872496
0.07325049051667754
0.0
0.010156580617858624
0.0
0.04065420560747668
0.0
0.0
0.0
0.0
0.0
0.027357107962872496
0.0
0.06557377049180324
0.027257240204429323
0.0
0.0
0.0
0.0
0.027357107962872496
0.028854824165915227
0.02726885385598632
0.0301633850020947
0.028959276018099556
0.0
0.0
0.0
0.0
0.3152709359605911
0.028959276018099556
0.026063625910310417
0.0
0.07325049051667754
0.0
0.08563899868247693
0.027257240204429323
0.0018009905447996521
0.02896801448400721
0.0
0.0
0.02003338898163609
0.006342494714587699
0.0
0.028959276018099556
0.02482657904344654
0.0
0.03434343434343434
0.07322654462242562
0.0
0.0
0.0378250591016549
0.03935185185185186
0.00219780219780219
0.04419889502762431
0.013769363166953541
0.0378250591016549
0.02896801448400721
0.0
0.0
0.06315789473684208
0.0378250591016549
0.004995836802664466
0.0
0.0
0.047311827956989294
0.04821600771456125
0.041568256967406736
0.020000000000000018
0.02896801448400721
0.047151277013752435
0.05882352941176472
0.0562448304383788
0.028016555237185603
0.008643042350907515
0.0
0.027370478983382185
0.0
0.0
0.0
0.05377839592025957
0.028941814892975537
0.0
0.05901911886949296
0.0
0.0
0.0
0.015544041450777257
0.0
0.02896801448400721
0.0
0.06077872744539414
0.0
0.0
0.0
0.007407407407407418
0.0
0.0064171122994652885
0.0
0.0021798365122616126
0.0
0.04778761061946901
0.0
0.028959276018099556
0.03781388478581982
0.020000000000000018
0.09580838323353291
0.07325049051667754
0.0
0.028387968908414996
0.047105004906771386
0.01693480101608802
0.0
0.04419889502762431
0.0
0.0049720323182100845
0.028959276018099556
0.0
0.029895366218236186
0.0378250591016549
0.0
0.027257240204429323
0.04438753734528378
0.0
0.0
0.0
0.0
0.02011735121542335
0.0
0.027357107962872496
0.0
0.0
0.04416839199447897
0.0
0.060269627279936566
0.0
0.010752688172043001
0.0021990104452995762
0.041548630783758256
0.0949640287769784
0.0
0.05684125050751121
0.0
0.02896801448400721
0.07322654462242562
0.03479424556707933
0.02896801448400721
0.0
0.041568256967406736
0.026837060702875393
0.04419889502762431
0.0
0.04419889502762431
0.0
0.02896801448400721
0.028959276018099556
0.0
0.013769363166953541
0.07320261437908493
0.0
0.044137931034482714
0.0
0.03585657370517925
0.028880866425992746
0.03430079155672827
0.0
0.01883830455259028
0.0
0.05653170359052717
0.047151277013752435
0.0
0.0
0.028880866425992746
0.0
0.011716461628588193
0.0
0.02896801448400721
0.010160880609652811
0.044137931034482714
0.0
0.027303754266211566
0.0
0.0
0.0567423230974633
0.0
0.0
0.0
0.0
0.0
0.06456456456456461
0.0
0.0629425649095201
0.010400416016640657
0.04078164825828379
0.0
0.027303754266211566
0.0
0.0
0.0
0.0
0.01715265866209259
0.0
0.0017014036580178526
0.028016555237185603
0.0
0.0
0.012698412698412653
0.028016555237185603
0.0
0.028959276018099556
0.0
0.027257240204429323
0.028016555237185603
0.020618556701030966
0.026043661432401333
0.03960784313725485
0.0
0.016877637130801704
0.07325049051667754
0.0
0.0
0.0
0.0
0.0
0.011730205278592365
0.012201321809862775
0.0
0.0
0.0
0.0
0.02896801448400721
0.020618556701030966
0.027257240204429323
0.014178810555336763
0.02895054282267795
0.05044510385756673
0.026897214217098897
0.0
0.027257240204429323
0.02895054282267795
0.0061823802163832875
0.02734375
0.3152709359605911
0.03230710756366406
0.047151277013752435
0.0
0.028387968908414996
0.004006410256410242
0.0
0.0
0.024922118380062308
0.003201024327784907
0.028959276018099556
0.028959276018099556
0.04419889502762431
0.028959276018099556
0.02164862614487928
0.0591054313099042
0.0
0.04723564143853998
0.0
0.0
0.028959276018099556
0.0
0.027330405075646658
0.0
0.0
0.028959276018099556
0.31219512195121957
0.005347593582887722
0.027357107962872496
0.037689471528062235
0.0
0.011352885525070966
0.0
0.0378250591016549
0.02895054282267795
0.028959276018099556
0.00847008999470622
0.0
0.02896801448400721
0.028387968908414996
0.05901911886949296
0.01675041876046901
0.027357107962872496
0.028016555237185603
0.020000000000000018
0.0
0.02731707317073173
0.0
0.0
0.0
0.0
0.0013850415512465242
0.004968944099378869
0.027210884353741527
0.0
0.024836150396688517
0.041568256967406736
0.011862396204033177
0.024727992087042572
0.005493247882810692
0.003568242640499597
0.0
0.0
0.018705035971222972
0.0
0.0
0.0
0.0
0.0
0.02896801448400721
0.04078164825828379
0.0
0.016177957532861442
0.014178810555336763
0.007217321571772239
0.012688342585249757
0.0
0.027357107962872496
0.0
0.0
0.009626955475330878
0.03781388478581982
0.06567164179104479
0.0
0.0
0.041576440017323524
0.0
0.006362672322375418
0.010288065843621408
0.044137931034482714
0.0
0.0
0.06557377049180324
0.0
0.0
0.023738872403560873
0.02886783942264326
0.0
0.0
0.014010507880910628
0.0
0.030962034647991188
0.041548630783758256
0.02896801448400721
0.00906618313689933
0.0
0.0035714285714285587
0.026063625910310417
0.0417853751187085
0.0
0.04416839199447897
0.04637681159420293
0.0
0.07322654462242562
0.025682182985553803
0.0
0.02485207100591713
0.006959547629404095
0.0650076180802438
0.0
0.04073319755600813
0.0040837161817253165
0.02734375
0.0
0.027357107962872496
0.0
0.0
0.0331262939958592
0.0
0.02591203545857479
0.0
0.02342606149341142
0.0
0.0
0.003753518923991228
0.0
0.04712812960235646
0.0019093078758949389
0.02485329651363477
0.008167432363450744
0.0
0.0
0.0
0.0
0.011737089201877882
0.0
0.0
0.0
0.047151277013752435
0.006372809346787078
0.07320261437908493
0.013945380592678691
0.0
0.0
0.03265306122448974
0.018591347872720765
0.03812636165577343
0.01014799154334034
0.058187863674147966
0.02896801448400721
0.0
0.0
0.001620089104900746
0.0
0.014883720930232602
0.027357107962872496
0.027357107962872496
0.04419889502762431
0.04419889502762431
0.012182741116751217
0.02896801448400721
0.053736356003358576
0.006372809346787078
0.04419889502762431
0.04416839199447897
0.0
0.049905482041587956
0.010160880609652811
0.0
0.0
0.0
0.028880866425992746
0.009630818619582704
0.003566651805617438
0.0
0.011661807580174877
0.0
0.04689655172413798
0.04419889502762431
0.011737089201877882
0.0
0.026897214217098897
0.04708190289357528
0.0
0.047151277013752435
0.0
0.0
0.028387968908414996
0.016863406408094472
0.0
0.019983347210657754
0.026897214217098897
0.0
0.005312084993359889
0.04552845528455285
0.011385199240986688
0.02731707317073173
0.02886783942264326
0.026125816431763482
0.023743016759776525
0.0
0.0
0.02716468590831922
0.0
0.06004842615012107
0.0
0.0019184652278178005
0.0
0.0618238021638331
0.04712812960235646
0.028959276018099556
0.028959276018099556
0.0
0.02373472949389177
0.01179941002949858
0.02731707317073173
0.05930138099106419
0.07325049051667754
0.0
0.02895054282267795
0.0
0.04723564143853998
0.03497023809523814
0.027357107962872496
0.03436988543371522
0.06562266964951524
0.008488063660477496
0.0018009905447996521
0.0
0.028959276018099556
0.0
0.044229440221147165
0.058441558441558406
0.0
0.03848003848003845
0.02896801448400721
0.07594936708860756
0.0021822149481723896
0.0
0.0
0.02896801448400721
0.004941321803582421
0.02858217374952987
0.027357107962872496
0.0
0.027357107962872496
0.0
0.03007518796992481
0.008146639511201648
0.0
0.0
0.01690617075232459
0.011385199240986688
0.02734375
0.01025641025641022
0.0
0.0
0.008425487098472906
0.028880866425992746
0.07322654462242562
0.0
0.02886783942264326
0.03126285479226654
0.0
0.033816425120772986
0.03612644254892128
0.0
0.0040000000000000036
0.02067183462532296
0.028496437945256803
0.0
0.0378250591016549
0.0
0.07322654462242562
0.15960099750623447
0.0
0.0
0.02377414561664193
0.028959276018099556
0.0
0.047151277013752435
0.0
0.0
0.020000000000000018
0.018271604938271624
0.0
0.0
0.0035794183445190253
0.034155597722960174
0.0
0.04419889502762431
0.023618726275832946
0.0
0.004587155963302725
0.07320261437908493
0.028959276018099556
0.010796221322537103
0.0
0.0
0.02896801448400721
0.0
0.03960396039603964
0.0
0.03316326530612246
0.0
0.017937219730941756
0.028959276018099556
0.041568256967406736
0.0
0.07320261437908493
0.0378250591016549
0.028959276018099556
0.0
0.060749881347887946
0.007920792079207928
0.0
0.03705263157894734
0.027257240204429323
0.01025641025641022
0.047151277013752435
0.015105740181268867
0.0
0.0
0.01693480101608802
0.02600382409177815
0.0
0.0
0.047159699892818874
0.0
0.0
0.02373472949389177
0.0
0.004050405040504024
0.0
0.0
0.09711684370257967
0.01693480101608802
0.02896801448400721
0.022517911975434957
0.0
0.0528497409326425
0.01591187270501837
0.0
0.028690071725179345
0.0
0.013367991088005904
0.0
0.028387968908414996
0.04712812960235646
0.04552845528455285
0.028959276018099556
0.0
0.0
0.0
0.02734375
0.09566517189835577
0.0
0.07613005551149876
0.012207527975584997
0.0
0.0
0.07847946045370935
0.0
0.014178810555336763
0.009626955475330878
0.006727211570803915
0.03781388478581982
0.02886783942264326
0.007823960880195546
0.0
0.028959276018099556
0.05399489237504562
0.07325049051667754
0.030962034647991188
0.02731707317073173
0.0
0.0
0.006349206349206327
0.060749881347887946
0.013937282229965153
0.0
0.016891891891891886
0.0036866359447004227
0.0054237288135593476
0.07320261437908493
0.0
0.0019120458891013214
0.0
0.008510638297872353
0.0
0.0
0.028959276018099556
0.047210300429184504
0.011385199240986688
0.047105004906771386
0.04718498659517423
0.033682634730538896
0.028880866425992746
0.04712812960235646
0.020000000000000018
0.027357107962872496
0.041548630783758256
0.0
0.027357107962872496
0.028016555237185603
0.02886783942264326
0.03781388478581982
0.03687943262411353
0.0
0.04552845528455285
0.010160880609652811
0.0
0.010160880609652811
0.0
0.02886783942264326
0.0
0.0
0.07320261437908493
0.010529779532741035
0.028387968908414996
0.035701535166012155
0.01883830455259028
0.04419889502762431
0.00594648166501488
0.016920473773265665
0.027357107962872496
0.011178861788617933
0.0
0.06849315068493156
0.011385199240986688
0.04419889502762431
0.0
0.027366020524515422
0.028880866425992746
0.0072267389340560095
0.0
0.007407407407407418
0.037685060565275874
0.02731707317073173
0.0
0.04878048780487809
0.0
0.002512562814070307
0.0
0.02493938344302049
0.020544427324088343
0.0
0.01882845188284521
0.04419889502762431
0.027357107962872496
0.044869679973606025
0.028880866425992746
0.0271831464492015
0.060079051383399196
0.0
0.0
0.0
0.07322654462242562
0.0
0.06572068707991041
0.0
0.0
0.0
0.03781388478581982
0.0
0.0
0.02896801448400721
0.0
0.021771400296882737
0.02896801448400721
0.0
0.0
0.027357107962872496
0.04419889502762431
0.005607476635513975
0.04065420560747668
0.041568256967406736
0.0
0.026098901098901117
0.0
0.023726448011165413
0.02734375
0.027257240204429323
0.0
0.02734375
0.047151277013752435
0.0
0.07325049051667754
0.0
0.011695906432748537
0.0
0.0
0.0
0.041568256967406736
0.027357107962872496
0.024964539007092168
0.0
0.0
0.03781388478581982
0.02886783942264326
0.02003338898163609
0.012188928390045706
0.0
0.0021845985800109657
0.0
0.0
0.0
0.03046594982078854
0.0021762785636560977
0.028387968908414996
0.0
0.0
0.07325049051667754
0.06158583525789063
0.03457041179461107
0.01690617075232459
0.011730205278592365
0.018731988472622474
0.0
0.0037523452157598447
0.023718172305545848
0.03399327605528579
0.04416839199447897
0.0
0.027383863080684634
0.07325049051667754
0.02896801448400721
0.027370478983382185
0.0
0.028880866425992746
0.0
0.012188928390045706
0.02886783942264326
0.0
0.0
0.02886783942264326
0.02491349480968863
0.028880866425992746
0.0
0.0
0.07325049051667754
0.0
0.0621600621600622
0.028959276018099556
0.0
0.028813559322033888
0.0
0.028959276018099556
0.0033472803347280866
0.024819027921406445
0.027357107962872496
0.0
