0.0
0.0
0.0
0.0
0.2898618590494029
0.0
0.0
0.03148301574150787
0.029442691903259727
0.0
0.216404077849861
0.07653061224489796
0.0
0.0
0.03512544802867384
0.0
0.031496062992125984
0.019313304721030045
0.061389337641357025
0.021287919105907396
0.0
0.0
0.0
0.0
0.12222906403940886
0.04338070306656694
0.12217754407670894
0.0
0.1211840888066605
0.0
0.3081845739306164
0.0
0.0
0.04634322954380883
0.0
0.0861987753179463
0.0
0.0
0.10925449871465295
0.030562347188264057
0.021052631578947368
0.0
0.0
0.36965473550839406
0.05454545454545454
0.031839622641509434
0.022340425531914895
0.0
0.0
0.04507042253521127
0.0
0.0
0.0
0.17413499716392514
0.0
0.04326530612244898
0.0
0.0
0.0
0.0
0.0
0.0
0.0
0.0
0.0
0.0
0.0
0.03346543372963452
0.0
0.0
0.27204998798365776
0.0
0.08291531425199174
0.32755102040816325
0.0
0.0587248322147651
0.0
0.023054755043227664
0.0
0.0
0.0
0.0
0.04320636725412166
0.3337810611148422
0.0
0.0
0.0
0.0
0.0
0.0
0.0
0.1770796144234202
0.0
0.11762799740764744
0.0
0.36965473550839406
0.0
0.0
0.0
0.0
0.04320636725412166
0.04345493562231759
0.36973725862614754
0.05390070921985816
0.0
0.0
0.0
0.0
0.0
0.040694789081885854
0.0
0.0
0.0
0.0
0.0
0.0
0.0
0.0703883495145631
0.0
0.0
0.08817791650409676
0.0
0.0
0.0
0.12248062015503876
0.038461538461538464
0.0
0.08197691624741048
0.0
0.0
0.0234375
0.0
0.0
0.0
0.03342128408091469
0.0
0.024624373956594323
0.030805687203791468
0.04424103737604882
0.08433079434167573
0.11503928170594838
0.038657171922685654
0.0
0.0
0.0
0.03058103975535168
0.023802067021609773
0.040457343887423045
0.07685352622061482
0.02304147465437788
0.0
0.0
0.0
0.0
0.0
0.2626146788990826
0.36977186311787075
0.0
0.0
0.12515151515151515
0.0
0.2652546646495209
0.19017480409885473
0.36965473550839406
0.18539898132427843
0.0
0.0
0.0
0.36163619460799507
0.1753975678203929
0.0
0.36163619460799507
0.0
0.020931449502878074
0.0
0.14316702819956617
0.0
0.0
0.0
0.0
0.0
0.05876180482686254
0.36965473550839406
0.0
0.0
0.017619252256123763
0.0
0.07979407979407979
0.0
0.1237082066869301
0.0
0.26822157434402333
0.0
0.0
0.0
0.027818448023426062
0.0
0.06464485235434957
0.0
0.06691729323308271
0.0
0.0
0.0
0.0
0.0
0.04580152671755725
0.0
0.0
0.026262626262626262
0.0
0.10347864376926465
0.34048540274358075
0.022727272727272728
0.32443340577460417
0.0
0.0
0.0
0.0
0.019448946515397084
0.36965473550839406
0.0
0.0
0.12369551872314304
0.046235138705416116
0.023809523809523808
0.26541397533763944
0.0
0.023809523809523808
0.0
0.0
0.0
0.0
0.0
0.1056241426611797
0.03148301574150787
0.0
0.0
0.0
0.03520148216767022
0.04224207961007311
0.0
0.0
0.0
0.36163619460799507
0.042876901798063624
0.0
0.0
0.044309296264118156
0.17372638809387522
0.12256869404137079
0.36973725862614754
0.02443494196701283
0.12457705321439556
0.03283712784588441
0.0
0.0
0.24029822213725865
0.0
0.0
0.0
0.0
0.0
0.0
0.29255183004863067
0.0
0.12515151515151515
0.0
0.36965473550839406
0.0
0.0
0.0
0.0752571737953438
0.0
0.0
0.058394160583941604
0.019253910950661854
0.07988587731811697
0.0
0.0
0.0
0.0
0.2899297423887588
0.14598337950138504
0.0
0.0
0.0
0.0
0.0
0.03766105054509415
0.0
0.033484911120297646
0.0
0.1246936274509804
0.1231079717457114
0.0
0.0
0.0
0.12686804451510333
0.14576517629952745
0.07694647201946472
0.0
0.0
0.18679378531073446
0.0
0.0
0.0
0.0
0.07131011608623548
0.015648662291771833
0.0
0.0368231046931408
0.0
0.0
0.0
0.0
0.0
0.0
0.045508982035928146
0.0
0.0
0.0
0.0
0.0
0.0
0.0
0.12287621359223301
0.02077922077922078
0.0
0.0
0.08128342245989305
0.12838682784493538
0.023809523809523808
0.0
0.0
0.0
0.0
0.0
0.0
0.0
0.0
0.0
0.0
0.0
0.35524256651017216
0.0
0.0
0.33589059372915275
0.0
0.33589059372915275
0.2756104406399102
0.0
0.0
0.0
0.021925133689839574
0.0
0.0
0.0
0.0
0.0
0.3695376820772641
0.0
0.0
0.0
0.0
0.03767972235994051
0.0
0.0
0.0
0.1705955334987593
0.0
0.2903430749682338
0.0
0.0
0.0
0.0
0.060751398880895285
0.0
0.27314039703420234
0.12515151515151515
0.10011918951132301
0.03813769192669639
0.029885961462839165
0.0
0.0
0.0
0.14598337950138504
0.0
0.0
0.0
0.0
0.0
0.2678872560828716
0.0
0.0
0.018952618453865335
0.03861386138613861
0.267909143855562
0.010623556581986143
0.024888888888888887
0.0
0.0
0.04491017964071856
0.0
0.0
0.0
0.12461726883037355
0.025107367030062767
0.0
0.0
0.0
0.0
0.25096030729833546
0.06153846153846154
0.0
0.1707014276846679
0.0
0.0
0.3321533923303835
0.0
0.0
0.04908485856905158
0.12292051756007394
0.021814006888633754
0.0
0.16355140186915887
0.0
0.0
0.0
0.019427954668105773
0.02776101388050694
0.0
0.36009732360097324
0.0
0.0
0.0
0.0
0.0
0.0
0.0
0.0
0.17650714729645742
0.021635655560363478
0.0
0.36965473550839406
0.09947643979057591
0.0
0.029003021148036254
0.0
0.0
0.0
0.0791543756145526
0.054558506819813356
0.19522968197879859
0.0
0.07605905006418485
0.0
0.36965473550839406
0.0
0.0
0.023054755043227664
0.21286472148541113
0.0
0.0
0.023661270236612703
0.0
0.031266284523189164
0.0
0.0
0.216404077849861
0.0
0.0
0.0
0.21469284357188093
0.0
0.04938692098092643
0.0
0.36965473550839406
0.07730182176267848
0.0
0.03015075376884422
0.0
0.0
0.0
0.14390862944162436
0.0
0.0
0.03568242640499554
0.07472324723247233
0.0
0.03767972235994051
0.0
0.0
0.0
0.0
0.0
0.0
0.016437139049311416
0.12386980108499096
0.0
0.0
0.0
0.36965473550839406
0.0
0.037642397226349676
0.0
0.0
0.0
0.02191464821222607
0.0
0.0
0.1342252913249892
0.0
0.0
0.0
0.035685963521015066
0.02192729371032891
0.36977186311787075
0.22523584905660377
0.0
0.0
0.0
0.0
0.0
0.11841469308844853
0.0
0.0
0.0
0.06133979015334948
0.0
0.09938941655359566
0.0
0.0
0.02522935779816514
0.0
0.0
0.0
0.13920134983127108
0.0
0.0
0.2689371697005285
0.0
0.0
0.0
0.03673938002296211
0.061142397425583264
0.31681833501853723
0.27249789739276703
0.0
0.0
0.0
0.13916221535001405
0.06070287539936102
0.0
0.0
0.26907188102451113
0.18838526912181303
0.0
0.07827476038338659
0.2961783439490446
0.36965473550839406
0.0
0.04572147651006712
0.0
0.019448946515397084
0.09103544127866574
0.0
0.0
0.0
0.0
0.0
0.0
0.0
0.0
0.0
0.0
0.0
0.0
0.0
0.0
0.0
0.26944525975931904
0.06828763579927574
0.0
0.06153846153846154
0.0
0.0
0.0
0.0
0.0
0.0
0.020066889632107024
0.04054054054054054
0.36965473550839406
0.06163828061638281
0.0
0.0
0.0
0.06133979015334948
0.0
0.12122128174123338
0.03766105054509415
0.0
0.0
0.0
0.33773453787352326
0.031496062992125984
0.36973725862614754
0.031496062992125984
0.36965473550839406
0.031266284523189164
0.30845898287758755
0.04044943820224719
0.0
0.0
0.0
0.0
0.0
0.26936619718309857
0.0
0.0
0.0
0.0
0.36965473550839406
0.31109550561797755
0.0
0.0
0.0
0.0
0.0
0.029022403258655804
0.0
0.0
0.061389337641357025
0.0
0.0
0.0
0.12560827250608272
0.30115622479161064
0.33677548301132576
0.29582210242587603
0.0
0.0
0.29992329327537715
0.0
0.36965473550839406
0.04582651391162029
0.1775
0.0
0.0
0.041804180418041806
0.0
0.05100334448160535
0.0
0.061142397425583264
0.028591851322373123
0.36965473550839406
0.36965473550839406
0.36973725862614754
0.0
0.0
0.0
0.03940455341506129
0.0
0.36965473550839406
0.0
0.0
0.0
0.371452655240236
0.023906888958792075
0.0
0.022349570200573064
0.0851895271590465
0.0
0.36965473550839406
0.0
0.06230031948881789
0.0
0.021021021021021023
0.0
0.01703365184877441
0.36152416356877326
0.1246936274509804
0.18421870146008076
0.0
0.0
0.0
0.0
0.0
0.1698207171314741
0.0
0.0
0.0
0.0
0.0
0.36965473550839406
0.0
0.0
0.36965473550839406
0.0
0.0
0.02818068794032325
0.0
0.29774334792859547
0.0
0.0
0.0
0.0
0.0
0.36965473550839406
0.0
0.04634322954380883
0.12515151515151515
0.0
0.0
0.0
0.0
0.36965473550839406
0.0
0.05970755483346873
0.03732567678424938
0.0
0.0
0.0
0.0
0.0
0.0
0.0
0.26232798165137616
0.0
0.0
0.0
0.13423645320197045
0.12515151515151515
0.017287234042553192
0.0
0.0
0.0
0.0616
0.02641118591403418
0.0
0.0
0.28054298642533937
0.0
0.36964980544747084
0.0
0.0
0.0
0.0
0.1933253873659118
0.019438444924406047
0.0
0.05454545454545454
0.0
0.0
0.0
0.0
0.054873646209386284
0.0
0.09283819628647215
0.0
0.0
0.05848563968668407
0.10394916023604175
0.36163619460799507
0.060751398880895285
0.0
0.0
0.060995184590690206
0.03445512820512821
0.023809523809523808
0.08536098923015556
0.0
0.36977186311787075
0.0
0.0
0.0
0.33247671056858336
0.0
0.0
0.061191626409017714
0.0
0.0
0.0
0.047345767575322814
0.0
0.0
0.0
0.0
0.0
0.0
0.0
0.047957371225577264
0.0
0.043076923076923075
0.0
0.022376132125732553
0.0
0.1097708082026538
0.0
0.0
0.0
0.060751398880895285
0.17885679164105717
0.0
0.0
0.12386980108499096
0.0
0.061488673139158574
0.0
0.0
0.0
0.030211480362537766
0.0
0.0
0.10729023383768914
0.0
0.0
0.12515151515151515
0.35132794457274824
0.0
0.0
0.0
0.0
0.06109324758842444
0.0
0.36965473550839406
0.0
0.0
0.0
0.0
0.12660944206008584
0.0
0.05154639175257732
0.019448946515397084
0.36152416356877326
0.048730267673301304
0.0
0.1840574751967157
0.0
0.0
0.0
0.13339275103980985
0.0
0.0
0.36163619460799507
0.08291531425199174
0.0
0.0
0.0
0.0
0.0
0.0
0.0
0.05454545454545454
0.0
0.0
0.0
0.0
0.3333333333333333
0.0
0.38331929233361417
0.0
0.34048540274358075
0.0
0.2144469525959368
0.0
0.0
0.0
0.0
0.0
0.045300113250283124
0.0
0.0
0.031496062992125984
0.0
0.0
0.369620253164557
0.0
0.0
0.05180327868852459
0.0
0.0
0.0
0.0
0.0
0.05483405483405483
0.0
0.04201680672268908
0.026544155181214904
0.0
0.0
0.369620253164557
0.0
0.0
0.0
0.0
0.04020100502512563
0.0
0.044370029300962746
0.023809523809523808
0.0
0.0
0.26952436876101
0.023809523809523808
0.0
0.0
0.0
0.12515151515151515
0.023809523809523808
0.3373955431754875
0.2851658897724157
0.14443295415374008
0.0
0.3536754507628294
0.0
0.0
0.0
0.0
0.0
0.0
0.04318181818181818
0.034311287916459474
0.0
0.0
0.0
0.0
0.0
0.3373955431754875
0.12515151515151515
0.2679145949107926
0.0
0.23637423491693385
0.08197691624741048
0.0
0.12515151515151515
0.0
0.023100303951367782
0.3695376820772641
0.0
0.13210084033613445
0.0
0.0
0.12386980108499096
0.12407732864674868
0.0
0.0
0.12161330049261083
0.046511627906976744
0.0
0.0
0.0
0.0
0.06150159744408946
0.18040013563919974
0.0
0.058394160583941604
0.0
0.0
0.0
0.0
0.369620253164557
0.0
0.0
0.0
0.0
0.021021021021021023
0.36965473550839406
0.2801963993453355
0.0
0.09314823107926556
0.0
0.0
0.0
0.0
0.01881860951385259
0.0
0.0
0.12386980108499096
0.061191626409017714
0.22523117569352707
0.36965473550839406
0.023809523809523808
0.060751398880895285
0.0
0.36973725862614754
0.0
0.0
0.0
0.0164
0.05753514220333442
0.02666666666666667
0.06539000467071462
0.0
0.12568807339449542
0.36163619460799507
0.03682393555811277
0.39558417663293466
0.01719068084143859
0.09729511505853855
0.0
0.0
0.05394190871369295
0.0
0.0
0.0
0.0
0.0
0.0
0.0
0.0
0.0
0.2907106883044208
0.04622678783089688
0.26936619718309857
0.0
0.36965473550839406
0.0
0.0
0.029874213836477988
0.0
0.054636951833213515
0.0
0.0
0.3702664796633941
0.0
0.02390852390852391
0.011391375101708706
0.0
0.0
0.0
0.04634322954380883
0.0
0.0
0.07553516819571865
0.0
0.0
0.0
0.04308390022675737
0.0
0.2695152013147083
0.3551314142678348
0.0
0.0344675209898365
0.0
0.0257529463116543
0.2604196608220753
0.03523412146499768
0.0
0.0
0.09462563160312357
0.0
0.0
0.0
0.0
0.2320596458527493
0.02852277564921243
0.07733990147783251
0.06840684068406841
0.14661134163208853
0.24846153846153846
0.3695376820772641
0.0
0.36965473550839406
0.0
0.0
0.0329626687847498
0.019967620075553156
0.12560532687651332
0.0
0.27839408346539884
0.0
0.0
0.025296689569019364
0.0
0.0
0.01969057665260197
0.1246936274509804
0.09248014946286783
0.0
0.0
0.0
0.0
0.04320636725412166
0.0
0.0
0.0
0.0
0.09394673123486683
0.0
0.04288939051918736
0.0
0.0
0.04031936127744511
0.29147524247064827
0.06832298136645963
0.03347107438016529
0.0846774193548387
0.0
0.0
0.0
0.261312556188193
0.0
0.0
0.36965473550839406
0.36965473550839406
0.0
0.0
0.037642397226349676
0.0
0.21334214002642007
0.02501302761855133
0.0
0.0
0.0
0.23410576351752824
0.031496062992125984
0.0
0.0
0.0
0.0
0.029885961462839165
0.025719267654751524
0.0
0.11678832116788321
0.0
0.04781144781144781
0.0
0.04320636725412166
0.0
0.08251996450754215
0.0
0.0
0.0
0.0
0.0
0.12386980108499096
0.05753646677471637
0.0
0.060751398880895285
0.08197691624741048
0.0
0.017429193899782137
0.05931758530183727
0.03520148216767022
0.36973725862614754
0.0
0.12385321100917432
0.1220117975783918
0.0
0.0
0.12265293761356753
0.0
0.3114173228346457
0.0
0.20053784095274682
0.0
0.04491017964071856
0.0
0.0
0.0
0.0
0.07650096836668818
0.04342857142857143
0.36973725862614754
0.0967238689547582
0.0
0.0
0.0
0.0
0.058394160583941604
0.11847317248829672
0.36965473550839406
0.022150624244865084
0.049132947976878616
0.022976501305483028
0.09657701711491443
0.0
0.0
0.0
0.0
0.06279434850863422
0.0
0.35881238155401135
0.0
0.0
0.07766011094301563
0.0
0.0
0.0
0.02185792349726776
0.25651927437641725
0.36965473550839406
0.0
0.36965473550839406
0.0
0.02132895816242822
0.09557456303458535
0.0
0.0
0.06143896523848019
0.03520148216767022
0.3695376820772641
0.03838484546360917
0.0
0.0
0.03287108371854135
0.0
0.0
0.0
0.0
0.03478964401294499
0.0
0.031839622641509434
0.021161417322834646
0.0
0.02784562774792379
0.3406402226861517
0.30115622479161064
0.0
0.0
0.0
0.0
0.0
0.0
0.0
0.07028301886792453
0.0
0.0
0.0
0.0
0.0
0.060751398880895285
0.3108108108108108
0.0
0.0
0.018045774647887324
0.14598337950138504
0.0
0.0
0.0911624203821656
0.0
0.021021021021021023
0.0
0.0
0.03427065026362039
0.0
0.0
0.0
0.0
0.10683012259194395
0.020302171860245515
0.13920134983127108
0.0
0.14275909402882636
0.0
0.36163619460799507
0.0
0.0
0.0
0.0
0.0
0.0
0.28456178951228456
0.0
0.17609391675560299
0.12515151515151515
0.03453453453453453
0.0
0.1394580304031725
0.0
0.0
0.06153846153846154
0.2596954898017811
0.0
0.0
0.0583637311099531
0.0
0.0
0.07709677419354839
0.0
0.13717848791894
0.0
0.0
0.0
0.061488673139158574
0.0
0.33816425120772947
0.0
0.05721518987341772
0.022356495468277945
0.0
0.27568781583380125
0.0
0.2576138586197262
0.0
0.12122128174123338
0.0
0.1194103194103194
0.0
0.0
0.0
0.0
0.3695376820772641
0.17048977061376316
0.0
0.0
0.03767972235994051
0.0
0.0
0.1539753639417693
0.0
0.2679145949107926
0.029874213836477988
0.025107367030062767
0.0
0.0
0.05828953655040611
0.0
0.0
0.1901175052726725
0.0
0.27061079156395507
0.36973725862614754
0.0
0.0
0.020323084940072955
0.0
0.04395604395604396
0.0
0.06133979015334948
0.041666666666666664
0.025257560651379195
0.0
0.0
0.01925786754344763
0.0
0.023060796645702306
0.0
0.0
0.0
0.058394160583941604
0.03520148216767022
0.0
0.058394160583941604
0.12098230408089564
0.0
0.10643115942028986
0.06084867894315452
0.36965473550839406
0.36163619460799507
0.0
0.36965473550839406
0.023809523809523808
0.0
0.0
0.2703684483653347
0.0
0.05931758530183727
0.031496062992125984
0.0
0.031496062992125984
0.0
0.0
0.0
0.0
0.0
0.0
0.12386980108499096
0.24734982332155478
0.34048540274358075
0.0
0.030449492508458194
0.06143896523848019
0.36965473550839406
0.021956087824351298
0.0
0.05395172740179839
0.03520148216767022
0.0
0.0
0.258783204798629
0.0
0.05565068493150685
0.0
0.016619375760032428
0.035386631716906945
0.36973725862614754
0.0
0.2354172898594077
0.0
0.028151774785801713
0.0
0.07605905006418485
0.33645833333333336
0.0
0.3407172995780591
0.0
0.36965473550839406
0.2729262953052785
0.0
0.12219526986052152
0.04134762633996937
0.0
0.0
0.0
0.0
0.0
0.05467625899280575
0.0
0.0
0.0
0.0
0.0
0.0
0.0
0.0
0.07139545665275845
0.0
0.0
0.0
0.36965473550839406
0.0
0.022914757103574702
0.29774334792859547
0.36163619460799507
0.0
0.12022025084123585
0.0
0.12681271212588707
0.3695376820772641
0.12515151515151515
0.0
0.3695376820772641
0.0
0.0
0.0
0.0
0.03850509626274066
0.0
0.0
0.0
0.36163619460799507
0.36965473550839406
0.26081141328577795
0.0
0.0
0.0
0.0
0.060897435897435896
0.03809995051954478
0.0
0.10088582677165354
0.0
0.0
0.0
0.01763668430335097
0.055612770339855816
0.12386980108499096
0.0
0.0
0.0
0.053175775480059084
0.0185
0.061389337641357025
0.04318181818181818
0.02263083451202263
0.0
0.02509947964493419
0.16021602160216022
0.12270600935588341
0.0
0.0
0.36968928344958785
0.0
0.0
0.36977186311787075
0.0
0.0
0.0
0.03766105054509415
0.0
0.0
0.0
0.0
0.1932436301173776
0.0
0.0
0.0
0.0
0.0
0.04658151765589782
0.0
0.0
0.0352843503528435
0.0
0.0
0.043621399176954734
0.12454100367197063
0.36965473550839406
0.0
