0.3463647199046484
0.3464473056747735
0.3463647199046484
0.00939306358381503
0.0093964582580412
0.3603267211201867
0.36024265048996734
0.009750812567713976
0.00939306358381503
0.00939306358381503
0.00939306358381503
0.00939306358381503
0.00939306358381503
0.0
0.00939306358381503
0.009262557890986818
0.00939306358381503
0.00939306358381503
0.00939306358381503
0.00939306358381503
0.0
0.00939306358381503
0.00939306358381503
0.009031791907514452
0.008906305664410403
0.00939306358381503
0.00939306358381503
0.00939306358381503
0.00939306358381503
0.00939306358381503
0.00939306358381503
0.0
0.009035056017347307
0.38229330930389727
0.03162333099086437
0.00939306358381503
0.00939306358381503
0.0093964582580412
0.00939306358381503
0.0
0.00939306358381503
0.36024265048996734
0.3603267211201867
0.41884924726747785
0.3603267211201867
0.3603267211201867
0.36017740429505135
0.2782311134509081
0.36024265048996734
0.36024265048996734
0.36024265048996734
0.36024265048996734
0.36024265048996734
0.36024265048996734
0.36024265048996734
0.36024265048996734
0.3603267211201867
0.2781578947368421
0.3603267211201867
0.3603267211201867
0.36017740429505135
0.3603267211201867
0.2779678862858647
0.3600933488914819
0.3600933488914819
0.3603267211201867
0.3600933488914819
0.36024265048996734
0.3603267211201867
0.36024265048996734
0.00939306358381503
0.36024265048996734
0.0093964582580412
0.00939306358381503
0.0093964582580412
0.3600933488914819
0.36024265048996734
0.00031191515907673113
0.00031201248049921997
0.0
0.27842105263157896
0.3600933488914819
0.36024265048996734
0.3600933488914819
0.3600933488914819
0.0006240249609984399
0.36017740429505135
0.3600933488914819
0.3600933488914819
0.2784943406159516
0.36024265048996734
0.3603267211201867
0.36024265048996734
0.36024265048996734
0.36024265048996734
