0.0
0.0
0.0
0.0
0.0
0.0
0.0
0.017766497461928932
0.0
0.0
0.0
0.0
0.0
0.0
0.0
0.017766497461928932
0.0
0.0
0.0
0.0
0.0
0.0
0.0
0.017766497461928932
0.017766497461928932
0.0
0.0
0.0
0.0
0.0
0.0
0.0
0.01777777777777778
0.4304635761589404
0.40598618572524947
0.0
0.0
0.0
0.0
0.0
0.0
0.0
0.0
0.0
0.4061420345489444
0.0
0.0
0.18349299926308027
0.17306975009324876
0.0
0.4304635761589404
0.0
0.0
0.0
0.0
0.0
0.0
0.0
0.0
0.40598618572524947
0.0
0.0
0.18349299926308027
0.0
0.0
0.4057581573896353
0.18342541436464088
0.0
0.4057581573896353
0.0
0.0
0.0
0.0
0.0
0.0
0.0
0.0
0.18342541436464088
0.0
0.0
0.0
0.0
0.0
0.18342541436464088
0.0
0.18342541436464088
0.17337807606263977
0.0
0.18349299926308027
0.4057581573896353
0.4057581573896353
0.0
0.0
0.0
0.0
0.0
0.0
