0.0
0.0
0.0
0.0
0.0
0.0
0.0
0.018389346861128697
0.0
0.0
0.0
0.0
0.0
0.0
0.0
0.019011406844106515
0.0
0.0
0.0
0.0
0.0
0.0
0.0
0.018389346861128697
0.018389346861128697
0.0
0.0
0.0
0.0
0.0
0.0
0.0
0.019023462270133185
0.5560772039645279
0.52
0.0
0.0
0.0
0.0
0.0
0.0
0.0
0.0
0.0
0.5201612903225806
0.0
0.0
0.21326061997703794
0.20888632429313325
0.0
0.5560772039645279
0.0
0.0
0.0
0.0
0.0
0.0
0.0
0.0
0.41848234410217877
0.0
0.0
0.21326061997703794
0.0
0.0
0.5113636363636364
0.21746575342465757
0.0
0.5171553337492203
0.0
0.0
0.0
0.0
0.0
0.0
0.0
0.0
0.21746575342465757
0.0
0.0
0.0
0.0
0.0
0.21746575342465757
0.0
0.21746575342465757
0.20945653740810144
0.0
0.2175278332857551
0.5170800187178287
0.5171553337492203
0.0
0.0
0.0
0.0
0.0
0.0
