0.0
0.0
0.0
0.0
0.0
0.0
0.0
0.03611457036114574
0.0
0.0
0.0
0.0
0.0
0.0
0.0
0.03731343283582089
0.0
0.0
0.0
0.0
0.0
0.0
0.0
0.03611457036114574
0.03611457036114574
0.0
0.0
0.0
0.0
0.0
0.0
0.0
0.03733665214685755
0.7147167281260476
0.6842105263157895
0.0
0.0
0.0
0.0
0.0
0.0
0.0
0.0
0.0
0.6843501326259946
0.0
0.0
0.3515495623373551
0.3455847255369928
0.0
0.7147167281260476
0.0
0.0
0.0
0.0
0.0
0.0
0.0
0.0
0.590042372881356
0.0
0.0
0.3515495623373551
0.0
0.0
0.6766917293233083
0.35724331926863573
0.0
0.6817434210526316
0.0
0.0
0.0
0.0
0.0
0.0
0.0
0.0
0.35724331926863573
0.0
0.0
0.0
0.0
0.0
0.35724331926863573
0.0
0.35724331926863573
0.34636471990464834
0.0
0.357327080890973
0.6816779765576804
0.6817434210526316
0.0
0.0
0.0
0.0
0.0
0.0
