0.0
0.0
0.0
0.0
0.0
0.0
0.0
0.03611457036114574
0.0
0.0
0.0
0.0
0.0
0.0
0.0
0.03611457036114574
0.0
0.0
0.0
0.0
0.0
0.0
0.0
0.03611457036114574
0.03611457036114574
0.0
0.0
0.0
0.0
0.0
0.0
0.0
0.08135391923990498
0.696945967110415
0.590042372881356
0.0
0.0
0.0
0.0
0.0
0.0
0.0
0.0
0.0
0.5901986754966888
0.0
0.0
0.3107309486780715
0.30261088392576285
0.0
0.696945967110415
0.0
0.0
0.0
0.0
0.0
0.0
0.0
0.0
0.5775109170305677
0.0
0.0
0.3107309486780715
0.0
0.0
0.5899337748344371
0.3106343283582089
0.0
0.5899337748344371
0.0
0.0
0.0
0.0
0.0
0.0
0.0
0.0
0.3106343283582089
0.0
0.0
0.0
0.0
0.0
0.3106343283582089
0.0
0.3106343283582089
0.30348727615457116
0.0
0.3107309486780715
0.5899337748344371
0.5899337748344371
0.0
0.0
0.0
0.0
0.0
0.0
