0.0
0.0
0.0
0.0
0.0
0.0
0.0
0.0361145703611457
0.0
0.0
0.0
0.0
0.0
0.0
0.0
0.0361145703611457
0.0
0.0
0.0
0.0
0.0
0.0
0.0
0.0361145703611457
0.0361145703611457
0.0
0.0
0.0
0.0
0.0
0.0
0.0
0.08135391923990498
0.696945967110415
0.590042372881356
0.0
0.0
0.0
0.0
0.0
0.0
0.0
0.0
0.0
0.5901986754966887
0.0
0.0
0.31073094867807155
0.3026108839257628
0.0
0.696945967110415
0.0
0.0
0.0
0.0
0.0
0.0
0.0
0.0
0.5775109170305677
0.0
0.0
0.31073094867807155
0.0
0.0
0.5899337748344371
0.310634328358209
0.0
0.5899337748344371
0.0
0.0
0.0
0.0
0.0
0.0
0.0
0.0
0.310634328358209
0.0
0.0
0.0
0.0
0.0
0.310634328358209
0.0
0.310634328358209
0.30348727615457116
0.0
0.31073094867807155
0.5899337748344371
0.5899337748344371
0.0
0.0
0.0
0.0
0.0
0.0
