0.0
0.0
0.0
0.0
0.0
0.0
0.0
0.017766497461928932
0.0
0.0
0.0
0.0
0.0
0.0
0.0
0.019011406844106515
0.0
0.0
0.0
0.0
0.0
0.0
0.0
0.017766497461928932
0.017766497461928932
0.0
0.0
0.0
0.0
0.0
0.0
0.0
0.019023462270133185
0.5436997319034853
0.4308823529411765
0.0
0.0
0.0
0.0
0.0
0.0
0.0
0.0
0.0
0.43104082383229125
0.0
0.0
0.15375115776474224
0.15370370370370368
0.0
0.5436997319034853
0.0
0.0
0.0
0.0
0.0
0.0
0.0
0.0
0.40598618572524947
0.0
0.0
0.15375115776474224
0.0
0.0
0.40598618572524947
0.16351433801098225
0.0
0.42281879194630867
0.0
0.0
0.0
0.0
0.0
0.0
0.0
0.0
0.16351433801098225
0.0
0.0
0.0
0.0
0.0
0.16351433801098225
0.0
0.16351433801098225
0.14499532273152482
0.0
0.16356423558132438
0.42260350615442
0.42281879194630867
0.0
0.0
0.0
0.0
0.0
0.0
