0.14446177847113884
0.14450686641697874
0.14446177847113884
0.004718693284936459
0.004720406681191003
0.14450686641697874
0.14446177847113884
0.004718693284936459
0.004718693284936459
0.004718693284936459
0.004718693284936459
0.004718693284936459
0.004718693284936459
0.0
0.004718693284936459
0.004652827487473199
0.004718693284936459
0.004718693284936459
0.004718693284936459
0.004718693284936459
0.0
0.004718693284936459
0.004718693284936459
0.00435571687840286
0.0042949176807444145
0.004718693284936459
0.004718693284936459
0.004718693284936459
0.004718693284936459
0.004718693284936459
0.004718693284936459
0.0
0.004357298474945481
0.15448658649398705
0.00541320822807656
0.004718693284936459
0.004718693284936459
0.004720406681191003
0.004718693284936459
0.0
0.004718693284936459
0.14446177847113884
0.14450686641697874
0.2445040214477212
0.14450686641697874
0.14450686641697874
0.14423977521073994
0.14419475655430714
0.14446177847113884
0.14446177847113884
0.14446177847113884
0.14446177847113884
0.14446177847113884
0.14446177847113884
0.14446177847113884
0.14446177847113884
0.14450686641697874
0.14441671865252648
0.14450686641697874
0.14450686641697874
0.14423977521073994
0.14450686641697874
0.14414976599063967
0.14419475655430714
0.14419475655430714
0.14450686641697874
0.14419475655430714
0.14446177847113884
0.14450686641697874
0.14446177847113884
0.004718693284936459
0.14446177847113884
0.004720406681191003
0.004718693284936459
0.004720406681191003
0.14419475655430714
0.14446177847113884
0.0
0.0
0.0
0.14446177847113884
0.14419475655430714
0.14446177847113884
0.14419475655430714
0.14419475655430714
0.0003121098626716057
0.14423977521073994
0.14419475655430714
0.14419475655430714
0.14450686641697874
0.14446177847113884
0.14450686641697874
0.14446177847113884
0.14446177847113884
0.14446177847113884
