0.34636471990464834
0.34644730567477344
0.34636471990464834
0.009393063583814976
0.009396458258041251
0.3603267211201867
0.3602426504899673
0.009750812567713929
0.009393063583814976
0.009393063583814976
0.009393063583814976
0.009393063583814976
0.009393063583814976
0.0
0.009393063583814976
0.009262557890986844
0.009393063583814976
0.009393063583814976
0.009393063583814976
0.009393063583814976
0.0
0.009393063583814976
0.009393063583814976
0.009031791907514464
0.008906305664410419
0.009393063583814976
0.009393063583814976
0.009393063583814976
0.009393063583814976
0.009393063583814976
0.009393063583814976
0.0
0.009035056017347332
0.38229330930389727
0.03162333099086434
0.009393063583814976
0.009393063583814976
0.009396458258041251
0.009393063583814976
0.0
0.009393063583814976
0.3602426504899673
0.3603267211201867
0.41884924726747785
0.3603267211201867
0.3603267211201867
0.3601774042950514
0.2782311134509081
0.3602426504899673
0.3602426504899673
0.3602426504899673
0.3602426504899673
0.3602426504899673
0.3602426504899673
0.3602426504899673
0.3602426504899673
0.3603267211201867
0.27815789473684216
0.3603267211201867
0.3603267211201867
0.3601774042950514
0.3603267211201867
0.27796788628586466
0.3600933488914819
0.3600933488914819
0.3603267211201867
0.3600933488914819
0.3602426504899673
0.3603267211201867
0.3602426504899673
0.009393063583814976
0.3602426504899673
0.009396458258041251
0.009393063583814976
0.009396458258041251
0.3600933488914819
0.3602426504899673
0.0003119151590766922
0.00031201248049916863
0.0
0.2784210526315789
0.3600933488914819
0.3602426504899673
0.3600933488914819
0.3600933488914819
0.0006240249609984483
0.3601774042950514
0.3600933488914819
0.3600933488914819
0.2784943406159516
0.3602426504899673
0.3603267211201867
0.3602426504899673
0.3602426504899673
0.3602426504899673
