0.0
0.0
0.0
0.0
0.0
0.0
0.0
0.018389346861128697
0.0
0.0
0.0
0.0
0.0
0.0
0.0
0.018389346861128697
0.0
0.0
0.0
0.0
0.0
0.0
0.0
0.018389346861128697
0.018389346861128697
0.0
0.0
0.0
0.0
0.0
0.0
0.0
0.042401733209532666
0.5348557692307692
0.41848234410217877
0.0
0.0
0.0
0.0
0.0
0.0
0.0
0.0
0.0
0.41863960916948517
0.0
0.0
0.18394402504142882
0.17828020756115637
0.0
0.5348557692307692
0.0
0.0
0.0
0.0
0.0
0.0
0.0
0.0
0.40598618572524947
0.0
0.0
0.18394402504142882
0.0
0.0
0.41837309787713695
0.18387631143014904
0.0
0.41837309787713695
0.0
0.0
0.0
0.0
0.0
0.0
0.0
0.0
0.18387631143014904
0.0
0.0
0.0
0.0
0.0
0.18387631143014904
0.0
0.18387631143014904
0.17888888888888888
0.0
0.18394402504142882
0.41837309787713695
0.41837309787713695
0.0
0.0
0.0
0.0
0.0
0.0
