0.0
0.0
0.0
0.0
0.0
0.0
0.0
0.0361145703611457
0.0
0.0
0.0
0.0
0.0
0.0
0.0
0.03731343283582089
0.0
0.0
0.0
0.0
0.0
0.0
0.0
0.0361145703611457
0.0361145703611457
0.0
0.0
0.0
0.0
0.0
0.0
0.0
0.037336652146857496
0.7147167281260476
0.6842105263157895
0.0
0.0
0.0
0.0
0.0
0.0
0.0
0.0
0.0
0.6843501326259946
0.0
0.0
0.35154956233735507
0.3455847255369928
0.0
0.7147167281260476
0.0
0.0
0.0
0.0
0.0
0.0
0.0
0.0
0.590042372881356
0.0
0.0
0.35154956233735507
0.0
0.0
0.6766917293233082
0.35724331926863573
0.0
0.6817434210526315
0.0
0.0
0.0
0.0
0.0
0.0
0.0
0.0
0.35724331926863573
0.0
0.0
0.0
0.0
0.0
0.35724331926863573
0.0
0.35724331926863573
0.3463647199046484
0.0
0.35732708089097304
0.6816779765576805
0.6817434210526315
0.0
0.0
0.0
0.0
0.0
0.0
