0.20945653740810144
0.20951694304253787
0.20945653740810144
0.004718693284936459
0.004720406681191003
0.21975519499003704
0.21969265793966986
0.004899292324441973
0.004718693284936459
0.004718693284936459
0.004718693284936459
0.004718693284936459
0.004718693284936459
0.0
0.004718693284936459
0.004652827487473199
0.004718693284936459
0.004718693284936459
0.004718693284936459
0.004718693284936459
0.0
0.004718693284936459
0.004718693284936459
0.004536381781890753
0.004473072105922293
0.004718693284936459
0.004718693284936459
0.004718693284936459
0.004718693284936459
0.004718693284936459
0.004718693284936459
0.0
0.004538028680341255
0.23631806155131596
0.016065690824705436
0.004718693284936459
0.004718693284936459
0.004720406681191003
0.004718693284936459
0.0
0.004718693284936459
0.21969265793966986
0.21975519499003704
0.2649015260206078
0.21975519499003704
0.21975519499003704
0.219644128113879
0.16159608622534782
0.21969265793966986
0.21969265793966986
0.21969265793966986
0.21969265793966986
0.21969265793966986
0.21969265793966986
0.21969265793966986
0.21969265793966986
0.21975519499003704
0.1615466911202812
0.21975519499003704
0.21975519499003704
0.219644128113879
0.21975519499003704
0.16141852644451238
0.2195816137754376
0.2195816137754376
0.21975519499003704
0.2195816137754376
0.21969265793966986
0.21975519499003704
0.21969265793966986
0.004718693284936459
0.21969265793966986
0.004720406681191003
0.004718693284936459
0.004720406681191003
0.2195816137754376
0.21969265793966986
0.00015598190609888984
0.00015603058199409325
0.0
0.16172424335065727
0.2195816137754376
0.21969265793966986
0.2195816137754376
0.2195816137754376
0.0003121098626716057
0.219644128113879
0.2195816137754376
0.2195816137754376
0.1617737003058104
0.21969265793966986
0.21975519499003704
0.21969265793966986
0.21969265793966986
0.21969265793966986
