0.0
0.48571428571428577
0.0
0.0
0.0
0.275
0.35
0.050000000000000044
0.0
0.0
0.0625
0.675
0.0
0.20512820512820518
0.6666666666666667
0.0
0.08823529411764708
0.0
0.10256410256410253
0.0
0.0
0.0
0.2647058823529411
0.0
0.08823529411764708
0.0
0.19512195121951215
0.0
0.0
0.0
0.41025641025641024
0.0
0.08823529411764708
0.5714285714285714
0.02564102564102566
0.06060606060606055
0.0
0.0
0.02564102564102566
0.02564102564102566
0.20512820512820518
0.05128205128205132
0.0
0.02564102564102566
0.06060606060606055
0.0
0.0
0.6666666666666667
0.0
0.0
0.02564102564102566
0.0
0.0
0.023809523809523836
0.05128205128205132
0.0
0.0
0.0
0.0
0.0
0.0
0.02564102564102566
0.02564102564102566
0.20512820512820518
0.0
0.275
0.05128205128205132
0.0
0.08823529411764708
0.5384615384615384
0.0
0.2564102564102564
0.0
0.0
0.0
0.030303030303030276
0.0
0.2727272727272727
0.02564102564102566
0.0
0.0
0.04761904761904767
0.0
0.0
0.02564102564102566
0.675
0.09090909090909094
0.0
0.5319148936170213
0.0
0.0
0.0
0.0
0.06060606060606055
0.4418604651162791
0.0
0.0
0.7567567567567568
0.0
0.0
0.0
0.33333333333333337
0.05128205128205132
0.303030303030303
0.0
0.0
0.050000000000000044
0.0
0.0
0.5
0.0
0.20512820512820518
0.0
0.0
0.0
0.0
0.0
0.0
0.21212121212121215
0.050000000000000044
0.0
0.30000000000000004
0.0
0.0
0.25
0.02564102564102566
0.0
0.0
0.0
0.0
0.0
0.4571428571428572
0.0
0.02564102564102566
0.0
0.1071428571428571
0.0
0.0
0.6666666666666667
0.0
0.05128205128205132
0.08823529411764708
0.41025641025641024
0.0
0.0
0.0
0.0
0.0357142857142857
0.0
0.0
0.0
0.32499999999999996
0.41025641025641024
0.0
0.0
0.0
0.0
0.32352941176470584
0.6060606060606061
0.0
0.0
0.303030303030303
0.0
0.303030303030303
0.0
0.303030303030303
0.0
0.0
0.0
0.0
0.02083333333333337
0.0
0.0
0.6923076923076923
0.0
0.02564102564102566
0.050000000000000044
0.72
0.0
0.0
0.7073170731707317
0.0
0.4444444444444444
0.0
0.0
0.0
0.0
0.0
0.02564102564102566
0.5319148936170213
0.0
0.07692307692307687
0.0
0.0
0.050000000000000044
0.32352941176470584
0.0
0.0
0.2647058823529411
0.0
0.38235294117647056
0.02564102564102566
0.0
0.25
0.02564102564102566
0.0
0.0
0.0
0.0
0.0
0.41025641025641024
0.0
0.41025641025641024
0.08823529411764708
0.050000000000000044
0.2325581395348837
0.0
0.4571428571428572
0.20512820512820518
0.4571428571428572
0.0
0.06060606060606055
0.0
0.675
0.0
0.19444444444444442
0.303030303030303
0.0
0.0
0.0
0.0
0.0
0.06060606060606055
0.20512820512820518
0.7241379310344828
0.0
0.0
0.08823529411764708
0.3076923076923077
0.06060606060606055
0.0
0.41025641025641024
0.0
0.0
0.0
0.0
0.7804878048780488
0.0
0.30000000000000004
0.4571428571428572
0.0
0.02564102564102566
0.0
0.08823529411764708
0.8085106382978724
0.0
0.02564102564102566
0.02564102564102566
0.2727272727272727
0.0
0.0
0.22499999999999998
0.0
0.02564102564102566
0.0
0.303030303030303
0.0
0.0
0.2727272727272727
0.3589743589743589
0.02564102564102566
0.0
0.0
0.02564102564102566
0.0
0.6060606060606061
0.050000000000000044
0.04761904761904767
0.0
0.0
0.02564102564102566
0.11764705882352944
0.0
0.0
0.0
0.10256410256410253
0.5
0.09090909090909094
0.0
0.02564102564102566
0.0
0.0
0.5813953488372092
0.0
0.25
0.0
0.0
0.04761904761904767
0.28260869565217395
0.0
0.0
0.0
0.02564102564102566
0.0
0.0
0.0
0.04166666666666663
0.02564102564102566
0.08823529411764708
0.7272727272727273
0.5135135135135135
0.0
0.0
0.675
0.0
0.0
0.4571428571428572
0.48571428571428577
0.09090909090909094
0.02564102564102566
0.0
0.3076923076923077
0.0
0.2564102564102564
0.02564102564102566
0.02564102564102566
0.12121212121212122
0.6666666666666667
0.20512820512820518
0.0
0.0
0.0
0.6470588235294117
0.2564102564102564
0.0
0.05128205128205132
0.0
0.0
0.08823529411764708
0.0
0.0
0.02564102564102566
0.02564102564102566
0.02083333333333337
0.0
0.0
0.0
0.07692307692307687
0.41025641025641024
0.0
0.0
0.0
0.303030303030303
0.08823529411764708
0.02083333333333337
0.08823529411764708
0.6666666666666667
0.08823529411764708
0.02564102564102566
0.02564102564102566
0.030303030303030276
0.0
0.02564102564102566
0.08823529411764708
0.0
0.02564102564102566
0.0
0.0
0.02564102564102566
0.0
0.4571428571428572
0.6176470588235294
0.0
0.0
0.0
0.30000000000000004
0.0
0.0
0.5
0.0
0.4571428571428572
0.02564102564102566
0.0
0.0
0.0
0.0
0.0
0.0
0.0
0.05128205128205132
0.0
0.0
0.20512820512820518
0.6060606060606061
0.0
0.0
0.09090909090909094
0.0
0.0
0.0
0.0
0.303030303030303
0.675
0.0
0.0
0.0
0.0
0.0
0.050000000000000044
0.0
0.5714285714285714
0.33333333333333337
0.0
0.050000000000000044
0.0
0.0
0.4
0.0
0.0
0.41025641025641024
0.2647058823529411
0.0
0.15384615384615385
0.0
0.0
0.2647058823529411
0.0
0.02564102564102566
0.675
0.2727272727272727
0.33333333333333337
0.6060606060606061
0.0
0.0
0.0
0.33333333333333337
0.303030303030303
0.02564102564102566
0.02564102564102566
0.0
0.050000000000000044
0.0
0.050000000000000044
0.41463414634146345
0.0
0.19999999999999996
0.02564102564102566
0.0
0.42500000000000004
0.0
0.4893617021276596
0.02564102564102566
0.0
0.0
0.02564102564102566
0.303030303030303
0.0
0.0
0.303030303030303
0.02564102564102566
0.0
0.0
0.0
0.4571428571428572
0.0
0.0
0.5
0.303030303030303
0.0
0.0
0.0
0.0
0.0
0.19444444444444442
0.8085106382978724
0.5135135135135135
0.0
0.0
0.02564102564102566
0.0
0.2727272727272727
0.4
0.0
0.09090909090909094
0.0
0.0
0.0
0.0
0.0
0.33333333333333337
0.0
0.5384615384615384
0.5
0.050000000000000044
0.19444444444444442
0.0
0.0
0.6666666666666667
0.5277777777777778
0.04166666666666663
0.04761904761904767
0.4571428571428572
0.0
0.0
0.0
0.0
0.0
0.0
0.2647058823529411
0.0
0.0
0.050000000000000044
0.0
0.0
0.050000000000000044
0.0
0.0
0.0
0.0
0.303030303030303
0.0
0.0
0.0
0.0
0.02564102564102566
0.0
0.0
0.33333333333333337
0.02564102564102566
0.10256410256410253
0.0
0.0
0.0
0.30000000000000004
0.0
0.04761904761904767
0.5128205128205128
0.5357142857142857
0.0
0.0
0.0
0.0
0.5
0.0
0.0
0.23076923076923073
0.42500000000000004
0.0
0.0
0.030303030303030276
0.0
0.0
0.09090909090909094
0.050000000000000044
0.0
0.5
0.48571428571428577
0.05128205128205132
0.0
0.303030303030303
0.0
0.030303030303030276
0.0
0.0
0.20512820512820518
0.0
0.030303030303030276
0.050000000000000044
0.08823529411764708
0.5135135135135135
0.0
0.0
0.0
0.10256410256410253
0.0
0.05128205128205132
0.04761904761904767
0.21212121212121215
0.0
0.0
0.04761904761904767
0.0
0.0
0.0
0.6060606060606061
0.0
0.0
0.303030303030303
0.2564102564102564
0.0
0.0
0.0
0.02564102564102566
0.0
0.11764705882352944
0.0
0.0
0.19444444444444442
0.050000000000000044
0.0
0.0
0.0
0.0
0.6666666666666667
0.0
0.0
0.0
0.19444444444444442
0.0
0.030303030303030276
0.0
0.06060606060606055
0.0
0.0
0.0
0.0
0.0
0.0
0.05128205128205132
0.030303030303030276
0.33333333333333337
0.33333333333333337
0.1071428571428571
0.0
0.0
0.0
0.0
0.06060606060606055
0.6666666666666667
0.0
0.07499999999999996
0.0
0.6060606060606061
0.02564102564102566
0.0
0.0
0.0
0.0
0.30000000000000004
0.5
0.5714285714285714
0.4418604651162791
0.48571428571428577
0.20512820512820518
0.09090909090909094
0.2727272727272727
0.6060606060606061
0.0
0.303030303030303
0.5277777777777778
0.33333333333333337
0.1428571428571429
0.0
0.09090909090909094
0.0
0.0
0.0
0.09999999999999998
0.33333333333333337
0.72
0.02564102564102566
0.0
0.0
0.0
0.0
0.0
0.08823529411764708
0.0
0.050000000000000044
0.09523809523809523
0.0
0.0
0.0
0.6666666666666667
0.19444444444444442
0.0
0.0
0.0
0.0
0.06060606060606055
0.02564102564102566
0.0
0.675
0.050000000000000044
0.4571428571428572
0.0
0.303030303030303
0.06060606060606055
0.675
0.050000000000000044
0.0
0.0
0.0
0.02564102564102566
0.0
0.0
0.0
0.0
0.0
0.6060606060606061
0.23076923076923073
0.46153846153846156
0.0
0.02564102564102566
0.0
0.09756097560975607
0.41025641025641024
0.02564102564102566
0.0
0.41025641025641024
0.2564102564102564
0.08823529411764708
0.0
0.275
0.0
0.303030303030303
0.7352941176470589
0.0
0.0
0.0
0.2647058823529411
0.1282051282051282
0.02564102564102566
0.0
0.02564102564102566
0.4
0.6060606060606061
0.02564102564102566
0.0357142857142857
0.4571428571428572
0.0
0.575
0.02564102564102566
0.3846153846153846
0.5
0.02564102564102566
0.303030303030303
0.0
0.0
0.0
0.0
0.19047619047619047
0.0
0.0
0.303030303030303
0.09090909090909094
0.2727272727272727
0.0
0.08823529411764708
0.41025641025641024
0.0
0.0
0.0
0.303030303030303
0.0
0.0
0.0
0.0
0.6176470588235294
0.303030303030303
0.7804878048780488
0.275
0.0
0.0
0.7272727272727273
0.5
0.030303030303030276
0.02564102564102566
0.0
0.0
0.0
0.02564102564102566
0.05128205128205132
