0.0
0.5764705882352941
0.0
0.0
0.0
0.3894736842105263
0.4526315789473684
0.10588235294117643
0.0
0.0
0.15492957746478875
0.7111111111111111
0.0
0.20512820512820518
0.7078651685393258
0.0
0.16216216216216217
0.0
0.1954022988505747
0.0
0.0
0.0
0.31506849315068497
0.0
0.16216216216216217
0.0
0.3529411764705882
0.0
0.0
0.0
0.41025641025641024
0.0
0.16216216216216217
0.6086956521739131
0.09523809523809523
0.13888888888888884
0.0
0.0
0.09523809523809523
0.09523809523809523
0.20512820512820518
0.12941176470588234
0.0
0.09523809523809523
0.13888888888888884
0.0
0.0
0.7078651685393258
0.0
0.0
0.09523809523809523
0.0
0.0
0.0888888888888889
0.12941176470588234
0.0
0.0
0.0
0.0
0.0
0.0
0.09523809523809523
0.09523809523809523
0.20512820512820518
0.0
0.3894736842105263
0.12941176470588234
0.0
0.16216216216216217
0.5955056179775281
0.0
0.275
0.0
0.0
0.0
0.11111111111111116
0.0
0.3513513513513513
0.09523809523809523
0.0
0.0
0.11111111111111116
0.0
0.0
0.09523809523809523
0.7111111111111111
0.16666666666666663
0.0
0.5368421052631579
0.0
0.0
0.0
0.0
0.13888888888888884
0.4838709677419355
0.0
0.0
0.7692307692307692
0.0
0.0
0.0
0.38888888888888884
0.12941176470588234
0.36111111111111116
0.0
0.0
0.10588235294117643
0.0
0.09859154929577463
0.5813953488372092
0.0
0.20512820512820518
0.0
0.0
0.0
0.0
0.0
0.0
0.28767123287671237
0.10588235294117643
0.0
0.41052631578947374
0.0
0.0
0.368421052631579
0.09523809523809523
0.0
0.0
0.0
0.0
0.0
0.5529411764705883
0.0
0.09523809523809523
0.0
0.2857142857142857
0.0
0.0
0.7078651685393258
0.0
0.12941176470588234
0.16216216216216217
0.41025641025641024
0.0
0.0
0.0
0.0
0.20588235294117652
0.0
0.0
0.0
0.43157894736842106
0.4177215189873418
0.0
0.0
0.0
0.0
0.4457831325301205
0.6867469879518072
0.0
0.0
0.36111111111111116
0.0
0.36111111111111116
0.0
0.36111111111111116
0.0
0.0
0.0
0.0
0.07843137254901966
0.0
0.0
0.7303370786516854
0.0
0.09523809523809523
0.10588235294117643
0.7227722772277227
0.0
0.0
0.7362637362637363
0.0
0.4565217391304348
0.0
0.0
0.0
0.0
0.0
0.09523809523809523
0.5368421052631579
0.0
0.16279069767441856
0.0
0.0
0.12643678160919536
0.4457831325301205
0.0
0.0
0.31506849315068497
0.0
0.4246575342465754
0.09523809523809523
0.0
0.368421052631579
0.09523809523809523
0.0
0.0
0.0
0.0
0.0
0.4177215189873418
0.0
0.41025641025641024
0.15068493150684936
0.10588235294117643
0.3653846153846154
0.0
0.5529411764705883
0.20512820512820518
0.5529411764705883
0.0
0.13888888888888884
0.0
0.7111111111111111
0.0
0.22666666666666668
0.36111111111111116
0.0
0.0
0.0
0.0
0.0
0.15068493150684936
0.20512820512820518
0.7714285714285715
0.0
0.0
0.15068493150684936
0.37209302325581395
0.13888888888888884
0.0
0.4831460674157303
0.0
0.0
0.0
0.0
0.7804878048780488
0.0
0.4455445544554455
0.5529411764705883
0.0
0.09523809523809523
0.0
0.16216216216216217
0.8144329896907216
0.0
0.09523809523809523
0.09523809523809523
0.33333333333333337
0.0
0.0
0.22499999999999998
0.0
0.09523809523809523
0.0
0.36111111111111116
0.0
0.0
0.33333333333333337
0.41860465116279066
0.09523809523809523
0.0
0.0
0.09523809523809523
0.0
0.6867469879518072
0.11627906976744184
0.11111111111111116
0.0
0.0
0.09523809523809523
0.18918918918918914
0.0
0.0
0.0
0.1954022988505747
0.5813953488372092
0.17808219178082196
0.0
0.09523809523809523
0.0
0.0
0.6129032258064516
0.0
0.25
0.0
0.0
0.11111111111111116
0.2978723404255319
0.0
0.0
0.0
0.09523809523809523
0.0
0.0
0.0
0.08910891089108908
0.09523809523809523
0.16216216216216217
0.7567567567567568
0.5862068965517242
0.0
0.0
0.7111111111111111
0.0
0.0
0.5529411764705883
0.5764705882352941
0.17808219178082196
0.09523809523809523
0.0
0.42553191489361697
0.0
0.2564102564102564
0.09523809523809523
0.09523809523809523
0.20547945205479456
0.7078651685393258
0.20512820512820518
0.0
0.0
0.0
0.7142857142857143
0.2564102564102564
0.0
0.12941176470588234
0.0
0.0
0.16216216216216217
0.0
0.0
0.09523809523809523
0.09523809523809523
0.07843137254901966
0.0
0.0
0.0
0.16279069767441856
0.41025641025641024
0.0
0.0
0.0
0.36111111111111116
0.16216216216216217
0.07843137254901966
0.15068493150684936
0.7078651685393258
0.16216216216216217
0.09523809523809523
0.10588235294117643
0.11111111111111116
0.0
0.09523809523809523
0.16216216216216217
0.0
0.09523809523809523
0.0
0.0
0.09523809523809523
0.0
0.5529411764705883
0.6904761904761905
0.0
0.0
0.0
0.41052631578947374
0.0
0.0
0.5813953488372092
0.0
0.5529411764705883
0.09523809523809523
0.0
0.0
0.0
0.0
0.0
0.0
0.0
0.12941176470588234
0.0
0.0
0.20512820512820518
0.6867469879518072
0.0
0.0
0.17808219178082196
0.0
0.0
0.0
0.0
0.36111111111111116
0.7111111111111111
0.0
0.0
0.0
0.0
0.0
0.10588235294117643
0.0
0.6086956521739131
0.38888888888888884
0.0
0.11627906976744184
0.0
0.0
0.4130434782608695
0.0
0.0
0.41025641025641024
0.31506849315068497
0.0
0.24137931034482762
0.0
0.0
0.31506849315068497
0.0
0.09523809523809523
0.7111111111111111
0.33333333333333337
0.44680851063829785
0.6867469879518072
0.0
0.0
0.0
0.38888888888888884
0.36111111111111116
0.09523809523809523
0.09523809523809523
0.0
0.11627906976744184
0.0
0.11627906976744184
0.4418604651162791
0.0
0.33333333333333337
0.09523809523809523
0.0
0.48888888888888893
0.0
0.49473684210526314
0.09523809523809523
0.0
0.0
0.09523809523809523
0.36111111111111116
0.0
0.0
0.36111111111111116
0.09523809523809523
0.0
0.0
0.0
0.5529411764705883
0.0
0.0
0.5813953488372092
0.36111111111111116
0.0
0.0
0.0
0.0
0.0
0.22666666666666668
0.8144329896907216
0.5384615384615384
0.0
0.0
0.09523809523809523
0.0
0.33333333333333337
0.4130434782608695
0.0
0.17808219178082196
0.0
0.0
0.0
0.0
0.0
0.3846153846153846
0.0
0.5955056179775281
0.5813953488372092
0.11627906976744184
0.22666666666666668
0.0
0.0
0.7078651685393258
0.6046511627906976
0.08910891089108908
0.11111111111111116
0.5529411764705883
0.0
0.0
0.0
0.0
0.0
0.0
0.31506849315068497
0.0
0.0
0.11627906976744184
0.0
0.0
0.11627906976744184
0.0
0.0
0.0
0.0
0.36111111111111116
0.0
0.0
0.0
0.09090909090909094
0.09523809523809523
0.0
0.0
0.38888888888888884
0.09523809523809523
0.1954022988505747
0.0
0.0
0.0
0.41052631578947374
0.0
0.11111111111111116
0.5581395348837209
0.5357142857142857
0.0
0.0
0.0
0.0
0.5813953488372092
0.0
0.0
0.240506329113924
0.4831460674157303
0.0
0.0
0.11111111111111116
0.0
0.0
0.17808219178082196
0.11627906976744184
0.0
0.5813953488372092
0.5764705882352941
0.12941176470588234
0.0
0.36111111111111116
0.0
0.11111111111111116
0.0
0.0
0.20512820512820518
0.0
0.12328767123287676
0.10588235294117643
0.16216216216216217
0.5384615384615384
0.0
0.0
0.0
0.1954022988505747
0.0
0.12941176470588234
0.11111111111111116
0.28767123287671237
0.0
0.0
0.11111111111111116
0.0
0.0
0.0
0.6867469879518072
0.0
0.0
0.36111111111111116
0.2564102564102564
0.0
0.0
0.0
0.09523809523809523
0.0
0.17808219178082196
0.0
0.0
0.22666666666666668
0.11627906976744184
0.0
0.0
0.0
0.0
0.7078651685393258
0.0
0.0
0.0
0.22666666666666668
0.0
0.11111111111111116
0.0
0.13888888888888884
0.0
0.0
0.0
0.0
0.0
0.0
0.12941176470588234
0.12328767123287676
0.38888888888888884
0.38888888888888884
0.2857142857142857
0.0
0.0
0.0
0.0
0.13888888888888884
0.7078651685393258
0.0
0.13953488372093026
0.0
0.6867469879518072
0.09523809523809523
0.0
0.0
0.0
0.0
0.4455445544554455
0.5681818181818181
0.6086956521739131
0.4838709677419355
0.5764705882352941
0.20512820512820518
0.16666666666666663
0.33333333333333337
0.6867469879518072
0.0
0.36111111111111116
0.6046511627906976
0.38888888888888884
0.2615384615384615
0.0
0.16666666666666663
0.0
0.0
0.0
0.15294117647058825
0.38888888888888884
0.7227722772277227
0.09523809523809523
0.0
0.0
0.0
0.0
0.0
0.16216216216216217
0.0
0.10588235294117643
0.15555555555555556
0.0
0.0
0.0
0.7078651685393258
0.22666666666666668
0.0
0.0
0.0
0.0
0.13888888888888884
0.09523809523809523
0.0
0.7111111111111111
0.11627906976744184
0.5529411764705883
0.0
0.36111111111111116
0.13888888888888884
0.7111111111111111
0.10588235294117643
0.0
0.0
0.0
0.09523809523809523
0.0
0.0
0.0
0.0
0.0
0.6867469879518072
0.240506329113924
0.475
0.0
0.09523809523809523
0.0
0.14942528735632188
0.41025641025641024
0.09523809523809523
0.0
0.4177215189873418
0.2564102564102564
0.16216216216216217
0.0
0.3894736842105263
0.0
0.36111111111111116
0.76
0.0
0.0
0.0
0.31506849315068497
0.2183908045977011
0.09523809523809523
0.0
0.09523809523809523
0.4130434782608695
0.6867469879518072
0.09523809523809523
0.22857142857142854
0.5529411764705883
0.0
0.5952380952380952
0.09523809523809523
0.4606741573033708
0.5813953488372092
0.09523809523809523
0.36111111111111116
0.0
0.0
0.0
0.0
0.19047619047619047
0.0
0.0
0.36111111111111116
0.17808219178082196
0.33333333333333337
0.0
0.16216216216216217
0.41025641025641024
0.0
0.0
0.0
0.36111111111111116
0.0
0.0
0.0
0.0
0.6904761904761905
0.36111111111111116
0.7804878048780488
0.3894736842105263
0.0
0.0
0.7567567567567568
0.5813953488372092
0.11111111111111116
0.09523809523809523
0.0
0.0
0.0
0.09523809523809523
0.11904761904761907
