0.0
0.7313432835820896
0.0
0.0
0.0
0.5606060606060606
0.6231884057971014
0.19148936170212766
0.0
0.0
0.2682926829268293
0.8311688311688312
0.0
0.3404255319148936
0.8289473684210527
0.0
0.27906976744186046
0.0
0.3269230769230769
0.0
0.0
0.0
0.4791666666666667
0.0
0.27906976744186046
0.0
0.5217391304347826
0.0
0.0
0.0
0.5818181818181818
0.0
0.27906976744186046
0.7567567567567568
0.17391304347826086
0.24390243902439024
0.0
0.0
0.17391304347826086
0.17391304347826086
0.3404255319148936
0.22916666666666666
0.0
0.17391304347826086
0.24390243902439024
0.0
0.0
0.8289473684210527
0.0
0.0
0.17391304347826086
0.0
0.0
0.16326530612244897
0.22916666666666666
0.0
0.0
0.0
0.0
0.0
0.0
0.17391304347826086
0.17391304347826086
0.3404255319148936
0.0
0.5606060606060606
0.22916666666666666
0.0
0.27906976744186046
0.7464788732394366
0.0
0.43137254901960786
0.0
0.0
0.0
0.2
0.0
0.52
0.17391304347826086
0.0
0.0
0.2
0.0
0.0
0.17391304347826086
0.8311688311688312
0.2857142857142857
0.0
0.6986301369863014
0.0
0.0
0.0
0.0
0.24390243902439024
0.6521739130434783
0.0
0.0
0.8695652173913043
0.0
0.0
0.0
0.56
0.22916666666666666
0.5306122448979592
0.0
0.0
0.19148936170212766
0.0
0.1794871794871795
0.7352941176470589
0.0
0.3404255319148936
0.0
0.0
0.0
0.0
0.0
0.0
0.44680851063829785
0.19148936170212766
0.0
0.582089552238806
0.0
0.0
0.5384615384615384
0.17391304347826086
0.0
0.0
0.0
0.0
0.0
0.7121212121212122
0.0
0.17391304347826086
0.0
0.4444444444444444
0.0
0.0
0.8289473684210527
0.0
0.22916666666666666
0.27906976744186046
0.5818181818181818
0.0
0.0
0.0
0.0
0.34146341463414637
0.0
0.0
0.0
0.6029411764705882
0.5892857142857143
0.0
0.0
0.0
0.0
0.6166666666666667
0.8142857142857143
0.0
0.0
0.5306122448979592
0.0
0.5306122448979592
0.0
0.5306122448979592
0.0
0.0
0.0
0.0
0.14545454545454545
0.0
0.0
0.8441558441558441
0.0
0.17391304347826086
0.19148936170212766
0.8390804597701149
0.0
0.0
0.8481012658227848
0.0
0.6268656716417911
0.0
0.0
0.0
0.0
0.0
0.17391304347826086
0.6986301369863014
0.0
0.28
0.0
0.0
0.22448979591836735
0.6166666666666667
0.0
0.0
0.4791666666666667
0.0
0.5961538461538461
0.17391304347826086
0.0
0.5384615384615384
0.17391304347826086
0.0
0.0
0.0
0.0
0.0
0.5892857142857143
0.0
0.5818181818181818
0.2619047619047619
0.19148936170212766
0.5352112676056338
0.0
0.7121212121212122
0.3404255319148936
0.7121212121212122
0.0
0.24390243902439024
0.0
0.8311688311688312
0.0
0.3695652173913043
0.5306122448979592
0.0
0.0
0.0
0.0
0.0
0.2619047619047619
0.3404255319148936
0.8709677419354839
0.0
0.0
0.2619047619047619
0.5423728813559322
0.24390243902439024
0.0
0.6515151515151515
0.0
0.0
0.0
0.0
0.8767123287671232
0.0
0.6164383561643836
0.7121212121212122
0.0
0.17391304347826086
0.0
0.27906976744186046
0.8977272727272727
0.0
0.17391304347826086
0.17391304347826086
0.5
0.0
0.0
0.3673469387755102
0.0
0.17391304347826086
0.0
0.5306122448979592
0.0
0.0
0.5
0.5901639344262295
0.17391304347826086
0.0
0.0
0.17391304347826086
0.0
0.8142857142857143
0.20833333333333334
0.2
0.0
0.0
0.17391304347826086
0.3181818181818182
0.0
0.0
0.0
0.3269230769230769
0.7352941176470589
0.3023255813953488
0.0
0.17391304347826086
0.0
0.0
0.76
0.0
0.4
0.0
0.0
0.2
0.45901639344262296
0.0
0.0
0.0
0.17391304347826086
0.0
0.0
0.0
0.16363636363636364
0.17391304347826086
0.27906976744186046
0.8615384615384616
0.7391304347826086
0.0
0.0
0.8311688311688312
0.0
0.0
0.7121212121212122
0.7313432835820896
0.3023255813953488
0.17391304347826086
0.0
0.5970149253731343
0.0
0.40816326530612246
0.17391304347826086
0.17391304347826086
0.3409090909090909
0.8289473684210527
0.3404255319148936
0.0
0.0
0.0
0.8333333333333334
0.40816326530612246
0.0
0.22916666666666666
0.0
0.0
0.27906976744186046
0.0
0.0
0.17391304347826086
0.17391304347826086
0.14545454545454545
0.0
0.0
0.0
0.28
0.5818181818181818
0.0
0.0
0.0
0.5306122448979592
0.27906976744186046
0.14545454545454545
0.2619047619047619
0.8289473684210527
0.27906976744186046
0.17391304347826086
0.19148936170212766
0.2
0.0
0.17391304347826086
0.27906976744186046
0.0
0.17391304347826086
0.0
0.0
0.17391304347826086
0.0
0.7121212121212122
0.8169014084507042
0.0
0.0
0.0
0.582089552238806
0.0
0.0
0.7352941176470589
0.0
0.7121212121212122
0.17391304347826086
0.0
0.0
0.0
0.0
0.0
0.0
0.0
0.22916666666666666
0.0
0.0
0.3404255319148936
0.8142857142857143
0.0
0.0
0.3023255813953488
0.0
0.0
0.0
0.0
0.5306122448979592
0.8311688311688312
0.0
0.0
0.0
0.0
0.0
0.19148936170212766
0.0
0.7567567567567568
0.56
0.0
0.20833333333333334
0.0
0.0
0.5846153846153846
0.0
0.0
0.5818181818181818
0.4791666666666667
0.0
0.3888888888888889
0.0
0.0
0.4791666666666667
0.0
0.17391304347826086
0.8311688311688312
0.5
0.6176470588235294
0.8142857142857143
0.0
0.0
0.0
0.56
0.5306122448979592
0.17391304347826086
0.17391304347826086
0.0
0.20833333333333334
0.0
0.20833333333333334
0.6129032258064516
0.0
0.5
0.17391304347826086
0.0
0.6567164179104478
0.0
0.6619718309859155
0.17391304347826086
0.0
0.0
0.17391304347826086
0.5306122448979592
0.0
0.0
0.5306122448979592
0.17391304347826086
0.0
0.0
0.0
0.7121212121212122
0.0
0.0
0.7352941176470589
0.5306122448979592
0.0
0.0
0.0
0.0
0.0
0.3695652173913043
0.8977272727272727
0.7
0.0
0.0
0.17391304347826086
0.0
0.5
0.5846153846153846
0.0
0.3023255813953488
0.0
0.0
0.0
0.0
0.0
0.5555555555555556
0.0
0.7464788732394366
0.7352941176470589
0.20833333333333334
0.3695652173913043
0.0
0.0
0.8289473684210527
0.7536231884057971
0.16363636363636364
0.2
0.7121212121212122
0.0
0.0
0.0
0.0
0.0
0.0
0.4791666666666667
0.0
0.0
0.20833333333333334
0.0
0.0
0.20833333333333334
0.0
0.0
0.0
0.0
0.5306122448979592
0.0
0.0
0.0
0.16666666666666666
0.17391304347826086
0.0
0.0
0.56
0.17391304347826086
0.3269230769230769
0.0
0.0
0.0
0.582089552238806
0.0
0.2
0.7164179104477612
0.6976744186046512
0.0
0.0
0.0
0.0
0.7352941176470589
0.0
0.0
0.3877551020408163
0.6515151515151515
0.0
0.0
0.2
0.0
0.0
0.3023255813953488
0.20833333333333334
0.0
0.7352941176470589
0.7313432835820896
0.22916666666666666
0.0
0.5306122448979592
0.0
0.2
0.0
0.0
0.3404255319148936
0.0
0.21951219512195122
0.19148936170212766
0.27906976744186046
0.7
0.0
0.0
0.0
0.3269230769230769
0.0
0.22916666666666666
0.2
0.44680851063829785
0.0
0.0
0.2
0.0
0.0
0.0
0.8142857142857143
0.0
0.0
0.5306122448979592
0.40816326530612246
0.0
0.0
0.0
0.17391304347826086
0.0
0.3023255813953488
0.0
0.0
0.3695652173913043
0.20833333333333334
0.0
0.0
0.0
0.0
0.8289473684210527
0.0
0.0
0.0
0.3695652173913043
0.0
0.2
0.0
0.24390243902439024
0.0
0.0
0.0
0.0
0.0
0.0
0.22916666666666666
0.21951219512195122
0.56
0.56
0.4444444444444444
0.0
0.0
0.0
0.0
0.24390243902439024
0.8289473684210527
0.0
0.24489795918367346
0.0
0.8142857142857143
0.17391304347826086
0.0
0.0
0.0
0.0
0.6164383561643836
0.7246376811594203
0.7567567567567568
0.6521739130434783
0.7313432835820896
0.3404255319148936
0.2857142857142857
0.5
0.8142857142857143
0.0
0.5306122448979592
0.7536231884057971
0.56
0.4146341463414634
0.0
0.2857142857142857
0.0
0.0
0.0
0.2653061224489796
0.56
0.8390804597701149
0.17391304347826086
0.0
0.0
0.0
0.0
0.0
0.27906976744186046
0.0
0.19148936170212766
0.2692307692307692
0.0
0.0
0.0
0.8289473684210527
0.3695652173913043
0.0
0.0
0.0
0.0
0.24390243902439024
0.17391304347826086
0.0
0.8311688311688312
0.20833333333333334
0.7121212121212122
0.0
0.5306122448979592
0.24390243902439024
0.8311688311688312
0.19148936170212766
0.0
0.0
0.0
0.17391304347826086
0.0
0.0
0.0
0.0
0.0
0.8142857142857143
0.3877551020408163
0.6440677966101694
0.0
0.17391304347826086
0.0
0.26
0.5818181818181818
0.17391304347826086
0.0
0.5892857142857143
0.40816326530612246
0.27906976744186046
0.0
0.5606060606060606
0.0
0.5306122448979592
0.8636363636363636
0.0
0.0
0.0
0.4791666666666667
0.3584905660377358
0.17391304347826086
0.0
0.17391304347826086
0.5846153846153846
0.8142857142857143
0.17391304347826086
0.37209302325581395
0.7121212121212122
0.0
0.746268656716418
0.17391304347826086
0.6307692307692307
0.7352941176470589
0.17391304347826086
0.5306122448979592
0.0
0.0
0.0
0.0
0.32
0.0
0.0
0.5306122448979592
0.3023255813953488
0.5
0.0
0.27906976744186046
0.5818181818181818
0.0
0.0
0.0
0.5306122448979592
0.0
0.0
0.0
0.0
0.8169014084507042
0.5306122448979592
0.8767123287671232
0.5606060606060606
0.0
0.0
0.8615384615384616
0.7352941176470589
0.2
0.17391304347826086
0.0
0.0
0.0
0.17391304347826086
0.2127659574468085
