0.18181818181818177
0.17500000000000004
0.6060606060606061
0.09999999999999998
0.02564102564102566
0.07692307692307687
0.36363636363636365
0.02564102564102566
0.303030303030303
0.06060606060606055
0.6060606060606061
0.02564102564102566
0.12121212121212122
0.050000000000000044
0.21875
0.050000000000000044
0.303030303030303
0.2941176470588235
0.06060606060606055
0.6060606060606061
0.6060606060606061
0.06060606060606055
0.06060606060606055
0.0
0.7
0.06060606060606055
0.0
0.0
0.02564102564102566
0.06060606060606055
0.2647058823529411
0.6470588235294117
0.303030303030303
0.36363636363636365
0.7
0.050000000000000044
0.0
0.12121212121212122
0.17500000000000004
0.0
0.6060606060606061
0.43333333333333335
0.36363636363636365
0.6285714285714286
0.050000000000000044
0.12121212121212122
0.7804878048780488
0.07692307692307687
0.07692307692307687
0.09999999999999998
0.0
0.36363636363636365
0.303030303030303
0.12121212121212122
0.6176470588235294
0.31034482758620685
0.02564102564102566
0.303030303030303
0.02564102564102566
0.09090909090909094
0.6060606060606061
0.025000000000000022
0.15625
0.02564102564102566
0.050000000000000044
0.02564102564102566
