0.25
0.25
0.6867469879518072
0.15294117647058825
0.09523809523809523
0.1428571428571429
0.41666666666666663
0.09523809523809523
0.36111111111111116
0.13888888888888884
0.6867469879518072
0.09523809523809523
0.19444444444444442
0.10588235294117643
0.32432432432432434
0.10588235294117643
0.36111111111111116
0.34246575342465757
0.13888888888888884
0.6867469879518072
0.6867469879518072
0.13888888888888884
0.13888888888888884
0.0
0.7333333333333334
0.13888888888888884
0.0
0.0
0.09523809523809523
0.13888888888888884
0.3421052631578947
0.7142857142857143
0.36111111111111116
0.41666666666666663
0.7333333333333334
0.10588235294117643
0.0
0.19444444444444442
0.25
0.0
0.6867469879518072
0.5405405405405406
0.41666666666666663
0.6941176470588235
0.11627906976744184
0.19444444444444442
0.7831325301204819
0.1428571428571429
0.1428571428571429
0.15294117647058825
0.0
0.41666666666666663
0.36111111111111116
0.19444444444444442
0.6904761904761905
0.4285714285714286
0.09523809523809523
0.36111111111111116
0.09523809523809523
0.16666666666666663
0.6867469879518072
0.09302325581395354
0.2702702702702703
0.09523809523809523
0.10588235294117643
0.09523809523809523
