0.4
0.4
0.8142857142857143
0.26530612244897955
0.17391304347826086
0.25
0.5882352941176471
0.17391304347826086
0.5306122448979591
0.24390243902439024
0.8142857142857143
0.17391304347826086
0.32558139534883723
0.19148936170212771
0.4897959183673469
0.19148936170212771
0.5306122448979591
0.5102040816326531
0.24390243902439024
0.8142857142857143
0.8142857142857143
0.24390243902439024
0.24390243902439024
0.0
0.8461538461538461
0.24390243902439024
0.0
0.0
0.17391304347826086
0.24390243902439024
0.5098039215686274
0.8333333333333334
0.5306122448979591
0.5882352941176471
0.8461538461538461
0.19148936170212771
0.0
0.32558139534883723
0.4
0.0
0.8142857142857143
0.7017543859649122
0.5882352941176471
0.8194444444444444
0.20833333333333337
0.32558139534883723
0.8783783783783784
0.25
0.25
0.26530612244897955
0.0
0.5882352941176471
0.5306122448979591
0.32558139534883723
0.8169014084507042
0.6
0.17391304347826086
0.5306122448979591
0.17391304347826086
0.2857142857142857
0.8142857142857143
0.17021276595744683
0.42553191489361697
0.17391304347826086
0.19148936170212771
0.17391304347826086
