0.0
0.30357142857142855
0.5660377358490566
0.539568345323741
0.5660377358490566
0.5660377358490566
0.0
0.0
0.640625
0.0
0.3157894736842105
0.0
0.0
0.0
0.5740740740740741
0.0
0.0
0.539568345323741
0.44776119402985076
0.30357142857142855
0.5660377358490566
0.3157894736842105
0.35
0.0
0.0
0.22
0.30357142857142855
0.539568345323741
0.0
0.5740740740740741
0.3157894736842105
0.0
0.539568345323741
0.6461538461538462
0.5740740740740741
0.6461538461538462
0.0
0.5660377358490566
0.19607843137254902
0.3157894736842105
0.0
0.30357142857142855
0.0
0.539568345323741
0.539568345323741
0.0
0.0
0.539568345323741
0.3157894736842105
0.35
0.0
0.3157894736842105
0.3157894736842105
0.3157894736842105
0.5660377358490566
0.30357142857142855
0.539568345323741
0.3157894736842105
0.38095238095238093
0.44776119402985076
0.0
0.30357142857142855
0.3157894736842105
0.5660377358490566
0.3157894736842105
0.5660377358490566
0.0
0.0
0.3157894736842105
0.5660377358490566
0.539568345323741
0.6461538461538462
0.3157894736842105
0.0
0.38095238095238093
0.539568345323741
0.0
0.6461538461538462
0.539568345323741
0.0
0.5740740740740741
0.0
0.0
0.0
0.3157894736842105
0.3157894736842105
0.30357142857142855
0.14583333333333334
0.539568345323741
0.0
0.3157894736842105
0.44776119402985076
0.5660377358490566
0.3157894736842105
0.3157894736842105
0.6461538461538462
0.3157894736842105
0.0
0.3157894736842105
0.14583333333333334
0.539568345323741
0.0
0.0
0.30357142857142855
0.3157894736842105
0.6461538461538462
0.3157894736842105
0.6461538461538462
0.0
0.14583333333333334
0.44776119402985076
0.0
0.3157894736842105
0.3157894736842105
0.3157894736842105
0.30357142857142855
0.6461538461538462
0.30357142857142855
0.6461538461538462
0.5660377358490566
0.35
0.539568345323741
0.0
0.16666666666666666
0.2328767123287671
0.0
0.3157894736842105
0.3157894736842105
0.3157894736842105
0.30357142857142855
0.14583333333333334
0.30357142857142855
0.14583333333333334
0.6461538461538462
0.5660377358490566
0.0
0.0
0.29310344827586204
0.6461538461538462
0.539568345323741
0.0
0.0
0.6461538461538462
0.3157894736842105
0.14583333333333334
0.44776119402985076
0.5660377358490566
0.35
0.5660377358490566
0.539568345323741
0.3157894736842105
0.3157894736842105
0.5740740740740741
0.30357142857142855
0.16666666666666666
0.5660377358490566
0.3157894736842105
0.3157894736842105
0.6461538461538462
0.0
0.14583333333333334
0.3157894736842105
0.5454545454545454
0.44776119402985076
0.20408163265306123
0.3157894736842105
0.44776119402985076
0.539568345323741
0.0
0.3157894736842105
0.539568345323741
0.34285714285714286
0.5660377358490566
0.44776119402985076
0.5660377358490566
0.3157894736842105
0.0
0.0
0.44776119402985076
0.0
0.0
0.0
0.5660377358490566
0.30357142857142855
0.30357142857142855
0.539568345323741
0.5660377358490566
0.0
0.0
0.3157894736842105
0.38095238095238093
0.0
0.0
0.48333333333333334
0.0
0.3157894736842105
0.6461538461538462
0.5660377358490566
0.0
0.44776119402985076
0.16666666666666666
0.6461538461538462
0.5660377358490566
0.5660377358490566
0.22
0.3157894736842105
0.22
0.30357142857142855
0.0
0.0
0.5660377358490566
0.0
0.0
0.3157894736842105
0.5740740740740741
0.0
0.35
0.0
0.539568345323741
0.539568345323741
0.20408163265306123
0.38095238095238093
0.5740740740740741
0.3157894736842105
0.0
0.16666666666666666
0.3157894736842105
0.539568345323741
0.0
0.3157894736842105
0.0
0.0
0.38095238095238093
0.0
0.3157894736842105
0.6461538461538462
0.3157894736842105
0.30357142857142855
0.6461538461538462
0.38095238095238093
0.14583333333333334
0.3157894736842105
0.5660377358490566
0.0
0.3157894736842105
0.0
0.30357142857142855
0.5660377358490566
0.44776119402985076
0.539568345323741
0.44776119402985076
0.30357142857142855
0.30357142857142855
0.45588235294117646
0.44776119402985076
0.30357142857142855
0.14583333333333334
0.0
0.5660377358490566
0.0
0.640625
0.5660377358490566
0.640625
0.38095238095238093
0.0
0.5660377358490566
0.30357142857142855
0.3157894736842105
0.603448275862069
0.6166666666666667
0.30357142857142855
0.539568345323741
0.5454545454545454
0.0
0.0
0.0
0.0
0.38095238095238093
0.35
0.0
0.0
0.539568345323741
0.0
0.30357142857142855
0.0
0.3157894736842105
0.5454545454545454
0.539568345323741
0.44776119402985076
0.539568345323741
0.0
0.0
0.539568345323741
0.30357142857142855
0.44776119402985076
0.0
0.6461538461538462
0.5660377358490566
0.5660377358490566
0.30357142857142855
0.44776119402985076
0.0
0.0
0.3157894736842105
0.3157894736842105
0.0
0.5660377358490566
0.3157894736842105
0.14583333333333334
0.0
0.5660377358490566
0.0
0.35
0.539568345323741
0.6461538461538462
0.0
0.539568345323741
0.0
0.30357142857142855
0.36065573770491804
0.6461538461538462
0.5740740740740741
0.539568345323741
0.0
0.5660377358490566
0.0
0.5660377358490566
0.45588235294117646
0.5660377358490566
0.0
0.3157894736842105
0.0
0.3157894736842105
0.2641509433962264
0.14583333333333334
0.5660377358490566
0.38095238095238093
0.3157894736842105
0.0
0.3157894736842105
0.539568345323741
0.3157894736842105
0.38095238095238093
0.3157894736842105
0.3157894736842105
0.0
0.6461538461538462
0.0
0.30357142857142855
0.0
0.3157894736842105
0.44776119402985076
0.14583333333333334
0.30357142857142855
0.5660377358490566
0.0
0.3157894736842105
0.3157894736842105
0.5740740740740741
0.44776119402985076
0.5660377358490566
0.5660377358490566
0.0
0.44776119402985076
0.30357142857142855
0.3157894736842105
0.6461538461538462
0.5660377358490566
0.0
0.0
0.5660377358490566
0.35
0.0
0.30357142857142855
0.14583333333333334
0.5428571428571428
0.5660377358490566
0.5660377358490566
0.16666666666666666
0.539568345323741
0.3157894736842105
0.6461538461538462
0.3157894736842105
0.640625
0.5454545454545454
0.539568345323741
0.14583333333333334
0.44776119402985076
0.5660377358490566
0.539568345323741
0.3157894736842105
0.14583333333333334
0.2641509433962264
0.30357142857142855
0.539568345323741
0.3157894736842105
0.30357142857142855
0.5660377358490566
0.0
0.3157894736842105
0.5660377358490566
0.20408163265306123
0.3157894736842105
0.0
0.0
0.14583333333333334
0.5660377358490566
0.539568345323741
0.3157894736842105
0.539568345323741
0.539568345323741
0.539568345323741
0.44776119402985076
0.539568345323741
0.44776119402985076
0.0
0.0
0.539568345323741
0.0
0.539568345323741
0.0
0.0
0.3157894736842105
0.0
0.30357142857142855
0.539568345323741
0.3157894736842105
0.3157894736842105
0.2641509433962264
0.5740740740740741
0.3157894736842105
0.6461538461538462
0.3157894736842105
0.6461538461538462
0.6461538461538462
0.5660377358490566
0.30357142857142855
0.16666666666666666
0.0
0.539568345323741
0.30357142857142855
0.3157894736842105
0.0
0.6461538461538462
0.14583333333333334
0.0
0.0
0.6461538461538462
0.44776119402985076
0.539568345323741
0.0
0.0
0.3157894736842105
0.0
0.30357142857142855
0.5
0.5428571428571428
0.603448275862069
0.3157894736842105
0.35
0.5428571428571428
0.5660377358490566
0.44776119402985076
0.539568345323741
0.3157894736842105
0.0
0.0
0.0
0.3157894736842105
0.14583333333333334
0.3157894736842105
0.5660377358490566
0.539568345323741
0.0
0.3157894736842105
0.0
0.539568345323741
0.30357142857142855
0.539568345323741
0.35
0.30357142857142855
0.3157894736842105
0.6461538461538462
0.3157894736842105
0.3157894736842105
0.5660377358490566
0.6461538461538462
0.30357142857142855
0.6461538461538462
0.0
0.0
0.35
0.0
0.0
0.6461538461538462
0.6461538461538462
0.44776119402985076
0.35
0.30357142857142855
0.0
0.0
0.539568345323741
0.3157894736842105
0.0
0.539568345323741
0.6461538461538462
0.0
0.0
0.5740740740740741
0.0
0.5660377358490566
0.0
0.0
0.0
0.3157894736842105
0.35
0.0
0.44776119402985076
0.6461538461538462
0.3157894736842105
0.0
0.0
0.44776119402985076
0.3157894736842105
0.0
0.539568345323741
0.0
0.0
0.0
0.3157894736842105
0.35
0.5660377358490566
0.5660377358490566
0.0
0.35
0.3157894736842105
0.0
0.44776119402985076
0.0
0.44776119402985076
0.3157894736842105
0.3157894736842105
0.6461538461538462
0.6461538461538462
0.3157894736842105
0.0
0.44776119402985076
0.3157894736842105
0.5660377358490566
0.5660377358490566
0.30357142857142855
0.44776119402985076
0.14583333333333334
0.3157894736842105
0.3157894736842105
0.0
0.16666666666666666
0.539568345323741
0.5660377358490566
0.3157894736842105
0.5660377358490566
0.3157894736842105
0.6461538461538462
0.0
0.0
0.3157894736842105
0.640625
0.3157894736842105
0.0
0.20408163265306123
0.0
0.640625
0.3157894736842105
0.7346938775510204
0.6461538461538462
0.30357142857142855
0.0
0.44776119402985076
0.0
0.0
0.539568345323741
0.5660377358490566
0.2641509433962264
0.6461538461538462
0.30357142857142855
0.539568345323741
0.6461538461538462
0.5660377358490566
0.0
0.0
0.5740740740740741
0.0
0.539568345323741
0.0
0.38095238095238093
0.3157894736842105
0.3157894736842105
0.539568345323741
0.0
0.0
0.44776119402985076
0.44776119402985076
0.5660377358490566
0.29310344827586204
0.5660377358490566
0.3157894736842105
0.30357142857142855
0.5428571428571428
0.5660377358490566
0.30357142857142855
0.44776119402985076
0.3157894736842105
0.0
0.5660377358490566
0.0
0.539568345323741
0.0
0.3157894736842105
0.5660377358490566
0.3157894736842105
0.6461538461538462
0.0
0.3157894736842105
0.0
0.0
0.38095238095238093
0.6461538461538462
0.22
0.3157894736842105
0.6461538461538462
0.3157894736842105
0.3157894736842105
0.3157894736842105
0.539568345323741
0.6461538461538462
0.539568345323741
0.0
0.5660377358490566
0.0
0.0
0.3157894736842105
0.539568345323741
0.3157894736842105
0.0
0.5660377358490566
0.3157894736842105
0.39705882352941174
0.44776119402985076
0.3157894736842105
0.539568345323741
0.5660377358490566
0.3157894736842105
0.3157894736842105
0.0
0.0
0.5740740740740741
0.5428571428571428
0.6461538461538462
0.0
0.6461538461538462
0.3157894736842105
0.30357142857142855
0.5660377358490566
0.6461538461538462
0.0
0.539568345323741
0.0
0.38095238095238093
0.0
0.0
0.539568345323741
0.3157894736842105
0.6461538461538462
0.0
0.5660377358490566
0.6461538461538462
0.0
0.6461538461538462
0.14583333333333334
0.3157894736842105
0.3157894736842105
0.30357142857142855
0.5660377358490566
0.0
0.44776119402985076
0.5660377358490566
0.44776119402985076
0.3157894736842105
0.35
0.539568345323741
0.3157894736842105
0.30357142857142855
0.5660377358490566
0.0
0.0
0.0
0.3246753246753247
0.0
0.7647058823529411
0.3157894736842105
0.44776119402985076
0.6461538461538462
0.0
0.35
0.0
0.5660377358490566
0.14583333333333334
0.0
0.0
0.5660377358490566
0.0
0.5428571428571428
0.3157894736842105
0.539568345323741
0.3157894736842105
0.3157894736842105
0.5660377358490566
0.6461538461538462
0.3157894736842105
0.44776119402985076
0.0
0.3157894736842105
0.6461538461538462
0.6461538461538462
0.3157894736842105
0.6461538461538462
0.539568345323741
0.22
0.0
0.3157894736842105
0.48333333333333334
0.38095238095238093
0.38095238095238093
0.3157894736842105
0.6461538461538462
0.3157894736842105
0.3157894736842105
0.32
0.0
0.0
0.39705882352941174
0.0
0.0
0.539568345323741
0.35
0.14583333333333334
0.0
0.30357142857142855
0.3157894736842105
0.5660377358490566
0.30357142857142855
0.30357142857142855
0.0
0.539568345323741
0.0
0.6229508196721312
0.14583333333333334
0.4305555555555556
0.0
0.3157894736842105
0.3157894736842105
0.0
0.30357142857142855
0.5660377358490566
0.14583333333333334
0.3157894736842105
0.5660377358490566
0.3157894736842105
0.6461538461538462
0.22
0.44776119402985076
0.0
0.6461538461538462
0.35
0.5660377358490566
0.0
0.38095238095238093
0.44776119402985076
0.3157894736842105
0.0
0.3157894736842105
0.5660377358490566
0.6461538461538462
0.0
0.3157894736842105
0.0
0.30357142857142855
0.5740740740740741
0.0
0.0
0.14583333333333334
0.3157894736842105
0.44776119402985076
0.3157894736842105
0.0
0.44776119402985076
0.3157894736842105
0.0
0.3157894736842105
0.0
0.30357142857142855
0.0
0.5660377358490566
0.5660377358490566
0.5660377358490566
0.0
0.539568345323741
0.35
0.0
0.20408163265306123
0.3157894736842105
0.44776119402985076
0.0
0.44776119402985076
0.3157894736842105
0.5660377358490566
0.0
0.30357142857142855
0.3157894736842105
0.6461538461538462
0.44776119402985076
0.0
0.5660377358490566
0.30357142857142855
0.3157894736842105
0.36065573770491804
0.5660377358490566
0.3157894736842105
0.3157894736842105
0.539568345323741
0.0
0.3157894736842105
0.5660377358490566
0.3157894736842105
0.5660377358490566
0.3157894736842105
0.0
0.0
0.44776119402985076
0.0
0.6461538461538462
0.3157894736842105
0.0
0.0
0.30357142857142855
0.539568345323741
0.5660377358490566
0.5660377358490566
0.6461538461538462
0.44776119402985076
0.0
0.30357142857142855
0.539568345323741
0.603448275862069
0.3157894736842105
0.0
0.539568345323741
0.3157894736842105
0.30357142857142855
0.0
0.539568345323741
0.3157894736842105
0.0
0.0
0.3157894736842105
0.0
0.5660377358490566
0.0
0.30357142857142855
0.30357142857142855
0.30357142857142855
0.38095238095238093
0.44776119402985076
0.44776119402985076
0.6538461538461539
0.0
0.0
0.35
0.0
0.0
0.3157894736842105
0.3157894736842105
0.539568345323741
0.0
0.6461538461538462
0.0
0.0
0.0
0.5660377358490566
0.0
0.30357142857142855
0.3157894736842105
0.3157894736842105
0.6461538461538462
0.0
0.6461538461538462
0.30357142857142855
0.44776119402985076
0.539568345323741
0.3157894736842105
0.5660377358490566
0.30357142857142855
0.0
0.5660377358490566
0.3157894736842105
0.5740740740740741
0.5660377358490566
0.0
0.3157894736842105
0.44776119402985076
0.6461538461538462
0.30357142857142855
0.6461538461538462
0.0
0.30357142857142855
0.3157894736842105
0.44776119402985076
0.44776119402985076
0.14583333333333334
0.16666666666666666
0.0
0.0
0.6461538461538462
0.0
0.539568345323741
0.3157894736842105
0.0
0.539568345323741
0.5660377358490566
0.0
0.0
0.5660377358490566
0.5660377358490566
0.35
0.6461538461538462
0.5740740740740741
0.3157894736842105
0.44776119402985076
0.0
0.539568345323741
0.0
0.539568345323741
0.0
0.5660377358490566
0.44776119402985076
0.5660377358490566
0.44776119402985076
0.30357142857142855
0.785234899328859
0.0
0.44776119402985076
0.0
0.6461538461538462
0.0
0.0
0.0
0.35
0.0
