0.0
0.17021276595744683
0.34285714285714286
0.36
0.34285714285714286
0.34285714285714286
0.0
0.0
0.41025641025641024
0.0
0.1875
0.0
0.0
0.0
0.36111111111111116
0.0
0.0
0.36
0.24489795918367352
0.17021276595744683
0.34285714285714286
0.1875
0.1875
0.0
0.0
0.04878048780487809
0.17021276595744683
0.36
0.0
0.36111111111111116
0.1875
0.0
0.36
0.42500000000000004
0.36111111111111116
0.42500000000000004
0.0
0.34285714285714286
0.046511627906976716
0.1875
0.0
0.17021276595744683
0.0
0.36
0.36
0.0
0.0
0.36
0.1875
0.1875
0.0
0.1875
0.1875
0.1875
0.34285714285714286
0.17021276595744683
0.36
0.1875
0.1875
0.24489795918367352
0.0
0.17021276595744683
0.1875
0.34285714285714286
0.1875
0.34285714285714286
0.0
0.0
0.1875
0.34285714285714286
0.36
0.42500000000000004
0.1875
0.0
0.1875
0.36
0.0
0.42500000000000004
0.36
0.0
0.36111111111111116
0.0
0.0
0.0
0.1875
0.1875
0.04878048780487809
0.0
0.36
0.0
0.1875
0.24489795918367352
0.34285714285714286
0.1875
0.1875
0.42500000000000004
0.1875
0.0
0.1875
0.0
0.36
0.0
0.0
0.17021276595744683
0.1875
0.42500000000000004
0.1875
0.42500000000000004
0.0
0.0
0.24489795918367352
0.0
0.1875
0.1875
0.1875
0.17021276595744683
0.42500000000000004
0.17021276595744683
0.42500000000000004
0.34285714285714286
0.1875
0.36
0.0
0.0
0.09677419354838712
0.0
0.1875
0.1875
0.1875
0.17021276595744683
0.0
0.17021276595744683
0.0
0.42500000000000004
0.34285714285714286
0.0
0.0
0.046511627906976716
0.42500000000000004
0.36
0.0
0.0
0.42500000000000004
0.1875
0.0
0.24489795918367352
0.34285714285714286
0.1875
0.34285714285714286
0.36
0.1875
0.1875
0.36111111111111116
0.17021276595744683
0.0
0.34285714285714286
0.1875
0.1875
0.42500000000000004
0.0
0.0
0.1875
0.32432432432432434
0.24489795918367352
0.04878048780487809
0.1875
0.24489795918367352
0.36
0.0
0.1875
0.36
0.1785714285714286
0.34285714285714286
0.24489795918367352
0.34285714285714286
0.1875
0.0
0.0
0.24489795918367352
0.0
0.0
0.0
0.34285714285714286
0.17021276595744683
0.17021276595744683
0.36
0.34285714285714286
0.0
0.0
0.1875
0.1875
0.0
0.0
0.22499999999999998
0.0
0.1875
0.42500000000000004
0.34285714285714286
0.0
0.24489795918367352
0.0
0.42500000000000004
0.34285714285714286
0.34285714285714286
0.04878048780487809
0.1875
0.04878048780487809
0.17021276595744683
0.0
0.0
0.34285714285714286
0.0
0.0
0.1875
0.36111111111111116
0.0
0.1875
0.0
0.36
0.36
0.04878048780487809
0.1875
0.36111111111111116
0.1875
0.0
0.0
0.1875
0.36
0.0
0.1875
0.0
0.0
0.1875
0.0
0.1875
0.42500000000000004
0.1875
0.17021276595744683
0.42500000000000004
0.1875
0.0
0.1875
0.34285714285714286
0.0
0.1875
0.0
0.17021276595744683
0.34285714285714286
0.24489795918367352
0.36
0.24489795918367352
0.17021276595744683
0.17021276595744683
0.26
0.24489795918367352
0.17021276595744683
0.0
0.0
0.34285714285714286
0.0
0.41025641025641024
0.34285714285714286
0.41025641025641024
0.1875
0.0
0.34285714285714286
0.17021276595744683
0.1875
0.36111111111111116
0.34285714285714286
0.17021276595744683
0.36
0.32432432432432434
0.0
0.0
0.0
0.0
0.1875
0.1875
0.0
0.0
0.36
0.0
0.04878048780487809
0.0
0.1875
0.32432432432432434
0.36
0.24489795918367352
0.36
0.0
0.0
0.36
0.17021276595744683
0.24489795918367352
0.0
0.42500000000000004
0.34285714285714286
0.34285714285714286
0.17021276595744683
0.24489795918367352
0.0
0.0
0.1875
0.1875
0.0
0.34285714285714286
0.1875
0.0
0.0
0.34285714285714286
0.0
0.1875
0.36
0.42500000000000004
0.0
0.36
0.0
0.04878048780487809
0.1875
0.42500000000000004
0.36111111111111116
0.36
0.0
0.34285714285714286
0.0
0.34285714285714286
0.26
0.34285714285714286
0.0
0.1875
0.0
0.1875
0.04878048780487809
0.0
0.34285714285714286
0.1875
0.1875
0.0
0.1875
0.36
0.1875
0.1875
0.1875
0.1875
0.0
0.42500000000000004
0.0
0.17021276595744683
0.0
0.1875
0.24489795918367352
0.0
0.17021276595744683
0.34285714285714286
0.0
0.1875
0.1875
0.36111111111111116
0.24489795918367352
0.34285714285714286
0.34285714285714286
0.0
0.24489795918367352
0.17021276595744683
0.1875
0.42500000000000004
0.34285714285714286
0.0
0.0
0.34285714285714286
0.1875
0.0
0.17021276595744683
0.0
0.36
0.34285714285714286
0.34285714285714286
0.0
0.36
0.1875
0.42500000000000004
0.1875
0.41025641025641024
0.32432432432432434
0.36
0.0
0.24489795918367352
0.34285714285714286
0.36
0.1875
0.0
0.04878048780487809
0.17021276595744683
0.36
0.1875
0.17021276595744683
0.34285714285714286
0.0
0.1875
0.34285714285714286
0.04878048780487809
0.1875
0.0
0.0
0.0
0.34285714285714286
0.36
0.1875
0.36
0.36
0.36
0.24489795918367352
0.36
0.24489795918367352
0.0
0.0
0.36
0.0
0.36
0.0
0.0
0.1875
0.0
0.04878048780487809
0.36
0.1875
0.1875
0.04878048780487809
0.36111111111111116
0.1875
0.42500000000000004
0.1875
0.42500000000000004
0.42500000000000004
0.34285714285714286
0.17021276595744683
0.0
0.0
0.36
0.17021276595744683
0.1875
0.0
0.42500000000000004
0.0
0.0
0.0
0.42500000000000004
0.24489795918367352
0.36
0.0
0.0
0.1875
0.0
0.17021276595744683
0.16666666666666663
0.36
0.42500000000000004
0.1875
0.1875
0.36
0.34285714285714286
0.24489795918367352
0.36
0.1875
0.0
0.0
0.0
0.1875
0.0
0.1875
0.34285714285714286
0.36
0.0
0.1875
0.0
0.36
0.17021276595744683
0.36
0.1875
0.04878048780487809
0.1875
0.42500000000000004
0.1875
0.1875
0.34285714285714286
0.42500000000000004
0.04878048780487809
0.42500000000000004
0.0
0.0
0.1875
0.0
0.0
0.42500000000000004
0.42500000000000004
0.24489795918367352
0.1875
0.17021276595744683
0.0
0.0
0.36
0.1875
0.0
0.36
0.42500000000000004
0.0
0.0
0.36111111111111116
0.0
0.34285714285714286
0.0
0.0
0.0
0.1875
0.1875
0.0
0.24489795918367352
0.42500000000000004
0.1875
0.0
0.0
0.24489795918367352
0.1875
0.0
0.36
0.0
0.0
0.0
0.1875
0.04878048780487809
0.34285714285714286
0.34285714285714286
0.0
0.1875
0.1875
0.0
0.24489795918367352
0.0
0.24489795918367352
0.1875
0.1875
0.42500000000000004
0.42500000000000004
0.1875
0.0
0.24489795918367352
0.1875
0.34285714285714286
0.34285714285714286
0.17021276595744683
0.24489795918367352
0.0
0.1875
0.1875
0.0
0.0
0.36
0.34285714285714286
0.1875
0.34285714285714286
0.1875
0.42500000000000004
0.0
0.0
0.1875
0.41025641025641024
0.1875
0.0
0.04878048780487809
0.0
0.41025641025641024
0.1875
0.2777777777777778
0.42500000000000004
0.17021276595744683
0.0
0.24489795918367352
0.0
0.0
0.36
0.34285714285714286
0.04878048780487809
0.42500000000000004
0.17021276595744683
0.36
0.42500000000000004
0.34285714285714286
0.0
0.0
0.36111111111111116
0.0
0.36
0.0
0.1875
0.1875
0.1875
0.36
0.0
0.0
0.24489795918367352
0.24489795918367352
0.34285714285714286
0.046511627906976716
0.34285714285714286
0.1875
0.17021276595744683
0.36
0.34285714285714286
0.17021276595744683
0.24489795918367352
0.1875
0.0
0.34285714285714286
0.0
0.36
0.0
0.1875
0.34285714285714286
0.1875
0.42500000000000004
0.0
0.1875
0.0
0.0
0.1875
0.42500000000000004
0.04878048780487809
0.1875
0.42500000000000004
0.1875
0.1875
0.1875
0.36
0.42500000000000004
0.36
0.0
0.34285714285714286
0.0
0.0
0.1875
0.36
0.1875
0.0
0.34285714285714286
0.1875
0.2264150943396226
0.24489795918367352
0.1875
0.36
0.34285714285714286
0.1875
0.1875
0.0
0.0
0.36111111111111116
0.36
0.42500000000000004
0.0
0.42500000000000004
0.1875
0.17021276595744683
0.34285714285714286
0.42500000000000004
0.0
0.36
0.0
0.1875
0.0
0.0
0.36
0.1875
0.42500000000000004
0.0
0.34285714285714286
0.42500000000000004
0.0
0.42500000000000004
0.0
0.1875
0.1875
0.17021276595744683
0.34285714285714286
0.0
0.24489795918367352
0.34285714285714286
0.24489795918367352
0.1875
0.1875
0.36
0.1875
0.17021276595744683
0.34285714285714286
0.0
0.0
0.0
0.17460317460317465
0.0
0.33333333333333337
0.1875
0.24489795918367352
0.42500000000000004
0.0
0.1875
0.0
0.34285714285714286
0.0
0.0
0.0
0.34285714285714286
0.0
0.36
0.1875
0.36
0.1875
0.1875
0.34285714285714286
0.42500000000000004
0.1875
0.24489795918367352
0.0
0.1875
0.42500000000000004
0.42500000000000004
0.1875
0.42500000000000004
0.36
0.04878048780487809
0.0
0.1875
0.22499999999999998
0.1875
0.1875
0.1875
0.42500000000000004
0.1875
0.1875
0.19047619047619047
0.0
0.0
0.2264150943396226
0.0
0.0
0.36
0.1875
0.0
0.0
0.04878048780487809
0.1875
0.34285714285714286
0.17021276595744683
0.17021276595744683
0.0
0.36
0.0
0.36111111111111116
0.0
0.2264150943396226
0.0
0.1875
0.1875
0.0
0.17021276595744683
0.34285714285714286
0.0
0.1875
0.34285714285714286
0.1875
0.42500000000000004
0.04878048780487809
0.24489795918367352
0.0
0.42500000000000004
0.1875
0.34285714285714286
0.0
0.1875
0.24489795918367352
0.1875
0.0
0.1875
0.34285714285714286
0.42500000000000004
0.0
0.1875
0.0
0.17021276595744683
0.36111111111111116
0.0
0.0
0.0
0.1875
0.24489795918367352
0.1875
0.0
0.24489795918367352
0.1875
0.0
0.1875
0.0
0.17021276595744683
0.0
0.34285714285714286
0.34285714285714286
0.34285714285714286
0.0
0.36
0.1875
0.0
0.04878048780487809
0.1875
0.24489795918367352
0.0
0.24489795918367352
0.1875
0.34285714285714286
0.0
0.17021276595744683
0.1875
0.42500000000000004
0.24489795918367352
0.0
0.34285714285714286
0.17021276595744683
0.1875
0.1875
0.34285714285714286
0.1875
0.1875
0.36
0.0
0.1875
0.34285714285714286
0.1875
0.34285714285714286
0.1875
0.0
0.0
0.24489795918367352
0.0
0.42500000000000004
0.1875
0.0
0.0
0.17021276595744683
0.36
0.34285714285714286
0.34285714285714286
0.42500000000000004
0.24489795918367352
0.0
0.17021276595744683
0.36
0.36111111111111116
0.1875
0.0
0.36
0.1875
0.17021276595744683
0.0
0.36
0.1875
0.0
0.0
0.1875
0.0
0.34285714285714286
0.0
0.17021276595744683
0.17021276595744683
0.17021276595744683
0.1875
0.24489795918367352
0.24489795918367352
0.47058823529411764
0.0
0.0
0.1875
0.0
0.0
0.1875
0.1875
0.36
0.0
0.42500000000000004
0.0
0.0
0.0
0.34285714285714286
0.0
0.04878048780487809
0.1875
0.1875
0.42500000000000004
0.0
0.42500000000000004
0.17021276595744683
0.24489795918367352
0.36
0.1875
0.34285714285714286
0.17021276595744683
0.0
0.34285714285714286
0.1875
0.36111111111111116
0.34285714285714286
0.0
0.1875
0.24489795918367352
0.42500000000000004
0.17021276595744683
0.42500000000000004
0.0
0.17021276595744683
0.1875
0.24489795918367352
0.24489795918367352
0.0
0.0
0.0
0.0
0.42500000000000004
0.0
0.36
0.1875
0.0
0.36
0.34285714285714286
0.0
0.0
0.34285714285714286
0.34285714285714286
0.1875
0.42500000000000004
0.36111111111111116
0.1875
0.24489795918367352
0.0
0.36
0.0
0.36
0.0
0.34285714285714286
0.24489795918367352
0.34285714285714286
0.24489795918367352
0.17021276595744683
0.2195121951219512
0.0
0.24489795918367352
0.0
0.42500000000000004
0.0
0.0
0.0
0.1875
0.0
