0.6428571428571428
0.0
0.0
0.4334763948497854
0.5949367088607596
0.55
0.6457765667574932
0.8675496688741722
0.5949367088607596
0.7241379310344828
0.5870967741935484
0.6775244299674268
0.31818181818181823
0.8632478632478633
0.5294117647058824
0.6169088507265521
0.69377990430622
0.39814814814814814
0.6585365853658536
0.0
0.6428571428571428
0.5565610859728507
0.5273972602739726
0.6486486486486487
0.7672955974842768
0.879472693032015
0.6486486486486487
0.406392694063927
0.6799999999999999
0.33333333333333337
0.0
0.6952380952380952
0.6327683615819208
0.865546218487395
0.45038167938931295
0.69377990430622
0.864693446088795
0.6977777777777778
0.8671586715867159
0.69377990430622
0.539906103286385
0.0
0.0
0.6952380952380952
0.5
0.0
0.69377990430622
0.69377990430622
0.0
0.33673469387755106
0.6596858638743455
0.6966824644549763
0.6338028169014085
0.43965517241379315
0.5561959654178674
0.33673469387755106
0.55
0.6952380952380952
0.644808743169399
0.734375
0.43973941368078173
0.3177842565597667
0.0027247956403270157
0.4745098039215686
0.488833746898263
0.6952380952380952
0.5565610859728507
0.6767676767676767
0.5605381165919283
0.0
0.7318952234206472
0.4574132492113565
0.40372670807453415
0.31818181818181823
0.3535353535353535
0.0
0.6847290640394088
0.6923076923076923
0.4482758620689655
0.7901639344262295
0.6099290780141844
0.6073619631901841
0.9117241379310345
0.879472693032015
0.45038167938931295
0.4260869565217391
0.8632478632478633
0.6966824644549763
0.47878787878787876
0.7901639344262295
0.6408839779005524
0.31818181818181823
0.879472693032015
0.40823970037453183
0.0
0.0
0.3489096573208723
0.55
0.0
0.6428571428571428
0.639344262295082
0.6049382716049383
0.4285714285714286
0.7241379310344828
0.6952380952380952
0.7517899761336515
0.69377990430622
0.8632478632478633
0.527027027027027
0.7274633123689728
0.776536312849162
0.0
0.5015197568389058
0.4024896265560166
0.5565610859728507
0.7118997912317329
0.6952380952380952
0.6403269754768393
0.0
0.6073619631901841
0.7241379310344828
0.7901639344262295
0.644808743169399
0.6403269754768393
0.8675496688741722
0.5644444444444445
0.0027247956403270157
0.7901639344262295
0.6799999999999999
0.7192982456140351
0.69377990430622
0.364406779661017
0.644808743169399
0.6831683168316831
0.34687500000000004
0.0
0.6799999999999999
0.5298245614035088
0.879472693032015
0.3489096573208723
0.5028901734104047
0.5853658536585367
0.7408906882591093
0.6814159292035398
0.6235294117647059
0.6031746031746033
0.5707964601769911
0.3816425120772947
0.4319526627218935
0.6799999999999999
0.6799999999999999
0.6744186046511628
0.6169088507265521
0.6047430830039526
0.6650246305418719
0.52
0.4258373205741627
0.10035842293906805
0.406392694063927
0.7037037037037037
0.0
0.43083003952569165
0.7795275590551181
0.6368715083798883
0.415929203539823
0.7009345794392523
0.7672955974842768
0.45038167938931295
0.4975845410628019
0.7901639344262295
0.4285714285714286
0.0027247956403270157
0.7577854671280277
0.33333333333333337
0.5368421052631579
0.6995940460081191
0.34985422740524785
0.33333333333333337
0.0027247956403270157
0.42400000000000004
0.6799999999999999
0.37872340425531914
0.0
0.5710723192019951
0.37872340425531914
0.34687500000000004
0.8632478632478633
0.0
0.5561959654178674
0.3647058823529412
0.40823970037453183
0.6327683615819208
0.6534181240063592
0.8632478632478633
0.4976744186046511
0.5663716814159292
0.6799999999999999
0.4482758620689655
1.0
0.6403269754768393
0.0
0.6428571428571428
0.3802816901408451
0.55
0.4285714285714286
0.4672131147540983
0.37606837606837606
0.0
0.6428571428571428
0.45038167938931295
0.4838709677419355
0.8661710037174721
0.49425287356321834
0.5294117647058824
0.7947976878612717
0.69377990430622
0.39814814814814814
0.6847290640394088
0.5177304964539007
0.0
0.6977777777777778
0.5543328748280605
0.6831683168316831
0.0
0.6486486486486487
0.0
0.5565610859728507
0.0
0.6981132075471699
0.69377990430622
0.0
0.5565610859728507
0.5840000000000001
0.5587392550143266
0.6799999999999999
0.6952380952380952
0.0
0.6554054054054055
0.7274633123689728
0.0
0.7050691244239631
0.8661710037174721
0.4652014652014652
0.6428571428571428
0.4080717488789237
0.879472693032015
0.879472693032015
0.6595744680851063
0.7064220183486238
0.0
0.879472693032015
0.6065128900949797
0.7419354838709677
0.6783919597989949
0.6403269754768393
0.5405405405405406
0.3535353535353535
0.6952380952380952
0.5255474452554745
0.8764478764478765
0.5466666666666666
0.5057034220532319
0.0
0.0
0.5015197568389058
0.5466666666666666
0.4274353876739563
0.312202852614897
0.7901639344262295
0.0027247956403270157
0.7655677655677655
0.879472693032015
0.4285714285714286
0.6428571428571428
0.69377990430622
0.6607142857142857
0.6964285714285714
0.5949367088607596
0.4274353876739563
0.0
0.0
0.0
0.5306122448979591
0.879472693032015
0.7763157894736842
0.5028901734104047
0.488833746898263
0.7201646090534979
0.4975845410628019
0.6799999999999999
0.595959595959596
0.6179183135704875
0.0
0.0
0.6384615384615384
0.5015197568389058
0.39814814814814814
0.6799999999999999
1.0
0.4046511627906977
0.7349397590361446
0.4522821576763485
0.55
0.40823970037453183
0.0
0.40823970037453183
0.7901639344262295
0.69377990430622
0.503030303030303
0.7364341085271318
0.39814814814814814
0.37254901960784315
0.55
0.39814814814814814
0.7064220183486238
0.39814814814814814
0.0
0.6373626373626373
0.8562874251497006
0.695067264573991
0.39814814814814814
0.4482758620689655
0.8632478632478633
0.879472693032015
0.0
0.5903614457831325
0.0
0.4285714285714286
0.488833746898263
0.69377990430622
0.695067264573991
0.6878048780487804
0.5202702702702703
0.879472693032015
0.6981132075471699
0.695067264573991
0.6799999999999999
0.9823008849557522
0.722943722943723
0.7487091222030982
0.7276595744680852
0.55
0.49433962264150944
0.4961832061068703
0.6304347826086957
0.7594501718213058
0.5565610859728507
0.6605744125326372
0.5561959654178674
0.879472693032015
0.7901639344262295
0.37451737451737455
0.46502057613168724
0.6878048780487804
0.6799999999999999
0.5605381165919283
0.0
0.8635394456289979
0.4285714285714286
0.4258373205741627
