0.782608695652174
0.0
0.0
0.6047904191616766
0.746031746031746
0.7096774193548387
0.7847682119205298
0.9290780141843972
0.746031746031746
0.84
0.7398373983739838
0.8077669902912621
0.4827586206896552
0.926605504587156
0.6923076923076923
0.7630718954248366
0.8192090395480226
0.5695364238410596
0.7941176470588235
0.0
0.782608695652174
0.7151162790697675
0.6905829596412556
0.7868852459016393
0.8683274021352313
0.935871743486974
0.7868852459016393
0.577922077922078
0.8095238095238095
0.5
0.0
0.8202247191011236
0.7750865051903114
0.9279279279279279
0.6210526315789474
0.8192090395480226
0.927437641723356
0.8219895287958116
0.9288537549407114
0.8192090395480226
0.7012195121951219
0.0
0.0
0.8202247191011236
0.6666666666666666
0.0
0.8192090395480226
0.8192090395480226
0.0
0.5038167938931297
0.7949526813880127
0.8212290502793296
0.7758620689655172
0.6107784431137725
0.7148148148148148
0.5038167938931297
0.7096774193548387
0.8202247191011236
0.7840531561461794
0.8468468468468469
0.6108597285067874
0.4823008849557522
0.005434782608695652
0.6436170212765957
0.6566666666666666
0.8202247191011236
0.7151162790697675
0.8072289156626506
0.7183908045977011
0.0
0.8451957295373665
0.6277056277056277
0.5752212389380531
0.4827586206896552
0.5223880597014925
0.0
0.8128654970760234
0.8181818181818182
0.6190476190476191
0.8827838827838828
0.7577092511013216
0.7557251908396947
0.9538239538239538
0.935871743486974
0.6210526315789474
0.5975609756097561
0.926605504587156
0.8212290502793296
0.6475409836065574
0.8827838827838828
0.7811447811447811
0.4827586206896552
0.935871743486974
0.5797872340425532
0.0
0.0
0.5173210161662818
0.7096774193548387
0.0
0.782608695652174
0.78
0.7538461538461538
0.6
0.84
0.8202247191011236
0.8583106267029973
0.8192090395480226
0.926605504587156
0.6902654867256637
0.8422330097087378
0.8742138364779874
0.0
0.6680161943319838
0.5739644970414202
0.7151162790697675
0.8317073170731707
0.8202247191011236
0.7807308970099668
0.0
0.7557251908396947
0.84
0.8827838827838828
0.7840531561461794
0.7807308970099668
0.9290780141843972
0.7215909090909091
0.005434782608695652
0.8827838827838828
0.8095238095238095
0.8367346938775511
0.8192090395480226
0.5341614906832298
0.7840531561461794
0.8117647058823529
0.5150812064965197
0.0
0.8095238095238095
0.6926605504587156
0.935871743486974
0.5173210161662818
0.6692307692307692
0.7384615384615385
0.8511627906976744
0.8105263157894737
0.7681159420289855
0.7524752475247525
0.7267605633802817
0.5524475524475524
0.6033057851239669
0.8095238095238095
0.8095238095238095
0.8055555555555556
0.7630718954248366
0.7536945812807881
0.7988165680473372
0.6842105263157895
0.5973154362416108
0.18241042345276873
0.577922077922078
0.8260869565217391
0.0
0.6022099447513812
0.8761061946902655
0.7781569965870307
0.5875
0.8241758241758241
0.8683274021352313
0.6210526315789474
0.6645161290322581
0.8827838827838828
0.6
0.005434782608695652
0.8622047244094488
0.5
0.6986301369863014
0.8232484076433121
0.5183585313174947
0.5
0.005434782608695652
0.5955056179775281
0.8095238095238095
0.5493827160493827
0.0
0.726984126984127
0.5493827160493827
0.5150812064965197
0.926605504587156
0.0
0.7148148148148148
0.5344827586206896
0.5797872340425532
0.7750865051903114
0.7903846153846154
0.926605504587156
0.6645962732919255
0.7231638418079096
0.8095238095238095
0.6190476190476191
1.0
0.7807308970099668
0.0
0.782608695652174
0.5510204081632653
0.7096774193548387
0.6
0.6368715083798883
0.546583850931677
0.0
0.782608695652174
0.6210526315789474
0.6521739130434783
0.9282868525896414
0.6615384615384615
0.6923076923076923
0.8856682769726248
0.8192090395480226
0.5695364238410596
0.8128654970760234
0.6822429906542056
0.0
0.8219895287958116
0.7132743362831858
0.8117647058823529
0.0
0.7868852459016393
0.0
0.7151162790697675
0.0
0.8222222222222222
0.8192090395480226
0.0
0.7151162790697675
0.7373737373737373
0.7169117647058824
0.8095238095238095
0.8202247191011236
0.0
0.7918367346938775
0.8422330097087378
0.0
0.827027027027027
0.9282868525896414
0.635
0.782608695652174
0.5796178343949044
0.935871743486974
0.935871743486974
0.7948717948717948
0.8279569892473119
0.0
0.935871743486974
0.7550675675675675
0.8518518518518519
0.8083832335329342
0.7807308970099668
0.7017543859649122
0.5223880597014925
0.8202247191011236
0.6889952153110048
0.934156378600823
0.7068965517241379
0.6717171717171717
0.0
0.0
0.6680161943319838
0.7068965517241379
0.5988857938718662
0.4758454106280193
0.8827838827838828
0.005434782608695652
0.8672199170124482
0.935871743486974
0.6
0.782608695652174
0.8192090395480226
0.7956989247311828
0.8210526315789474
0.746031746031746
0.5988857938718662
0.0
0.0
0.0
0.6933333333333334
0.935871743486974
0.8740740740740741
0.6692307692307692
0.6566666666666666
0.8373205741626795
0.6645161290322581
0.8095238095238095
0.7468354430379747
0.7638436482084691
0.0
0.0
0.7793427230046949
0.6680161943319838
0.5695364238410596
0.8095238095238095
1.0
0.5761589403973509
0.8472222222222222
0.6228571428571429
0.7096774193548387
0.5797872340425532
0.0
0.5797872340425532
0.8827838827838828
0.8192090395480226
0.6693548387096774
0.8482142857142857
0.5695364238410596
0.5428571428571428
0.7096774193548387
0.5695364238410596
0.8279569892473119
0.5695364238410596
0.0
0.7785234899328859
0.9225806451612903
0.8201058201058201
0.5695364238410596
0.6190476190476191
0.926605504587156
0.935871743486974
0.0
0.7424242424242424
0.0
0.6
0.6566666666666666
0.8192090395480226
0.8201058201058201
0.815028901734104
0.6844444444444444
0.935871743486974
0.8222222222222222
0.8201058201058201
0.8095238095238095
0.9910714285714286
0.8391959798994975
0.8562992125984252
0.8423645320197044
0.7096774193548387
0.6616161616161617
0.6632653061224489
0.7733333333333333
0.86328125
0.7151162790697675
0.7955974842767296
0.7148148148148148
0.935871743486974
0.8827838827838828
0.5449438202247191
0.6348314606741573
0.815028901734104
0.8095238095238095
0.7183908045977011
0.0
0.9267734553775744
0.6
0.5973154362416108
