0.0
0.17894736842105263
0.39473684210526316
0.3694581280788177
0.39473684210526316
0.39473684210526316
0.0
0.0
0.47126436781609193
0.0
0.1875
0.0
0.0
0.0
0.4025974025974026
0.0
0.0
0.3694581280788177
0.28846153846153844
0.17894736842105263
0.39473684210526316
0.1875
0.21212121212121215
0.0
0.0
0.1235955056179775
0.17894736842105263
0.3694581280788177
0.0
0.4025974025974026
0.1875
0.0
0.3694581280788177
0.4772727272727273
0.4025974025974026
0.4772727272727273
0.0
0.39473684210526316
0.10869565217391308
0.1875
0.0
0.17894736842105263
0.0
0.3694581280788177
0.3694581280788177
0.0
0.0
0.3694581280788177
0.1875
0.21212121212121215
0.0
0.1875
0.1875
0.1875
0.39473684210526316
0.17894736842105263
0.3694581280788177
0.1875
0.23529411764705888
0.28846153846153844
0.0
0.17894736842105263
0.1875
0.39473684210526316
0.1875
0.39473684210526316
0.0
0.0
0.1875
0.39473684210526316
0.3694581280788177
0.4772727272727273
0.1875
0.0
0.23529411764705888
0.3694581280788177
0.0
0.4772727272727273
0.3694581280788177
0.0
0.4025974025974026
0.0
0.0
0.0
0.1875
0.1875
0.17894736842105263
0.0786516853932584
0.3694581280788177
0.0
0.1875
0.28846153846153844
0.39473684210526316
0.1875
0.1875
0.4772727272727273
0.1875
0.0
0.1875
0.0786516853932584
0.3694581280788177
0.0
0.0
0.17894736842105263
0.1875
0.4772727272727273
0.1875
0.4772727272727273
0.0
0.0786516853932584
0.28846153846153844
0.0
0.1875
0.1875
0.1875
0.17894736842105263
0.4772727272727273
0.17894736842105263
0.4772727272727273
0.39473684210526316
0.21212121212121215
0.3694581280788177
0.0
0.09090909090909094
0.13178294573643412
0.0
0.1875
0.1875
0.1875
0.17894736842105263
0.0786516853932584
0.17894736842105263
0.0786516853932584
0.4772727272727273
0.39473684210526316
0.0
0.0
0.1717171717171717
0.4772727272727273
0.3694581280788177
0.0
0.0
0.4772727272727273
0.1875
0.0786516853932584
0.28846153846153844
0.39473684210526316
0.21212121212121215
0.39473684210526316
0.3694581280788177
0.1875
0.1875
0.4025974025974026
0.17894736842105263
0.09090909090909094
0.39473684210526316
0.1875
0.1875
0.4772727272727273
0.0
0.0786516853932584
0.1875
0.375
0.28846153846153844
0.11363636363636365
0.1875
0.28846153846153844
0.3694581280788177
0.0
0.1875
0.3694581280788177
0.2068965517241379
0.39473684210526316
0.28846153846153844
0.39473684210526316
0.1875
0.0
0.0
0.28846153846153844
0.0
0.0
0.0
0.39473684210526316
0.17894736842105263
0.17894736842105263
0.3694581280788177
0.39473684210526316
0.0
0.0
0.1875
0.23529411764705888
0.0
0.0
0.31868131868131866
0.0
0.1875
0.4772727272727273
0.39473684210526316
0.0
0.28846153846153844
0.09090909090909094
0.4772727272727273
0.39473684210526316
0.39473684210526316
0.1235955056179775
0.1875
0.1235955056179775
0.17894736842105263
0.0
0.0
0.39473684210526316
0.0
0.0
0.1875
0.4025974025974026
0.0
0.21212121212121215
0.0
0.3694581280788177
0.3694581280788177
0.11363636363636365
0.23529411764705888
0.4025974025974026
0.1875
0.0
0.09090909090909094
0.1875
0.3694581280788177
0.0
0.1875
0.0
0.0
0.23529411764705888
0.0
0.1875
0.4772727272727273
0.1875
0.17894736842105263
0.4772727272727273
0.23529411764705888
0.0786516853932584
0.1875
0.39473684210526316
0.0
0.1875
0.0
0.17894736842105263
0.39473684210526316
0.28846153846153844
0.3694581280788177
0.28846153846153844
0.17894736842105263
0.17894736842105263
0.2952380952380952
0.28846153846153844
0.17894736842105263
0.0786516853932584
0.0
0.39473684210526316
0.0
0.47126436781609193
0.39473684210526316
0.47126436781609193
0.23529411764705888
0.0
0.39473684210526316
0.17894736842105263
0.1875
0.4320987654320988
0.4457831325301205
0.17894736842105263
0.3694581280788177
0.375
0.0
0.0
0.0
0.0
0.23529411764705888
0.21212121212121215
0.0
0.0
0.3694581280788177
0.0
0.17894736842105263
0.0
0.1875
0.375
0.3694581280788177
0.28846153846153844
0.3694581280788177
0.0
0.0
0.3694581280788177
0.17894736842105263
0.28846153846153844
0.0
0.4772727272727273
0.39473684210526316
0.39473684210526316
0.17894736842105263
0.28846153846153844
0.0
0.0
0.1875
0.1875
0.0
0.39473684210526316
0.1875
0.0786516853932584
0.0
0.39473684210526316
0.0
0.21212121212121215
0.3694581280788177
0.4772727272727273
0.0
0.3694581280788177
0.0
0.17894736842105263
0.21999999999999997
0.4772727272727273
0.4025974025974026
0.3694581280788177
0.0
0.39473684210526316
0.0
0.39473684210526316
0.2952380952380952
0.39473684210526316
0.0
0.1875
0.0
0.1875
0.15217391304347827
0.0786516853932584
0.39473684210526316
0.23529411764705888
0.1875
0.0
0.1875
0.3694581280788177
0.1875
0.23529411764705888
0.1875
0.1875
0.0
0.4772727272727273
0.0
0.17894736842105263
0.0
0.1875
0.28846153846153844
0.0786516853932584
0.17894736842105263
0.39473684210526316
0.0
0.1875
0.1875
0.4025974025974026
0.28846153846153844
0.39473684210526316
0.39473684210526316
0.0
0.28846153846153844
0.17894736842105263
0.1875
0.4772727272727273
0.39473684210526316
0.0
0.0
0.39473684210526316
0.21212121212121215
0.0
0.17894736842105263
0.0786516853932584
0.37254901960784315
0.39473684210526316
0.39473684210526316
0.09090909090909094
0.3694581280788177
0.1875
0.4772727272727273
0.1875
0.47126436781609193
0.375
0.3694581280788177
0.0786516853932584
0.28846153846153844
0.39473684210526316
0.3694581280788177
0.1875
0.0786516853932584
0.15217391304347827
0.17894736842105263
0.3694581280788177
0.1875
0.17894736842105263
0.39473684210526316
0.0
0.1875
0.39473684210526316
0.11363636363636365
0.1875
0.0
0.0
0.0786516853932584
0.39473684210526316
0.3694581280788177
0.1875
0.3694581280788177
0.3694581280788177
0.3694581280788177
0.28846153846153844
0.3694581280788177
0.28846153846153844
0.0
0.0
0.3694581280788177
0.0
0.3694581280788177
0.0
0.0
0.1875
0.0
0.17894736842105263
0.3694581280788177
0.1875
0.1875
0.15217391304347827
0.4025974025974026
0.1875
0.4772727272727273
0.1875
0.4772727272727273
0.4772727272727273
0.39473684210526316
0.17894736842105263
0.09090909090909094
0.0
0.3694581280788177
0.17894736842105263
0.1875
0.0
0.4772727272727273
0.0786516853932584
0.0
0.0
0.4772727272727273
0.28846153846153844
0.3694581280788177
0.0
0.0
0.1875
0.0
0.17894736842105263
0.33333333333333337
0.37254901960784315
0.4320987654320988
0.1875
0.21212121212121215
0.37254901960784315
0.39473684210526316
0.28846153846153844
0.3694581280788177
0.1875
0.0
0.0
0.0
0.1875
0.0786516853932584
0.1875
0.39473684210526316
0.3694581280788177
0.0
0.1875
0.0
0.3694581280788177
0.17894736842105263
0.3694581280788177
0.21212121212121215
0.17894736842105263
0.1875
0.4772727272727273
0.1875
0.1875
0.39473684210526316
0.4772727272727273
0.17894736842105263
0.4772727272727273
0.0
0.0
0.21212121212121215
0.0
0.0
0.4772727272727273
0.4772727272727273
0.28846153846153844
0.21212121212121215
0.17894736842105263
0.0
0.0
0.3694581280788177
0.1875
0.0
0.3694581280788177
0.4772727272727273
0.0
0.0
0.4025974025974026
0.0
0.39473684210526316
0.0
0.0
0.0
0.1875
0.21212121212121215
0.0
0.28846153846153844
0.4772727272727273
0.1875
0.0
0.0
0.28846153846153844
0.1875
0.0
0.3694581280788177
0.0
0.0
0.0
0.1875
0.21212121212121215
0.39473684210526316
0.39473684210526316
0.0
0.21212121212121215
0.1875
0.0
0.28846153846153844
0.0
0.28846153846153844
0.1875
0.1875
0.4772727272727273
0.4772727272727273
0.1875
0.0
0.28846153846153844
0.1875
0.39473684210526316
0.39473684210526316
0.17894736842105263
0.28846153846153844
0.0786516853932584
0.1875
0.1875
0.0
0.09090909090909094
0.3694581280788177
0.39473684210526316
0.1875
0.39473684210526316
0.1875
0.4772727272727273
0.0
0.0
0.1875
0.47126436781609193
0.1875
0.0
0.11363636363636365
0.0
0.47126436781609193
0.1875
0.5806451612903225
0.4772727272727273
0.17894736842105263
0.0
0.28846153846153844
0.0
0.0
0.3694581280788177
0.39473684210526316
0.15217391304347827
0.4772727272727273
0.17894736842105263
0.3694581280788177
0.4772727272727273
0.39473684210526316
0.0
0.0
0.4025974025974026
0.0
0.3694581280788177
0.0
0.23529411764705888
0.1875
0.1875
0.3694581280788177
0.0
0.0
0.28846153846153844
0.28846153846153844
0.39473684210526316
0.1717171717171717
0.39473684210526316
0.1875
0.17894736842105263
0.37254901960784315
0.39473684210526316
0.17894736842105263
0.28846153846153844
0.1875
0.0
0.39473684210526316
0.0
0.3694581280788177
0.0
0.1875
0.39473684210526316
0.1875
0.4772727272727273
0.0
0.1875
0.0
0.0
0.23529411764705888
0.4772727272727273
0.1235955056179775
0.1875
0.4772727272727273
0.1875
0.1875
0.1875
0.3694581280788177
0.4772727272727273
0.3694581280788177
0.0
0.39473684210526316
0.0
0.0
0.1875
0.3694581280788177
0.1875
0.0
0.39473684210526316
0.1875
0.24770642201834858
0.28846153846153844
0.1875
0.3694581280788177
0.39473684210526316
0.1875
0.1875
0.0
0.0
0.4025974025974026
0.37254901960784315
0.4772727272727273
0.0
0.4772727272727273
0.1875
0.17894736842105263
0.39473684210526316
0.4772727272727273
0.0
0.3694581280788177
0.0
0.23529411764705888
0.0
0.0
0.3694581280788177
0.1875
0.4772727272727273
0.0
0.39473684210526316
0.4772727272727273
0.0
0.4772727272727273
0.0786516853932584
0.1875
0.1875
0.17894736842105263
0.39473684210526316
0.0
0.28846153846153844
0.39473684210526316
0.28846153846153844
0.1875
0.21212121212121215
0.3694581280788177
0.1875
0.17894736842105263
0.39473684210526316
0.0
0.0
0.0
0.1937984496124031
0.0
0.6190476190476191
0.1875
0.28846153846153844
0.4772727272727273
0.0
0.21212121212121215
0.0
0.39473684210526316
0.0786516853932584
0.0
0.0
0.39473684210526316
0.0
0.37254901960784315
0.1875
0.3694581280788177
0.1875
0.1875
0.39473684210526316
0.4772727272727273
0.1875
0.28846153846153844
0.0
0.1875
0.4772727272727273
0.4772727272727273
0.1875
0.4772727272727273
0.3694581280788177
0.1235955056179775
0.0
0.1875
0.31868131868131866
0.23529411764705888
0.23529411764705888
0.1875
0.4772727272727273
0.1875
0.1875
0.19047619047619047
0.0
0.0
0.24770642201834858
0.0
0.0
0.3694581280788177
0.21212121212121215
0.0786516853932584
0.0
0.17894736842105263
0.1875
0.39473684210526316
0.17894736842105263
0.17894736842105263
0.0
0.3694581280788177
0.0
0.45238095238095233
0.0786516853932584
0.2743362831858407
0.0
0.1875
0.1875
0.0
0.17894736842105263
0.39473684210526316
0.0786516853932584
0.1875
0.39473684210526316
0.1875
0.4772727272727273
0.1235955056179775
0.28846153846153844
0.0
0.4772727272727273
0.21212121212121215
0.39473684210526316
0.0
0.23529411764705888
0.28846153846153844
0.1875
0.0
0.1875
0.39473684210526316
0.4772727272727273
0.0
0.1875
0.0
0.17894736842105263
0.4025974025974026
0.0
0.0
0.0786516853932584
0.1875
0.28846153846153844
0.1875
0.0
0.28846153846153844
0.1875
0.0
0.1875
0.0
0.17894736842105263
0.0
0.39473684210526316
0.39473684210526316
0.39473684210526316
0.0
0.3694581280788177
0.21212121212121215
0.0
0.11363636363636365
0.1875
0.28846153846153844
0.0
0.28846153846153844
0.1875
0.39473684210526316
0.0
0.17894736842105263
0.1875
0.4772727272727273
0.28846153846153844
0.0
0.39473684210526316
0.17894736842105263
0.1875
0.21999999999999997
0.39473684210526316
0.1875
0.1875
0.3694581280788177
0.0
0.1875
0.39473684210526316
0.1875
0.39473684210526316
0.1875
0.0
0.0
0.28846153846153844
0.0
0.4772727272727273
0.1875
0.0
0.0
0.17894736842105263
0.3694581280788177
0.39473684210526316
0.39473684210526316
0.4772727272727273
0.28846153846153844
0.0
0.17894736842105263
0.3694581280788177
0.4320987654320988
0.1875
0.0
0.3694581280788177
0.1875
0.17894736842105263
0.0
0.3694581280788177
0.1875
0.0
0.0
0.1875
0.0
0.39473684210526316
0.0
0.17894736842105263
0.17894736842105263
0.17894736842105263
0.23529411764705888
0.28846153846153844
0.28846153846153844
0.48571428571428577
0.0
0.0
0.21212121212121215
0.0
0.0
0.1875
0.1875
0.3694581280788177
0.0
0.4772727272727273
0.0
0.0
0.0
0.39473684210526316
0.0
0.17894736842105263
0.1875
0.1875
0.4772727272727273
0.0
0.4772727272727273
0.17894736842105263
0.28846153846153844
0.3694581280788177
0.1875
0.39473684210526316
0.17894736842105263
0.0
0.39473684210526316
0.1875
0.4025974025974026
0.39473684210526316
0.0
0.1875
0.28846153846153844
0.4772727272727273
0.17894736842105263
0.4772727272727273
0.0
0.17894736842105263
0.1875
0.28846153846153844
0.28846153846153844
0.0786516853932584
0.09090909090909094
0.0
0.0
0.4772727272727273
0.0
0.3694581280788177
0.1875
0.0
0.3694581280788177
0.39473684210526316
0.0
0.0
0.39473684210526316
0.39473684210526316
0.21212121212121215
0.4772727272727273
0.4025974025974026
0.1875
0.28846153846153844
0.0
0.3694581280788177
0.0
0.3694581280788177
0.0
0.39473684210526316
0.28846153846153844
0.39473684210526316
0.28846153846153844
0.17894736842105263
0.6464088397790055
0.0
0.28846153846153844
0.0
0.4772727272727273
0.0
0.0
0.0
0.21212121212121215
0.0
