0.6408839779005524
0.0
0.0
0.33333333333333337
0.4285714285714286
0.28
0.6012269938650308
0.8113207547169812
0.4285714285714286
0.5151515151515151
0.40740740740740744
0.42441860465116277
0.24187725631768953
0.6734693877551021
0.05882352941176472
0.4507575757575758
0.5223880597014925
0.2696629213483146
0.3497267759562842
0.0
0.6408839779005524
0.449438202247191
0.4963503649635036
0.6428571428571428
0.6725663716814159
0.6734693877551021
0.6428571428571428
0.2441860465116279
0.6734693877551021
0.01538461538461533
0.0
0.6734693877551021
0.622093023255814
0.6734693877551021
0.4461538461538461
0.5223880597014925
0.4920634920634921
0.5342465753424658
0.6571428571428571
0.5223880597014925
0.449438202247191
0.0
0.0
0.6734693877551021
0.31645569620253167
0.0
0.5223880597014925
0.5223880597014925
0.0
0.05797101449275366
0.6428571428571428
0.5223880597014925
0.622093023255814
0.32291666666666663
0.5389221556886228
0.05797101449275366
0.28
0.6734693877551021
0.6428571428571428
0.7043478260869565
0.19626168224299068
0.20408163265306123
0.0
0.4724409448818898
0.14876033057851235
0.6734693877551021
0.449438202247191
0.6666666666666667
0.449438202247191
0.0
0.4695121951219512
0.19626168224299068
0.36
0.24187725631768953
0.09859154929577463
0.0
0.6767676767676767
0.5151515151515151
0.4418604651162791
0.6666666666666667
0.5864661654135339
0.5076923076923077
0.6734693877551021
0.6734693877551021
0.4461538461538461
0.3125
0.6734693877551021
0.6701030927835052
0.19626168224299068
0.6666666666666667
0.6388888888888888
0.24187725631768953
0.6734693877551021
0.28181818181818186
0.0
0.0
0.20833333333333337
0.28
0.0
0.6408839779005524
0.6373626373626373
0.4666666666666667
0.36
0.5151515151515151
0.6734693877551021
0.5162790697674419
0.5223880597014925
0.6734693877551021
0.16666666666666663
0.02985074626865669
0.6610169491525424
0.0
0.4383561643835616
0.4
0.449438202247191
0.5071428571428571
0.6734693877551021
0.6373626373626373
0.0
0.4838709677419355
0.5151515151515151
0.6666666666666667
0.6428571428571428
0.6373626373626373
0.8113207547169812
0.46153846153846156
0.0
0.6666666666666667
0.6734693877551021
0.6666666666666667
0.5223880597014925
0.19354838709677424
0.6428571428571428
0.6734693877551021
0.2022900763358778
0.0
0.6734693877551021
0.5
0.6734693877551021
0.20833333333333337
0.19626168224299068
0.34615384615384615
0.6952380952380952
0.5609756097560976
0.4482758620689655
0.5575221238938053
0.5529953917050692
0.09859154929577463
0.36
0.6734693877551021
0.6734693877551021
0.44907407407407407
0.4507575757575758
0.5575221238938053
0.6179775280898876
0.31645569620253167
0.07692307692307687
0.0492424242424242
0.2441860465116279
0.5151515151515151
0.0
0.41463414634146345
0.33333333333333337
0.577922077922078
0.28260869565217395
0.6734693877551021
0.6725663716814159
0.4461538461538461
0.17460317460317465
0.6666666666666667
0.36
0.0
0.36936936936936937
0.01538461538461533
0.3015873015873016
0.3967391304347826
0.22027972027972031
0.01538461538461533
0.0
0.4049586776859504
0.6734693877551021
0.19780219780219777
0.0
0.19626168224299068
0.19780219780219777
0.2022900763358778
0.6734693877551021
0.0
0.5389221556886228
0.16279069767441856
0.28181818181818186
0.622093023255814
0.3876404494382022
0.6734693877551021
0.3076923076923077
0.41666666666666663
0.6734693877551021
0.3535353535353535
1.0
0.6373626373626373
0.0
0.6408839779005524
0.16455696202531644
0.28
0.36
0.4144144144144144
0.19780219780219777
0.0
0.6408839779005524
0.4461538461538461
0.36
0.7024793388429752
0.4803149606299213
0.05882352941176472
0.6743119266055047
0.5223880597014925
0.2696629213483146
0.6767676767676767
0.4925373134328358
0.0
0.5342465753424658
0.2987012987012987
0.6734693877551021
0.0
0.6428571428571428
0.0
0.449438202247191
0.0
0.5076923076923077
0.5223880597014925
0.0
0.449438202247191
0.5047619047619047
0.5389221556886228
0.6734693877551021
0.6734693877551021
0.0
0.6408450704225352
0.02985074626865669
0.0
0.6144578313253012
0.6571428571428571
0.3706896551724138
0.6408839779005524
0.2584269662921348
0.6734693877551021
0.6734693877551021
0.4181818181818182
0.6235294117647059
0.0
0.6734693877551021
0.40082644628099173
0.5294117647058824
0.6734693877551021
0.6373626373626373
0.31999999999999995
0.09859154929577463
0.6734693877551021
0.0
0.6235294117647059
0.15000000000000002
0.43965517241379315
0.0
0.0
0.4383561643835616
0.1282051282051282
0.3571428571428571
0.10699588477366251
0.6666666666666667
0.0
0.7037037037037037
0.6734693877551021
0.36
0.6408839779005524
0.5223880597014925
0.6122448979591837
0.34615384615384615
0.4285714285714286
0.3571428571428571
0.0
0.0
0.0
0.5
0.6734693877551021
0.6822429906542056
0.19626168224299068
0.14876033057851235
0.05555555555555558
0.17460317460317465
0.6734693877551021
0.5402298850574713
0.4507575757575758
0.0
0.0
0.6115702479338843
0.4383561643835616
0.2696629213483146
0.6734693877551021
1.0
0.2727272727272727
0.7226890756302521
0.37142857142857144
0.28
0.28181818181818186
0.0
0.28181818181818186
0.6666666666666667
0.5223880597014925
0.4383561643835616
0.5277777777777778
0.2696629213483146
0.16883116883116878
0.28
0.2696629213483146
0.6734693877551021
0.2696629213483146
0.0
0.6353591160220995
0.21739130434782605
0.5277777777777778
0.2696629213483146
0.4418604651162791
0.6734693877551021
0.6734693877551021
0.0
0.37037037037037035
0.0
0.36
0.14876033057851235
0.5223880597014925
0.5277777777777778
0.5076923076923077
0.5136986301369864
0.6734693877551021
0.5223880597014925
0.5277777777777778
0.6734693877551021
0.9782608695652174
0.5294117647058824
0.32407407407407407
0.7009345794392523
0.28
0.4273504273504274
0.43103448275862066
0.19047619047619047
0.3913043478260869
0.449438202247191
0.644808743169399
0.5389221556886228
0.6734693877551021
0.6666666666666667
0.37209302325581395
0.4347826086956522
0.5223880597014925
0.6734693877551021
0.46153846153846156
0.0
0.6767676767676767
0.36
0.07692307692307687
