0.0
0.3035714285714286
0.5660377358490566
0.539568345323741
0.5660377358490566
0.5660377358490566
0.0
0.0
0.640625
0.0
0.3157894736842105
0.0
0.0
0.0
0.5740740740740741
0.0
0.0
0.539568345323741
0.4477611940298507
0.3035714285714286
0.5660377358490566
0.3157894736842105
0.35
0.0
0.0
0.21999999999999997
0.3035714285714286
0.539568345323741
0.0
0.5740740740740741
0.3157894736842105
0.0
0.539568345323741
0.6461538461538461
0.5740740740740741
0.6461538461538461
0.0
0.5660377358490566
0.196078431372549
0.3157894736842105
0.0
0.3035714285714286
0.0
0.539568345323741
0.539568345323741
0.0
0.0
0.539568345323741
0.3157894736842105
0.35
0.0
0.3157894736842105
0.3157894736842105
0.3157894736842105
0.5660377358490566
0.3035714285714286
0.539568345323741
0.3157894736842105
0.38095238095238093
0.4477611940298507
0.0
0.3035714285714286
0.3157894736842105
0.5660377358490566
0.3157894736842105
0.5660377358490566
0.0
0.0
0.3157894736842105
0.5660377358490566
0.539568345323741
0.6461538461538461
0.3157894736842105
0.0
0.38095238095238093
0.539568345323741
0.0
0.6461538461538461
0.539568345323741
0.0
0.5740740740740741
0.0
0.0
0.0
0.3157894736842105
0.3157894736842105
0.3035714285714286
0.14583333333333337
0.539568345323741
0.0
0.3157894736842105
0.4477611940298507
0.5660377358490566
0.3157894736842105
0.3157894736842105
0.6461538461538461
0.3157894736842105
0.0
0.3157894736842105
0.14583333333333337
0.539568345323741
0.0
0.0
0.3035714285714286
0.3157894736842105
0.6461538461538461
0.3157894736842105
0.6461538461538461
0.0
0.14583333333333337
0.4477611940298507
0.0
0.3157894736842105
0.3157894736842105
0.3157894736842105
0.3035714285714286
0.6461538461538461
0.3035714285714286
0.6461538461538461
0.5660377358490566
0.35
0.539568345323741
0.0
0.16666666666666663
0.23287671232876717
0.0
0.3157894736842105
0.3157894736842105
0.3157894736842105
0.3035714285714286
0.14583333333333337
0.3035714285714286
0.14583333333333337
0.6461538461538461
0.5660377358490566
0.0
0.0
0.2931034482758621
0.6461538461538461
0.539568345323741
0.0
0.0
0.6461538461538461
0.3157894736842105
0.14583333333333337
0.4477611940298507
0.5660377358490566
0.35
0.5660377358490566
0.539568345323741
0.3157894736842105
0.3157894736842105
0.5740740740740741
0.3035714285714286
0.16666666666666663
0.5660377358490566
0.3157894736842105
0.3157894736842105
0.6461538461538461
0.0
0.14583333333333337
0.3157894736842105
0.5454545454545454
0.4477611940298507
0.20408163265306123
0.3157894736842105
0.4477611940298507
0.539568345323741
0.0
0.3157894736842105
0.539568345323741
0.34285714285714286
0.5660377358490566
0.4477611940298507
0.5660377358490566
0.3157894736842105
0.0
0.0
0.4477611940298507
0.0
0.0
0.0
0.5660377358490566
0.3035714285714286
0.3035714285714286
0.539568345323741
0.5660377358490566
0.0
0.0
0.3157894736842105
0.38095238095238093
0.0
0.0
0.4833333333333333
0.0
0.3157894736842105
0.6461538461538461
0.5660377358490566
0.0
0.4477611940298507
0.16666666666666663
0.6461538461538461
0.5660377358490566
0.5660377358490566
0.21999999999999997
0.3157894736842105
0.21999999999999997
0.3035714285714286
0.0
0.0
0.5660377358490566
0.0
0.0
0.3157894736842105
0.5740740740740741
0.0
0.35
0.0
0.539568345323741
0.539568345323741
0.20408163265306123
0.38095238095238093
0.5740740740740741
0.3157894736842105
0.0
0.16666666666666663
0.3157894736842105
0.539568345323741
0.0
0.3157894736842105
0.0
0.0
0.38095238095238093
0.0
0.3157894736842105
0.6461538461538461
0.3157894736842105
0.3035714285714286
0.6461538461538461
0.38095238095238093
0.14583333333333337
0.3157894736842105
0.5660377358490566
0.0
0.3157894736842105
0.0
0.3035714285714286
0.5660377358490566
0.4477611940298507
0.539568345323741
0.4477611940298507
0.3035714285714286
0.3035714285714286
0.4558823529411765
0.4477611940298507
0.3035714285714286
0.14583333333333337
0.0
0.5660377358490566
0.0
0.640625
0.5660377358490566
0.640625
0.38095238095238093
0.0
0.5660377358490566
0.3035714285714286
0.3157894736842105
0.603448275862069
0.6166666666666667
0.3035714285714286
0.539568345323741
0.5454545454545454
0.0
0.0
0.0
0.0
0.38095238095238093
0.35
0.0
0.0
0.539568345323741
0.0
0.3035714285714286
0.0
0.3157894736842105
0.5454545454545454
0.539568345323741
0.4477611940298507
0.539568345323741
0.0
0.0
0.539568345323741
0.3035714285714286
0.4477611940298507
0.0
0.6461538461538461
0.5660377358490566
0.5660377358490566
0.3035714285714286
0.4477611940298507
0.0
0.0
0.3157894736842105
0.3157894736842105
0.0
0.5660377358490566
0.3157894736842105
0.14583333333333337
0.0
0.5660377358490566
0.0
0.35
0.539568345323741
0.6461538461538461
0.0
0.539568345323741
0.0
0.3035714285714286
0.360655737704918
0.6461538461538461
0.5740740740740741
0.539568345323741
0.0
0.5660377358490566
0.0
0.5660377358490566
0.4558823529411765
0.5660377358490566
0.0
0.3157894736842105
0.0
0.3157894736842105
0.26415094339622647
0.14583333333333337
0.5660377358490566
0.38095238095238093
0.3157894736842105
0.0
0.3157894736842105
0.539568345323741
0.3157894736842105
0.38095238095238093
0.3157894736842105
0.3157894736842105
0.0
0.6461538461538461
0.0
0.3035714285714286
0.0
0.3157894736842105
0.4477611940298507
0.14583333333333337
0.3035714285714286
0.5660377358490566
0.0
0.3157894736842105
0.3157894736842105
0.5740740740740741
0.4477611940298507
0.5660377358490566
0.5660377358490566
0.0
0.4477611940298507
0.3035714285714286
0.3157894736842105
0.6461538461538461
0.5660377358490566
0.0
0.0
0.5660377358490566
0.35
0.0
0.3035714285714286
0.14583333333333337
0.5428571428571429
0.5660377358490566
0.5660377358490566
0.16666666666666663
0.539568345323741
0.3157894736842105
0.6461538461538461
0.3157894736842105
0.640625
0.5454545454545454
0.539568345323741
0.14583333333333337
0.4477611940298507
0.5660377358490566
0.539568345323741
0.3157894736842105
0.14583333333333337
0.26415094339622647
0.3035714285714286
0.539568345323741
0.3157894736842105
0.3035714285714286
0.5660377358490566
0.0
0.3157894736842105
0.5660377358490566
0.20408163265306123
0.3157894736842105
0.0
0.0
0.14583333333333337
0.5660377358490566
0.539568345323741
0.3157894736842105
0.539568345323741
0.539568345323741
0.539568345323741
0.4477611940298507
0.539568345323741
0.4477611940298507
0.0
0.0
0.539568345323741
0.0
0.539568345323741
0.0
0.0
0.3157894736842105
0.0
0.3035714285714286
0.539568345323741
0.3157894736842105
0.3157894736842105
0.26415094339622647
0.5740740740740741
0.3157894736842105
0.6461538461538461
0.3157894736842105
0.6461538461538461
0.6461538461538461
0.5660377358490566
0.3035714285714286
0.16666666666666663
0.0
0.539568345323741
0.3035714285714286
0.3157894736842105
0.0
0.6461538461538461
0.14583333333333337
0.0
0.0
0.6461538461538461
0.4477611940298507
0.539568345323741
0.0
0.0
0.3157894736842105
0.0
0.3035714285714286
0.5
0.5428571428571429
0.603448275862069
0.3157894736842105
0.35
0.5428571428571429
0.5660377358490566
0.4477611940298507
0.539568345323741
0.3157894736842105
0.0
0.0
0.0
0.3157894736842105
0.14583333333333337
0.3157894736842105
0.5660377358490566
0.539568345323741
0.0
0.3157894736842105
0.0
0.539568345323741
0.3035714285714286
0.539568345323741
0.35
0.3035714285714286
0.3157894736842105
0.6461538461538461
0.3157894736842105
0.3157894736842105
0.5660377358490566
0.6461538461538461
0.3035714285714286
0.6461538461538461
0.0
0.0
0.35
0.0
0.0
0.6461538461538461
0.6461538461538461
0.4477611940298507
0.35
0.3035714285714286
0.0
0.0
0.539568345323741
0.3157894736842105
0.0
0.539568345323741
0.6461538461538461
0.0
0.0
0.5740740740740741
0.0
0.5660377358490566
0.0
0.0
0.0
0.3157894736842105
0.35
0.0
0.4477611940298507
0.6461538461538461
0.3157894736842105
0.0
0.0
0.4477611940298507
0.3157894736842105
0.0
0.539568345323741
0.0
0.0
0.0
0.3157894736842105
0.35
0.5660377358490566
0.5660377358490566
0.0
0.35
0.3157894736842105
0.0
0.4477611940298507
0.0
0.4477611940298507
0.3157894736842105
0.3157894736842105
0.6461538461538461
0.6461538461538461
0.3157894736842105
0.0
0.4477611940298507
0.3157894736842105
0.5660377358490566
0.5660377358490566
0.3035714285714286
0.4477611940298507
0.14583333333333337
0.3157894736842105
0.3157894736842105
0.0
0.16666666666666663
0.539568345323741
0.5660377358490566
0.3157894736842105
0.5660377358490566
0.3157894736842105
0.6461538461538461
0.0
0.0
0.3157894736842105
0.640625
0.3157894736842105
0.0
0.20408163265306123
0.0
0.640625
0.3157894736842105
0.7346938775510203
0.6461538461538461
0.3035714285714286
0.0
0.4477611940298507
0.0
0.0
0.539568345323741
0.5660377358490566
0.26415094339622647
0.6461538461538461
0.3035714285714286
0.539568345323741
0.6461538461538461
0.5660377358490566
0.0
0.0
0.5740740740740741
0.0
0.539568345323741
0.0
0.38095238095238093
0.3157894736842105
0.3157894736842105
0.539568345323741
0.0
0.0
0.4477611940298507
0.4477611940298507
0.5660377358490566
0.2931034482758621
0.5660377358490566
0.3157894736842105
0.3035714285714286
0.5428571428571429
0.5660377358490566
0.3035714285714286
0.4477611940298507
0.3157894736842105
0.0
0.5660377358490566
0.0
0.539568345323741
0.0
0.3157894736842105
0.5660377358490566
0.3157894736842105
0.6461538461538461
0.0
0.3157894736842105
0.0
0.0
0.38095238095238093
0.6461538461538461
0.21999999999999997
0.3157894736842105
0.6461538461538461
0.3157894736842105
0.3157894736842105
0.3157894736842105
0.539568345323741
0.6461538461538461
0.539568345323741
0.0
0.5660377358490566
0.0
0.0
0.3157894736842105
0.539568345323741
0.3157894736842105
0.0
0.5660377358490566
0.3157894736842105
0.3970588235294118
0.4477611940298507
0.3157894736842105
0.539568345323741
0.5660377358490566
0.3157894736842105
0.3157894736842105
0.0
0.0
0.5740740740740741
0.5428571428571429
0.6461538461538461
0.0
0.6461538461538461
0.3157894736842105
0.3035714285714286
0.5660377358490566
0.6461538461538461
0.0
0.539568345323741
0.0
0.38095238095238093
0.0
0.0
0.539568345323741
0.3157894736842105
0.6461538461538461
0.0
0.5660377358490566
0.6461538461538461
0.0
0.6461538461538461
0.14583333333333337
0.3157894736842105
0.3157894736842105
0.3035714285714286
0.5660377358490566
0.0
0.4477611940298507
0.5660377358490566
0.4477611940298507
0.3157894736842105
0.35
0.539568345323741
0.3157894736842105
0.3035714285714286
0.5660377358490566
0.0
0.0
0.0
0.3246753246753247
0.0
0.7647058823529411
0.3157894736842105
0.4477611940298507
0.6461538461538461
0.0
0.35
0.0
0.5660377358490566
0.14583333333333337
0.0
0.0
0.5660377358490566
0.0
0.5428571428571429
0.3157894736842105
0.539568345323741
0.3157894736842105
0.3157894736842105
0.5660377358490566
0.6461538461538461
0.3157894736842105
0.4477611940298507
0.0
0.3157894736842105
0.6461538461538461
0.6461538461538461
0.3157894736842105
0.6461538461538461
0.539568345323741
0.21999999999999997
0.0
0.3157894736842105
0.4833333333333333
0.38095238095238093
0.38095238095238093
0.3157894736842105
0.6461538461538461
0.3157894736842105
0.3157894736842105
0.31999999999999995
0.0
0.0
0.3970588235294118
0.0
0.0
0.539568345323741
0.35
0.14583333333333337
0.0
0.3035714285714286
0.3157894736842105
0.5660377358490566
0.3035714285714286
0.3035714285714286
0.0
0.539568345323741
0.0
0.6229508196721312
0.14583333333333337
0.4305555555555556
0.0
0.3157894736842105
0.3157894736842105
0.0
0.3035714285714286
0.5660377358490566
0.14583333333333337
0.3157894736842105
0.5660377358490566
0.3157894736842105
0.6461538461538461
0.21999999999999997
0.4477611940298507
0.0
0.6461538461538461
0.35
0.5660377358490566
0.0
0.38095238095238093
0.4477611940298507
0.3157894736842105
0.0
0.3157894736842105
0.5660377358490566
0.6461538461538461
0.0
0.3157894736842105
0.0
0.3035714285714286
0.5740740740740741
0.0
0.0
0.14583333333333337
0.3157894736842105
0.4477611940298507
0.3157894736842105
0.0
0.4477611940298507
0.3157894736842105
0.0
0.3157894736842105
0.0
0.3035714285714286
0.0
0.5660377358490566
0.5660377358490566
0.5660377358490566
0.0
0.539568345323741
0.35
0.0
0.20408163265306123
0.3157894736842105
0.4477611940298507
0.0
0.4477611940298507
0.3157894736842105
0.5660377358490566
0.0
0.3035714285714286
0.3157894736842105
0.6461538461538461
0.4477611940298507
0.0
0.5660377358490566
0.3035714285714286
0.3157894736842105
0.360655737704918
0.5660377358490566
0.3157894736842105
0.3157894736842105
0.539568345323741
0.0
0.3157894736842105
0.5660377358490566
0.3157894736842105
0.5660377358490566
0.3157894736842105
0.0
0.0
0.4477611940298507
0.0
0.6461538461538461
0.3157894736842105
0.0
0.0
0.3035714285714286
0.539568345323741
0.5660377358490566
0.5660377358490566
0.6461538461538461
0.4477611940298507
0.0
0.3035714285714286
0.539568345323741
0.603448275862069
0.3157894736842105
0.0
0.539568345323741
0.3157894736842105
0.3035714285714286
0.0
0.539568345323741
0.3157894736842105
0.0
0.0
0.3157894736842105
0.0
0.5660377358490566
0.0
0.3035714285714286
0.3035714285714286
0.3035714285714286
0.38095238095238093
0.4477611940298507
0.4477611940298507
0.6538461538461539
0.0
0.0
0.35
0.0
0.0
0.3157894736842105
0.3157894736842105
0.539568345323741
0.0
0.6461538461538461
0.0
0.0
0.0
0.5660377358490566
0.0
0.3035714285714286
0.3157894736842105
0.3157894736842105
0.6461538461538461
0.0
0.6461538461538461
0.3035714285714286
0.4477611940298507
0.539568345323741
0.3157894736842105
0.5660377358490566
0.3035714285714286
0.0
0.5660377358490566
0.3157894736842105
0.5740740740740741
0.5660377358490566
0.0
0.3157894736842105
0.4477611940298507
0.6461538461538461
0.3035714285714286
0.6461538461538461
0.0
0.3035714285714286
0.3157894736842105
0.4477611940298507
0.4477611940298507
0.14583333333333337
0.16666666666666663
0.0
0.0
0.6461538461538461
0.0
0.539568345323741
0.3157894736842105
0.0
0.539568345323741
0.5660377358490566
0.0
0.0
0.5660377358490566
0.5660377358490566
0.35
0.6461538461538461
0.5740740740740741
0.3157894736842105
0.4477611940298507
0.0
0.539568345323741
0.0
0.539568345323741
0.0
0.5660377358490566
0.4477611940298507
0.5660377358490566
0.4477611940298507
0.3035714285714286
0.785234899328859
0.0
0.4477611940298507
0.0
0.6461538461538461
0.0
0.0
0.0
0.35
0.0
