0.0
0.0
0.03915662650602414
0.024036979969183414
0.0
0.0
0.0
0.1352057478772044
0.0
0.04197372636975327
0.0
0.021287919105907438
0.0
0.0
0.10436025732666188
0.0
0.07211079274116527
0.3377650017966224
0.0
0.0
0.0
0.03631532329495124
0.11943451413714656
0.1352057478772044
0.0713028169014085
0.0
0.09316770186335399
0.0
0.03619767075857727
0.0
0.0434292160180485
0.03735909822866346
0.021860095389507173
0.04228571428571426
0.041143216080402056
0.032047477744807096
0.09209666884389289
0.09595959595959591
0.0
0.06828391734052108
0.023696682464455
0.1473526473526473
0.2790138304269393
0.029904306220095656
0.09856115107913666
0.08193163320672814
0.0903248839700107
0.02582582582582582
0.1352057478772044
0.02564102564102566
0.0
0.04596412556053808
0.0910064239828694
0.10194174757281549
0.013643410852713145
0.0
0.2744860943168077
0.03915662650602414
0.035348837209302375
0.059352517985611475
0.09841029523088574
0.03679761312779717
0.0
0.022637013502780023
0.03227734608487742
0.025878003696857665
0.0
0.09856115107913666
0.0
0.04196028187059575
0.0
0.04514672686230248
0.0
0.0
0.0
0.025810324129651896
0.04198717948717945
0.03676105315449574
0.0
0.0
0.0
0.0
0.0
0.0366242038216561
0.04512126339537503
0.020185708518368983
0.0
0.06317044100119185
0.024594453165881713
0.0
0.0
0.03574975173783512
0.0
0.09856115107913666
0.027152554483744207
0.08809891808346215
0.13979848866498745
0.0
0.0324825986078886
0.017674418604651132
0.0
0.03037667071688943
0.03017501508750753
0.0
0.025878003696857665
0.03915662650602414
0.023489932885906062
0.17368421052631577
0.021367521367521403
0.09595959595959591
0.0
0.10385964912280699
0.13921433494141966
0.0
0.035803083043262074
0.0
0.03183962264150941
0.025688073394495414
0.0
0.2604492465169178
0.04197372636975327
0.0852302805717311
0.14915254237288134
0.04596412556053808
0.03735909822866346
0.0
0.08208955223880599
0.036231884057971064
0.025703794369645094
0.25451807228915657
0.11652999568407418
0.1228430566967954
0.0
0.0
0.0
0.09209666884389289
0.05210420841683372
0.0411302982731554
0.0
0.08441558441558439
0.06320810971973767
0.03429752066115699
0.14812967581047387
0.0
0.042328042328042326
0.13979848866498745
0.0
0.0
0.0
0.0
0.0
0.0
0.0
0.0
0.0
0.0
0.0
0.0
0.0
0.0
0.0
0.0
0.0
0.0
0.0
0.0
0.0
0.0
0.0
0.0
0.0
0.0
0.0
0.0
0.0
0.0
0.0
0.0
0.0
0.0
0.0
0.0
0.0
0.0
0.0
0.0
0.0
0.0
0.0
0.0
0.0
0.0
0.0
0.0
0.0
0.0
0.0
0.0
0.0
0.0
0.27440633245382584
0.019452163556967106
0.0994408945686901
0.26650514839491213
0.0
0.0
0.27440633245382584
0.27440633245382584
0.0
0.1315914489311164
0.03423423423423422
0.0
0.11844908393694076
0.11844908393694076
0.13676371022342582
0.0
0.10212335692618801
0.0
0.0841558441558442
0.10792349726775952
0.13987895090786817
0.1152368758002561
0.041543026706231445
0.038171772978402796
0.03858392999204452
0.06663685152057242
0.03935115650345444
0.03779069767441856
0.1394064872325742
0.0
0.10865010475905412
0.0
0.13983193277310924
0.04156358238495794
0.11596119929453264
0.13987895090786817
0.0
0.03734211971444257
0.0
0.11844908393694076
0.1394064872325742
0.0
0.14247401944351323
0.13845099383139137
0.14103425117528545
0.10084872690963553
0.13987895090786817
0.0
0.17696909272183448
0.08376156217882835
0.041807909604519744
0.0
0.13987895090786817
0.0
0.04935275080906154
0.0
0.10923217550274222
0.11769722814498929
0.0
0.27738927738927743
0.13987895090786817
0.0
0.0
0.0
0.052471812662619244
0.0
0.11844908393694076
0.0
0.0
0.11844908393694076
0.13916298060564813
0.11844908393694076
0.13676371022342582
0.0
0.14103425117528545
0.0
0.15751575157515751
0.029645093945720236
0.14247401944351323
0.056291390728476776
0.03347107438016528
0.11844908393694076
0.1394064872325742
0.0
0.020644511581067504
0.0
0.11844908393694076
0.03786574870912218
0.1394064872325742
0.18839427662957076
0.11844908393694076
0.0
0.13764305598515314
0.0
0.0
0.15757015109466543
0.10326659641728131
0.0
0.054827753517709854
0.04322614654717971
0.03935115650345444
0.13807245386192757
0.13987895090786817
0.0
0.0
0.10903284671532842
0.11844908393694076
0.1412005457025921
0.0
0.03348491112029761
0.09838056680161944
0.04272151898734178
0.11506368028107161
0.020418326693227073
0.11844908393694076
0.11555169417897482
0.0
0.11769722814498929
0.0
0.04496908375491848
0.0
0.1387205387205387
0.1061343719571568
0.03290414878397707
0.12748457847840988
0.0
0.03779069767441856
0.11844908393694076
0.04084880636604771
0.0
0.12300587741393787
0.1828684136376444
0.1387205387205387
0.0
0.0
0.11769722814498929
0.0
0.11557123952359949
0.023314963967782987
0.02819307988039299
0.32135858915741344
0.0
0.11844908393694076
0.03249767873723308
0.10858700590640613
0.16959370904325033
0.30965005302226933
0.04322614654717971
0.14247401944351323
0.06800563777307966
0.023668639053254448
0.0
0.14103425117528545
0.0
0.0
0.1387205387205387
0.0
0.0
0.06055045871559628
0.0
0.0
0.03348491112029761
0.11791383219954643
0.13398692810457513
0.10307802433786684
0.10913930789707182
0.0
0.0
0.33401340716992134
0.0
0.1394064872325742
0.0
0.11769722814498929
0.0
0.041196388261851014
0.03779069767441856
0.0
0.041196388261851014
0.13907056798623063
0.0
0.0
0.0
0.06437768240343344
0.09673469387755107
0.04272151898734178
0.0
0.0
0.0
0.0
0.0
0.0
0.0
0.0
0.0
0.0
0.0
0.0
0.0
0.0
0.0
0.0
0.0
0.0
0.0
0.0
0.0
0.0
0.0
0.0
0.0
0.0
0.0
0.0
0.0
0.0
0.0
0.0
0.0
0.0
0.0
0.0
0.0
0.0
0.0
0.0
0.0
0.0
0.0
0.0
0.0
0.0
0.0
0.0
0.0
0.0
0.0
0.0
0.0
0.0
0.0
0.0
0.0
0.0
0.0
0.058397683397683364
0.03915662650602414
0.03915662650602414
0.04596412556053808
0.03227734608487742
0.04040404040404044
0.031156381066506866
0.0
0.0
0.09856115107913666
0.06809445359692479
0.0
0.1041095890410959
0.03620906801007562
0.026285714285714246
0.0
0.0494362532523851
0.2790138304269393
0.04255319148936165
0.01604106512672443
0.09856115107913666
0.0
0.0
0.09595959595959591
0.036405529953917104
0.09316770186335399
0.05143422354104843
0.04596412556053808
0.0
0.32952792348040727
0.062055591467356175
0.045938375350140004
0.02085703450891163
0.018099547511312264
0.2790138304269393
0.016674386289949106
0.0903248839700107
0.0368421052631579
0.0
0.0
0.029942575881870437
0.013643410852713145
0.025893958076448786
0.029286150091519247
0.03915662650602414
0.07684154742978277
0.09333333333333338
0.04198717948717945
0.014454664914586024
0.06816143497757843
0.025520833333333326
0.09856115107913666
0.09894991922455576
0.0
0.43805783648696894
0.0
0.0
0.01150469270360277
0.0
0.0
0.03621031746031744
0.022933011466505726
0.0
0.06055045871559628
0.0
0.04485488126649073
0.08653846153846156
0.026140894993354036
0.021860095389507173
0.11575704225352113
0.0423728813559322
0.017732151189920664
0.024672555589399958
0.31390134529147984
0.08277976494634642
0.0
0.08573635427394444
0.0
0.0
0.03915662650602414
0.04040404040404044
0.03037667071688943
0.061749571183533414
0.14915254237288134
0.060287081339712945
0.0
0.0
0.04473161033797213
0.0
0.24249084249084252
0.17368421052631577
0.02582582582582582
0.02921485088253195
0.13921433494141966
0.36
0.059814658803706844
0.13979848866498745
0.04198717948717945
0.04197372636975327
0.0403990024937656
0.0
0.06254948535233573
0.2449776785714286
0.03576678098971098
0.2604492465169178
0.02582582582582582
0.0
0.01807228915662651
0.027152554483744207
0.021855010660980834
0.03819095477386936
0.029286150091519247
0.0
0.11021142600089973
0.11596119929453264
0.0
0.036231884057971064
0.0
0.0
0.0
0.04760147601476017
0.08097165991902833
0.0
0.09841029523088574
0.03704896907216493
0.03704896907216493
0.0
0.0
0.018234562784915087
0.2735191637630662
0.0
0.07211079274116527
0.0
0.0
0.0
0.0
0.0
0.0
0.0
0.0
0.0
0.0
0.0
0.0
0.0
0.0
0.0
0.0
0.0
0.0
0.0
0.0
0.0
0.0
0.0
0.0
0.0
0.0
0.0
0.0
0.0
0.0
0.0
0.0
0.0
0.0
0.0
0.0
0.0
0.0
0.0
0.0
0.0
0.0
0.0
0.0
0.0
0.0
0.0
0.0
0.0
0.0
0.0
0.0
0.0
0.0
0.0
0.0
0.0
0.03620906801007562
0.0
0.04044704630122409
0.03304904051172708
0.0252728317059161
0.0
0.10498687664041995
0.1134903640256959
0.046554934823091254
0.020985846754514426
0.07939600584510476
0.036219816819317185
0.09803117309269893
0.0
0.0
0.055652173913043446
0.0
0.10498687664041995
0.0847868217054264
0.0
0.10039370078740162
0.0625
0.10892282958199362
0.041143216080402056
0.036635871296591294
0.04044704630122409
0.036512433112999676
0.1641434262948207
0.03189300411522633
0.04197372636975327
0.0
0.019921874999999978
0.036546943919344654
0.0
0.0
0.04198717948717945
0.0
0.03450754852624016
0.10887906789875457
0.01939451277199622
0.040382571732199835
0.0625
0.07879088206144702
0.0414452709883103
0.35681159420289854
0.0
0.0
0.03704896907216493
0.09836065573770492
0.06896551724137934
0.04862745098039212
0.10968775020016008
0.0
0.04198717948717945
0.04197372636975327
0.35681159420289854
0.0
0.17545239968528714
0.0
0.04198717948717945
0.03218884120171672
0.0
0.07879088206144702
0.0
0.06367346938775509
0.04197372636975327
0.03687943262411353
0.0
0.03370194839389151
0.040382571732199835
0.05486443381180228
0.03735909822866346
0.021415823914336718
0.041855203619909465
0.0
0.021710234824988905
0.045740423098913685
0.03735909822866346
0.041143216080402056
0.03735909822866346
0.10498687664041995
0.0
0.02163355408388523
0.03285151116951379
0.03735909822866346
0.10887906789875457
0.0
0.04198717948717945
0.0
0.0
0.018630647414997648
0.06586826347305386
0.0
0.0
0.03218884120171672
0.2587784007081735
0.026187576126674772
0.041143216080402056
0.029325513196480912
0.0
0.0
0.0
0.1134903640256959
0.0
0.03552631578947374
0.053475935828877
0.036254728877679665
0.04198717948717945
0.0
0.10959571358986853
0.04198717948717945
0.09756097560975607
0.0
0.0
0.07879088206144702
0.0
0.036254728877679665
0.04156358238495794
0.041143216080402056
0.02163355408388523
0.04040404040404044
0.10498687664041995
0.15142531356898514
0.0
0.036254728877679665
0.0
0.08745627186406801
0.04198717948717945
0.0
0.07269503546099287
0.04625928041119365
0.03664754620777566
0.06565656565656564
0.0847457627118644
0.0
0.041143216080402056
0.04040404040404044
0.07256637168141589
0.04156358238495794
0.11179849756959792
0.0
0.03697800446286259
0.0
0.1030927835051546
0.0
0.04625928041119365
0.059352517985611475
0.0
0.0
0.0
0.05550500454959051
0.0
0.0
0.07976734524304108
0.0
0.03620906801007562
0.06367346938775509
0.04122621564482032
0.0
0.0
0.0
0.03100775193798455
0.0
0.02174877940523745
0.0252728317059161
0.17452830188679247
0.15582450832072614
0.0
0.036254728877679665
0.0
0.11807331628303497
0.025258323765786406
0.04120443740095092
0.0
0.0
0.0
0.03176470588235292
0.0
0.0
0.08745627186406801
0.04198717948717945
0.04197372636975327
0.0
0.10315533980582525
0.0
0.04040404040404044
0.032707774798927614
0.11247803163444636
0.01826280623608023
0.038679245283018915
0.036254728877679665
0.04197372636975327
0.0
0.0
0.04122621564482032
0.04040404040404044
0.04156358238495794
0.0
0.10892282958199362
0.0
0.3118412895226287
0.0
0.04198717948717945
0.027436823104693087
0.0
0.04198717948717945
0.0
0.0
0.035949145111793035
0.041143216080402056
0.17452830188679247
0.0
0.06828391734052108
0.09141156462585032
0.0
0.0
0.03664754620777566
0.01932139491046181
0.06699657403882753
0.0
0.16108966108966105
0.03315881326352532
0.07072368421052633
0.13467704993128726
0.0
0.030027657052548395
0.05293276108726752
0.0
0.09440993788819874
0.05821545157780195
0.0
0.0
0.0
0.04157549234135671
0.08365553602811948
0.0
0.05293276108726752
0.0
0.0
0.0
0.0
0.0
0.0
0.0
0.0
0.0
0.0
0.0
0.0
0.0
0.0
0.0
0.0
0.0
0.0
0.0
0.0
0.0
0.0
0.0
0.014844568634299726
0.10763733809736487
0.31233041905336145
0.0
0.04214223002633888
0.018781493357764578
0.0910064239828694
0.02393617021276595
0.3596656780803451
0.05565693430656937
0.02115211521152116
0.0
0.0
0.16277162771627718
0.0
0.0
0.07957302280446388
0.03499079189686927
0.10758928571428572
0.3258130676823908
0.11379153390987706
0.02058232931726911
0.0
0.05565693430656937
0.05769230769230771
0.32483142773380236
0.0
0.06809445359692479
0.10931174089068829
0.2412327311370882
0.10382513661202186
0.08001939864209506
0.3274009402283412
0.0
0.07957302280446388
0.0
0.0558194774346793
0.0
0.0
0.3269738773114177
0.0
0.16354556803995002
0.0
0.019448213478064247
0.11819595645412129
0.062244062244062204
0.0
0.35974130962004847
0.0
0.0
0.0
0.07957302280446388
0.0
0.0910064239828694
0.3266140812153082
0.0
0.0636215334420881
0.0
0.0
0.0
0.24084880636604777
0.0
0.06809445359692479
0.10816876122082586
0.0
0.0
0.10860748084722849
0.06879194630872487
0.0
0.08180535966149505
0.01904319554110545
0.07897240723120835
0.32589547856723433
0.05868902439024393
0.0
0.0
0.12933903946742753
0.04355203619909498
0.16354556803995002
0.0
0.1106175033318525
0.07957302280446388
0.0
0.0
0.09806295399515741
0.0
0.0434292160180485
0.03314435237679891
0.0
0.07957302280446388
0.0
0.08192883895131087
0.32753024491000293
0.0
0.0
0.33254477864143295
0.0
0.11056401074306177
0.0
0.0
0.07912621359223304
0.023502304147465458
0.0
0.0
0.16257166257166256
0.0
0.3315143246930423
0.0
0.0
0.03499079189686927
0.0
0.0
0.06809445359692479
0.3597199784598816
0.0
0.0
0.0
0.0
0.0
0.10931174089068829
0.0
0.10284167794316645
0.16354556803995002
0.0
0.330550918196995
0.0
0.0
0.03499079189686927
0.0
0.0
0.0
0.0
0.02023381294964033
0.0
0.24136097820308344
0.16347753743760396
0.10916442048517516
0.0
0.0
0.0
0.0
0.05565693430656937
0.0910064239828694
0.16384647131654972
0.0
0.0
0.033627342888643885
0.042913608130999426
0.0
0.0
0.0
0.32483142773380236
0.0
0.0434292160180485
0.18581341557440245
0.07957302280446388
0.0335097001763669
0.0
0.0
0.10382513661202186
0.0
0.0
0.0
0.0
0.0
0.3259521700620017
0.0874524714828897
0.0
0.0
0.08149882903981265
0.02023381294964033
0.16354556803995002
0.0
0.059113300492610876
0.0
0.0
0.0
0.07820008737439932
0.0
0.12975285171102657
0.0
0.0434292160180485
0.0
0.0
0.044117647058823484
0.06809445359692479
0.0
0.0
0.0
0.027310924369747913
0.0
0.10767160161507405
0.11111111111111116
0.01846015308419635
0.0
0.0
0.0
0.11773858921161828
0.10382513661202186
0.32483142773380236
0.08063759962494144
0.330550918196995
0.0
0.03499079189686927
0.16354556803995002
0.0
0.10931174089068829
0.017999162829635873
0.0
0.0
0.35974130962004847
0.02614613180515757
0.0
0.10763733809736487
0.0
0.3272673906662753
0.0
0.0
0.0
0.0
0.0
0.0
0.0
0.0
0.0
0.23957783641160946
0.07957302280446388
0.0
0.0
0.0
0.3596656780803451
0.0
0.0
0.0
0.0
0.1106175033318525
0.0
0.0
0.0
0.0
0.0
0.0
0.0
0.0
0.0
0.0
0.0
0.0
0.0
0.0
0.0
0.0
0.0
0.0
0.0
0.0
0.0
0.0
0.0
0.0
0.0
0.0
0.0
0.0
0.0
0.0
0.0
0.0
0.0
0.0
0.0
0.0
0.0
0.0
0.0
0.0
0.0
0.0
0.0
0.0
0.0
0.0
0.0
0.0
0.0
0.0
0.0
0.0
0.0
0.0
0.0
0.0
0.0
0.0
0.0
0.0
0.0
0.0
0.0
0.0
0.0
0.0
0.0
0.0
0.0
0.0
0.0
0.0
0.0
0.0
0.0
0.0
0.0
0.0
0.0
0.0
0.0
0.0
0.0
0.0
0.0
0.0
0.0
0.0
0.0
0.0
0.0
0.0
0.0
0.0
0.0
0.0
0.0
0.0
0.0
0.0
0.0
0.0
0.0
0.0
0.0
0.0
0.0
0.0
0.0
0.0
0.0
0.0
0.0
0.0
0.0
0.0
0.0
0.0
0.0
0.0
0.0
0.0
0.0
0.0
0.0
0.0
0.0
0.0
0.0
0.0
0.0
0.0
0.0
0.0
0.0
0.0
0.0
0.0
0.0
0.0
0.0
0.0
0.0
0.0
0.0
0.0
0.0
0.0
0.0
0.0
0.0
0.0
0.0
0.0
0.0
0.0
0.0
0.0
0.0
0.0
0.0
0.0
0.0
0.0
0.0
0.0
0.0
0.0
0.0
0.0
0.0
0.0
0.0
0.0
0.0
0.0
0.0
0.0
0.0
0.022242817423540284
0.016432865731462964
0.0
0.0
0.09301428020069469
0.09699675324675328
0.07000538502961762
0.03017070265978561
0.056622851365015214
0.0565942395149065
0.08800594132937245
0.0971774193548387
0.04533678756476689
0.06538839724680434
0.06481481481481477
0.09164733178654294
0.0
0.0
0.0
0.0
0.0
0.0
0.0
0.018681888946548986
0.023016353725015093
0.0
0.0
0.09729064039408863
0.026008968609865457
0.0
0.01999200319872052
0.0
0.0
0.08356449375866848
0.0
0.0
0.07157604955264973
0.0
0.0
0.0
0.0
0.0
0.0
0.0
0.0
0.03484139365574623
0.10862262038073911
0.07722772277227719
0.11913357400722024
0.11970726607422899
0.034823284823284784
0.0
0.022517321016166325
0.0
0.022517321016166325
0.0219907407407407
0.02102102102102099
0.02066590126291623
0.02089268755935425
0.01909722222222221
0.026586102719033278
0.02244389027431426
0.03420669577874813
0.0
0.01911935110081109
0.01812688821752262
0.01812688821752262
0.04282655246252676
0.17059553349875933
0.17059553349875933
0.17059553349875933
0.1170305676855895
0.17059553349875933
0.0
0.024066646096883693
0.04506269592476486
0.04465776293823043
0.03574033552151712
0.03281677301732
0.0
0.03450807635829667
0.03450807635829667
0.03574033552151712
0.03206751054852319
0.022756005056890016
0.024216524216524205
0.023388116308470264
0.038010657193605635
0.2310344827586207
0.0
0.0
0.015465729349736335
0.04969879518072284
0.04730290456431541
0.042527821939586596
0.017134697762970053
0.07326661901358111
0.03279405334499341
0.42014487754398067
0.29162132752992387
0.0
0.0491400491400491
0.12506596306068607
0.017399710004833202
0.016895874263261335
0.015596663039535774
0.016895874263261335
0.18536585365853664
0.01827909050378962
0.11152835148328955
0.0
0.029917726252804755
0.09839278714229716
0.03790087463556846
0.0
0.05551020408163265
0.05551020408163265
0.05551020408163265
0.05551020408163265
0.05551020408163265
0.05551020408163265
0.05551020408163265
0.05551020408163265
0.05551020408163265
0.05551020408163265
0.05551020408163265
0.05551020408163265
0.05551020408163265
0.05551020408163265
0.05551020408163265
0.05551020408163265
0.05551020408163265
0.05551020408163265
0.05551020408163265
0.05551020408163265
0.05551020408163265
0.05551020408163265
0.05551020408163265
0.05551020408163265
0.05551020408163265
0.05551020408163265
0.05506072874493928
0.055419722901385526
0.05551020408163265
0.05523964256701863
0.04037685060565277
0.018193224592220836
0.017676767676767624
0.04642058165548102
0.04117647058823526
0.017676767676767624
0.017676767676767624
0.02032721864154685
0.03500632644453816
0.06930693069306926
0.048231511254019255
0.028286189683860208
0.1051906293063849
0.032578685808945296
0.028286189683860208
0.015529219452390719
0.04187889077532536
0.04211724530449634
0.028286189683860208
0.034173282706247865
0.08064516129032262
0.01909722222222221
0.06214227309893705
0.06114239742558325
0.06114239742558325
0.06114239742558325
0.06114239742558325
0.3216885007278021
0.32218055956158065
0.0
0.04537815126050415
0.06119162640901776
0.04869857262804367
0.06119162640901776
0.1707014276846679
0.01812688821752262
0.024644549763033208
0.15690733371233656
0.06209150326797386
0.021601685985247587
0.27551915764843526
0.0
0.05145565335138791
0.047919293820933184
0.05523964256701863
0.0
0.3231850117096019
