0.0
0.0
0.23351023502653523
0.0
0.23351023502653523
0.0
0.0
0.0
0.0
0.0
0.0
0.0
0.0
0.0
0.0
0.0
0.0
0.0
0.12183211248631809
0.0
0.0
0.0
0.0
0.0
0.0
0.0
0.0
0.0
0.0
0.0
0.0
0.0
0.0
0.0
0.0
0.0
0.0
0.0
0.0
0.0
0.0
0.0
0.0
0.0
0.0
0.18549379793580156
0.0
0.0
0.0
0.0
0.2628601361969618
0.2574982445581302
0.18159999999999998
0.14575432811211875
0.0
0.0
0.12183211248631809
0.12183211248631809
0.0
0.12183211248631809
0.0
0.12183211248631809
0.12183211248631809
0.18479909021986352
0.12183211248631809
0.12183211248631809
0.12734313121534802
0.0
0.12183211248631809
0.12183211248631809
0.12183211248631809
0.12183211248631809
0.12183211248631809
0.12183211248631809
0.12183211248631809
0.12183211248631809
0.0
0.12183211248631809
0.12183211248631809
0.12734313121534802
0.12183211248631809
0.0
0.12183211248631809
0.12183211248631809
0.12183211248631809
0.12183211248631809
0.12183211248631809
0.18479909021986352
0.12183211248631809
0.12183211248631809
0.12183211248631809
0.12183211248631809
0.12183211248631809
0.12183211248631809
0.12183211248631809
0.12183211248631809
0.12183211248631809
0.12183211248631809
0.12183211248631809
0.12183211248631809
0.12183211248631809
0.12183211248631809
0.12734313121534802
0.12734313121534802
0.12734313121534802
0.12734313121534802
0.12183211248631809
0.12734313121534802
0.12734313121534802
0.12734313121534802
0.12183211248631809
0.12183211248631809
0.12183211248631809
0.12183211248631809
0.12183211248631809
0.18479909021986352
0.12183211248631809
0.0
0.12183211248631809
0.12183211248631809
0.12183211248631809
0.12183211248631809
0.12183211248631809
0.12183211248631809
0.12734313121534802
0.12183211248631809
0.12183211248631809
0.12348799422278389
0.12183211248631809
0.12183211248631809
0.12183211248631809
0.0
0.12734313121534802
0.12183211248631809
0.18479909021986352
0.12734313121534802
0.0
0.12183211248631809
0.0
0.12183211248631809
0.0
0.0
0.12183211248631809
0.12183211248631809
0.12183211248631809
0.12183211248631809
0.12183211248631809
0.12183211248631809
0.12183211248631809
0.12183211248631809
0.12183211248631809
0.12183211248631809
0.12183211248631809
0.12183211248631809
0.12183211248631809
0.23351023502653523
0.12183211248631809
0.12183211248631809
0.0
0.21867829279486006
0.0
0.0
0.0
0.0
0.0
0.0
0.0
0.0
0.0
0.0
0.0
0.0
0.0
0.0
0.0
0.0
0.0
0.0
0.0
0.0
0.0
0.0
0.0
0.0
0.0
0.0
0.0
0.0
0.0
0.0
0.0
0.0
0.0
0.0
0.0
0.0
0.0
0.0
0.0
0.0
0.0
0.0
0.0
0.0
0.0
0.0
0.0
0.0
0.0
0.0
0.0
0.0
0.0
0.0
0.0
0.0
0.0
0.0
0.0
0.0
0.0
0.2329336921947639
0.0
0.0
0.0
0.0
0.0
0.0
0.0
0.0
0.0
0.23256947830326669
0.0
0.0
0.0
0.0
0.0
0.0
0.0
0.0
0.0
0.0
0.0
0.0
0.0
0.0
0.0
0.0
0.0
0.0
0.0
0.0
0.0
0.0
0.0
0.0
0.0
0.0
0.0
0.0
0.0
0.0
0.0
0.0
0.0
0.0
0.0
0.0
0.0
0.0
0.0
0.0
0.0
0.0
0.0
0.21699452443723388
0.0
0.0
0.0
0.1944696282864914
0.0
0.0
0.0
0.0
0.0
0.0
0.0
0.0
0.0
0.0
0.0
0.0
0.0
0.0
0.0
0.0
0.0
0.0
0.0
0.0
0.0
0.0
0.0
0.0
0.0
0.0
0.0
0.0
0.0
0.0
0.0
0.0
0.0
0.0
0.0
0.0
0.0
0.0
0.0
0.0
0.0
0.0
0.0
0.0
0.0
0.0
0.0
0.0
0.0
0.0
0.0
0.0
0.0
0.0
0.0
0.0
0.0
0.0
0.0
0.0
0.0
0.0
0.0
0.0
0.0
0.0
0.0
0.0
0.0
0.0
0.0
0.0
0.0
0.0
0.0
0.0
0.0
0.0
0.0
0.0
0.0
0.0
0.0
0.0
0.0
0.0
0.0
0.0
0.0
0.0
0.0
0.0
0.0
0.0
0.21867829279486006
0.0
0.0
0.0
0.0
0.0
0.0
0.0
0.0
0.0
0.0
0.0
0.0
0.0
0.0
0.21867829279486006
0.0
0.0
0.0
0.0
0.0
0.0
0.0
0.0
0.0
0.0
0.0
0.0
0.0
0.20015770797739518
0.0
0.0
0.1604811876119785
0.0
0.0
0.0
0.0
0.0
0.0
0.0
0.0
0.0
0.0
0.0
0.0
0.0
0.0
0.0
0.0
0.0
0.0
0.0
0.0
0.0
0.0
0.0
0.0
0.1609458428680397
0.16124936515997967
0.1621277678798676
0.25202075039208593
0.16178343949044582
0.20026298487836947
0.17283614589003815
0.1516722841586725
0.21283547257876312
0.0
0.20327604726100967
0.160367722165475
0.0
0.0
0.0
0.0
0.0
0.0
0.0
0.0
0.0
0.0
0.0
0.0
0.0
0.0
0.0
0.0
0.0
0.0
0.0
0.0
0.0
0.0
0.0
0.0
0.0
0.0
0.0
0.0
0.0
0.0
0.0
0.0
0.0
0.0
0.0
0.0
0.0
0.0
0.0
0.0
0.0
0.0
0.0
0.0
0.0
0.0
0.0
0.0
0.0
0.0
0.0
0.0
0.0
0.0
0.0
0.0
0.0
0.0
0.0
0.0
0.0
0.0
0.0
0.0
0.0
0.0
0.0
0.0
0.0
0.0
0.0
0.0
0.0
0.0
0.0
0.0
0.0
0.0
0.0
0.0
0.0
0.0
0.0
0.0
0.0
0.0
0.0
0.0
0.0
0.0
0.0
0.0
0.0
0.0
0.0
0.0
0.0
0.0
0.21894712696410135
0.0
0.0
0.0
0.0
0.0
0.0
0.0
0.0
0.0
0.0
0.0
0.0
0.0
0.0
0.0
0.0
0.0
0.0
0.0
0.0
0.0
0.0
0.0
0.0
0.0
0.0
0.0
0.0
0.0
0.0
0.0
0.0
0.0
0.0
0.0
0.0
0.0
0.21099999999999997
0.0
0.0
0.0
0.0
0.0
0.0
0.0
0.2743656627934551
0.0
0.0
0.0
0.0
0.13875692794932704
0.0
0.0
0.0
0.0
0.0
0.0
0.0
0.0
0.0
0.0
0.0
0.0
0.0
0.0
0.0
0.0
0.0
0.0
0.0
0.0
0.0
0.0
0.0
0.0
0.0
0.0
0.0
0.0
0.0
0.0
0.0
0.0
0.0
0.0
0.0
0.0
0.0
0.23127826182860922
0.0
0.2783528870485392
0.2782318406814781
0.0
0.0
0.0
0.0
0.0
0.0
0.0
0.0
0.0
0.0
0.0
0.0
0.0
0.0
0.0
0.0
0.0
0.0
0.0
0.0
0.0
0.0
0.0
0.0
0.0
0.0
0.0
0.0
0.0
0.0
0.2783528870485392
0.0
0.0
0.0
0.13019999999999998
0.0
0.0
0.0
0.0
0.0
0.0
0.0
0.0
0.0
0.0
0.21908694654737326
0.0
0.1738476268636302
0.0
0.2783528870485392
0.2783528870485392
0.2783528870485392
0.2783528870485392
0.2783528870485392
0.2783528870485392
0.2783528870485392
0.2783528870485392
0.23300733496332515
0.0
0.0
0.0
0.0
0.0
0.0
0.0
0.0
0.0
0.0
0.0
0.12183211248631809
0.0
0.0
0.0
0.0
0.0
0.0
0.2783528870485392
0.23300733496332515
0.2783528870485392
0.23300733496332515
0.2783528870485392
0.2783528870485392
0.23300733496332515
0.23300733496332515
0.23300733496332515
0.2783528870485392
0.23300733496332515
0.0
0.0
0.0
0.0
0.0
0.0
0.0
0.0
0.0
0.0
0.0
0.0
0.0
0.0
0.0
0.0
0.0
0.0
0.0
0.0
0.0
0.2783528870485392
0.2783528870485392
0.2783528870485392
0.2783528870485392
0.2783528870485392
0.2783528870485392
0.2783528870485392
0.2783528870485392
0.2783528870485392
0.2783528870485392
0.2783528870485392
0.2783528870485392
0.2783528870485392
0.2783528870485392
0.23300733496332515
0.2783528870485392
0.2783528870485392
0.2783528870485392
0.23300733496332515
0.2783528870485392
0.2783528870485392
0.23300733496332515
0.23300733496332515
0.23300733496332515
0.23300733496332515
0.23300733496332515
0.23300733496332515
0.2783528870485392
0.2783528870485392
0.23300733496332515
0.23300733496332515
0.23300733496332515
0.2783528870485392
0.2783528870485392
0.2783528870485392
0.2783528870485392
0.2783528870485392
0.0
0.0
0.0
0.0
0.0
0.0
0.0
0.0
0.0
0.0
0.0
0.0
0.2783528870485392
0.0
0.0
0.08856717053438368
0.0
0.0
0.0
0.0
0.0
0.2783528870485392
0.23300733496332515
0.0
0.0
0.0
0.0
0.0
0.0
0.0
0.0
0.0
0.0
0.0
0.0
0.0
0.0
0.0
0.2783528870485392
0.2783528870485392
0.0
0.0
0.0
0.0
0.0
0.0
0.0
0.0
0.0
0.0
0.0
0.2783528870485392
0.0
0.0
0.0
0.0
0.0
0.0
0.0
0.0
0.0
0.0
0.0
0.0
0.0
0.0
0.0
0.0
0.0
0.0
0.0
0.0
0.0
0.16929460580912858
0.0
0.0
0.0
0.0
0.0
0.0
0.0
0.0
0.0
0.0
0.0
0.15674557572971726
0.0
0.0
0.0
0.0
0.0
0.0
0.0
0.0
0.0
0.0
0.0
0.0
0.2783528870485392
0.0
0.0
0.0
0.0
0.0
0.20290858725761773
0.0
0.0
0.0
0.0
0.23300733496332515
0.0
0.0
0.0
0.0
0.0
0.0
0.0
0.2192316540142627
0.0
0.0
0.0
0.0
0.0
0.0
0.0
0.0
0.0
0.0
0.0
0.23300733496332515
0.23300733496332515
0.23300733496332515
0.23300733496332515
0.0
0.0
0.0
0.0
0.0
0.0
0.0
0.0
0.0
0.0
0.0
0.0
0.0
0.0
0.0
0.23300733496332515
0.0
0.0
0.0
0.0
0.0
0.0
0.0
0.0
0.0
0.0
0.0
0.0
0.0
0.0
0.0
0.1736130278774496
0.0
0.2192316540142627
0.2192316540142627
0.0
0.0
0.0
0.0
0.23300733496332515
0.0
0.0
0.0
0.0
0.12183211248631809
0.0
0.0
0.0
0.0
0.0
0.0
0.0
0.0
0.0
0.0
0.0
0.0
0.0
0.0
0.0
0.0
0.0
0.0
0.0
0.0
0.0
0.0
0.0
0.0
0.0
0.0
0.0
0.0
0.0
0.0
0.0
0.0
0.0
0.0
0.0
0.0
0.0
0.0
0.0
0.0
0.0
0.0
0.2783528870485392
0.0
0.0
0.0
0.0
0.0
0.0
0.0
0.0
0.0
0.0
0.0
0.0
0.0
0.0
0.0
0.0
0.0
0.0
0.0
0.0
0.0
0.0
0.0
0.0
0.0
0.0
0.0
0.0
0.0
0.25081511894698705
0.0
0.22775978071268377
0.0
0.0
0.2783528870485392
0.0
0.0
0.0
0.0
0.0
0.0
0.0
0.1696700859439978
0.0
0.0
0.0
0.0
0.0
0.0
0.0
0.0
0.0
0.0
0.0
0.0
0.0
0.14676721128334036
0.0
0.0
0.0
0.0
0.0
0.14629034511666894
0.0
0.0
0.0
0.0
0.0
0.0
0.0
0.0
0.0
0.0
0.0
0.0
0.0
0.0
0.0
0.0
0.0
0.0
0.0
0.0
0.0
0.0
0.0
0.0
0.0
0.0
0.0
0.0
0.0
0.0
0.0
0.0
0.0
0.0
0.0
0.0
0.0
0.0
0.0
0.0
0.0
0.0
0.0
0.0
0.0
0.0
0.0
0.0
0.0
0.0
0.0
0.0
0.0
0.0
0.0
0.0
0.0
0.0
0.0
0.0
0.0
0.0
0.0
0.0
0.0
0.0
0.0
0.0
0.0
0.0
0.0
0.0
0.0
0.0
0.0
0.0
0.0
0.0
0.0
0.0
0.0
0.0
0.0
0.0
0.0
0.0
0.0
0.0
0.0
0.0
0.0
0.0
0.0
0.0
0.0
0.0
0.0
0.0
0.0
0.0
0.0
0.0
0.0
0.0
0.0
0.0
0.0
0.0
0.0
0.0
0.0
0.0
0.0
0.0
0.0
0.0
0.0
0.0
0.0
0.0
0.0
0.0
0.0
0.0
0.0
0.2783528870485392
0.0
0.0
0.0
0.2783528870485392
0.23300733496332515
0.0
0.0
0.37152580828133863
0.0
0.0
0.0
0.0
0.0
0.0
0.0
0.0
0.1554537646722015
0.15989092711948438
0.0
0.0
0.0
0.14633123689727467
0.0
0.0
0.0
0.2783528870485392
0.14629034511666894
0.0
0.0
0.0
0.16948213791193578
0.1502026635784598
0.17027176927343313
0.0
0.20385818561001046
0.0
0.2783528870485392
0.0
0.0
0.0
0.0
0.14629034511666894
0.0
0.0
0.37152580828133863
0.0
0.0
0.0
0.0
0.0
0.0
0.14633123689727467
0.0
0.0
0.0
0.0
0.0
0.0
0.0
0.256524506683641
0.256524506683641
0.256524506683641
0.2560509554140128
0.2635997900997027
0.2560509554140128
0.2560509554140128
0.2560509554140128
0.0
0.14633123689727467
0.0
0.2560509554140128
0.1448971020579588
0.0
0.0
0.0
0.0
0.0
0.14485654303708884
0.14629034511666894
0.14629034511666894
0.0
0.14633123689727467
0.0
0.14474423833614392
0.0
0.0
0.0
0.0
0.0
0.14633123689727467
0.2783528870485392
0.0
0.1448971020579588
0.0
0.0
0.0
0.0
0.0
0.0
0.0
0.2192316540142627
0.0
0.0
0.1554537646722015
0.0
0.0
0.0
0.0
0.0
0.0
0.0
0.0
0.0
0.2783528870485392
0.0
0.0
0.0
0.0
0.0
0.0
0.0
0.0
0.0
0.0
0.0
0.0
0.0
0.0
0.0
0.0
0.0
0.0
0.0
0.0
0.0
0.0
0.0
0.0
0.0
0.0
0.0
0.0
0.08856717053438368
0.0
0.0
0.0
0.0
0.0
0.0
0.0
0.0
0.16948213791193578
0.0
0.0
0.0
0.0
0.0
0.0
0.0
0.2783528870485392
0.17027176927343313
0.0
0.0
0.0
0.0
0.23300733496332515
0.0
0.0
0.0
0.0
0.0
0.0
0.0
0.0
0.0
0.0
0.0
0.0
0.0
0.0
0.0
0.0
0.0
0.0
0.0
0.0
0.0
0.0
0.0
0.0
0.0
0.0
0.0
0.0
0.0
0.0
0.0
0.0
0.0
0.0
0.0
0.0
0.0
0.0
0.0
0.0
0.0
0.0
0.0
0.0
0.0
0.0
0.0
0.0
0.0
0.0
0.16335995877351195
0.0
0.0
0.0
0.0
0.0
0.0
0.17532289090409459
0.0
0.0
0.0
0.0
0.0
0.0
0.17027176927343313
0.17537108301264426
