0.0
0.0
0.019969278033794113
0.01216469120399255
0.0
0.0
0.0
0.07250437828371281
0.0
0.021436753395516317
0.0
0.01075847229693383
0.0
0.0
0.05505279034690802
0.0
0.037404012880852155
0.20319930825767407
0.0
0.0
0.0
0.018493459630130826
0.06350989371813709
0.07250437828371281
0.036969420356001814
0.0
0.04885993485342022
0.0
0.018432441096329577
0.0
0.02219659844335542
0.019035116508040684
0.01105083383564398
0.021599532983070602
0.02100368767035432
0.01628468033775632
0.04827114002054089
0.050397877984084904
0.0
0.035348837209302375
0.011990407673860948
0.07953626314370454
0.16212438853948286
0.015179113539769307
0.05183503594400307
0.04271570014144277
0.047298560478594154
0.013081837541831454
0.07250437828371281
0.012987012987012991
0.0
0.02352266207687892
0.04767246214245657
0.053708439897698246
0.00686856072432096
0.0
0.15907498248072882
0.019969278033794113
0.0179924242424242
0.030583873957367946
0.051751592356687914
0.018743667679837928
0.0
0.011448081944165467
0.01640340218712033
0.01310861423220977
0.0
0.05183503594400307
0.0
0.021429739898576772
0.0
0.023094688221709014
0.0
0.0
0.0
0.013073882639100032
0.021443771484694674
0.018724696356275272
0.0
0.0
0.0
0.0
0.0
0.018653690186536953
0.023081361800346256
0.010195758564437218
0.0
0.0326153846153846
0.01245033112582783
0.0
0.0
0.018200202224469164
0.0
0.05183503594400307
0.013763129300977894
0.0460792239288601
0.07515233581584291
0.0
0.01650943396226412
0.008916001877052993
0.0
0.015422578655151176
0.015318627450980338
0.0
0.01310861423220977
0.019969278033794113
0.011884550084889645
0.09510086455331412
0.010799136069114423
0.050397877984084904
0.0
0.05477424130273867
0.07481481481481478
0.0
0.018227848101265876
0.0
0.016177351707609366
0.013011152416356864
0.0
0.14972213141549529
0.021436753395516317
0.04451202654133257
0.08058608058608063
0.02352266207687892
0.019035116508040684
0.0
0.04280155642023342
0.01845018450184499
0.013019218846869185
0.1458153580672994
0.06186984417965169
0.06544101553950532
0.0
0.0
0.0
0.04827114002054089
0.026748971193415683
0.02099695464016671
0.0
0.04406779661016946
0.032635467980295596
0.017447971410552876
0.07998922704012923
0.0
0.021621621621621623
0.07515233581584291
0.0
0.0
0.0
0.0
0.0
0.0
0.0
0.0
0.0
0.0
0.0
0.0
0.0
0.0
0.0
0.0
0.0
0.0
0.0
0.0
0.0
0.0
0.0
0.0
0.0
0.0
0.0
0.0
0.0
0.0
0.0
0.0
0.0
0.0
0.0
0.0
0.0
0.0
0.0
0.0
0.0
0.0
0.0
0.0
0.0
0.0
0.0
0.0
0.0
0.0
0.0
0.0
0.0
0.0
0.15902140672782872
0.009821607536580457
0.05232191636898509
0.1537386443046821
0.0
0.0
0.15902140672782872
0.15902140672782872
0.0
0.0704296974319858
0.01741521539871682
0.0
0.06295289855072461
0.06295289855072461
0.07340116279069764
0.0
0.053809270111880636
0.0
0.04392624728850325
0.057039711191335773
0.07519884309472158
0.06114130434782605
0.021212121212121238
0.019457245263696854
0.0196714662340296
0.03446680545917191
0.02007047648230431
0.01925925925925931
0.07492581602373882
0.0
0.057445798385820535
0.0
0.07517166606432957
0.021222839818089922
0.061549262813011985
0.07519884309472158
0.0
0.01902630106323444
0.0
0.06295289855072461
0.07492581602373882
0.0
0.0767009565060458
0.07437407952871866
0.07586705202312138
0.05310199789695058
0.07519884309472158
0.0
0.09707410445720532
0.04371145079109684
0.021350259665320226
0.0
0.07519884309472158
0.0
0.025300705101617638
0.0
0.05777133188300698
0.06252831898504763
0.0
0.1610284167794317
0.07519884309472158
0.0
0.0
0.0
0.026942774437764383
0.0
0.06295289855072461
0.0
0.0
0.06295289855072461
0.07478515267873465
0.06295289855072461
0.07340116279069764
0.0
0.07586705202312138
0.0
0.08549096238397658
0.01504556050010597
0.0767009565060458
0.028960817717206155
0.017020382433284298
0.06295289855072461
0.07492581602373882
0.0
0.010429916051895138
0.0
0.06295289855072461
0.019298245614035037
0.07492581602373882
0.10399297937691965
0.06295289855072461
0.0
0.07390798870619497
0.0
0.0
0.08552301255230121
0.054444444444444406
0.0
0.028186580194562216
0.022090517241379337
0.02007047648230431
0.07415565345080766
0.07519884309472158
0.0
0.0
0.05765983112183348
0.06295289855072461
0.07596330275229357
0.0
0.017027538364515427
0.05173515009580587
0.021827000808407382
0.0610438024231128
0.010314465408804985
0.06295289855072461
0.061318579990779165
0.0
0.06252831898504763
0.0
0.023001725129384698
0.0
0.07452966714905929
0.056041131105398434
0.016727272727272702
0.06808199121522696
0.0
0.01925925925925931
0.06295289855072461
0.02085025724343348
0.0
0.06553343770968467
0.10063575748178011
0.07452966714905929
0.0
0.0
0.06252831898504763
0.0
0.06132958801498123
0.011794981771391821
0.014298093587521654
0.1914396887159533
0.0
0.06295289855072461
0.016517225106182143
0.057410521258707714
0.09265358728340256
0.1831869510664994
0.022090517241379337
0.0767009565060458
0.03519970818894769
0.0119760479041916
0.0
0.07586705202312138
0.0
0.0
0.07452966714905929
0.0
0.0
0.03122043519394513
0.0
0.0
0.017027538364515427
0.0626506024096386
0.07180385288966729
0.05433962264150949
0.057719380572501144
0.0
0.0
0.20048985304408673
0.0
0.07492581602373882
0.0
0.06252831898504763
0.0
0.021031403053874964
0.01925925925925931
0.0
0.021031403053874964
0.07473177950425458
0.0
0.0
0.0
0.03325942350332589
0.05082564872399742
0.021827000808407382
0.0
0.0
0.0
0.0
0.0
0.0
0.0
0.0
0.0
0.0
0.0
0.0
0.0
0.0
0.0
0.0
0.0
0.0
0.0
0.0
0.0
0.0
0.0
0.0
0.0
0.0
0.0
0.0
0.0
0.0
0.0
0.0
0.0
0.0
0.0
0.0
0.0
0.0
0.0
0.0
0.0
0.0
0.0
0.0
0.0
0.0
0.0
0.0
0.0
0.0
0.0
0.0
0.0
0.0
0.0
0.0
0.0
0.0
0.0
0.030077056922694467
0.019969278033794113
0.019969278033794113
0.02352266207687892
0.01640340218712033
0.020618556701030966
0.01582471089470483
0.0
0.0
0.05183503594400307
0.035247299602046644
0.0
0.054913294797687806
0.01843835177168507
0.013317892298783995
0.0
0.025344597598932816
0.16212438853948286
0.021739130434782594
0.008085381630012933
0.05183503594400307
0.0
0.0
0.050397877984084904
0.01854024876789484
0.04885993485342022
0.02639593908629445
0.02352266207687892
0.0
0.19726634650905062
0.03202134756504338
0.02350917431192656
0.010538417321325877
0.0091324200913242
0.16212438853948286
0.00840728631480614
0.047298560478594154
0.018766756032171594
0.0
0.0
0.015198834062044586
0.00686856072432096
0.01311680199875076
0.014860681114551078
0.019969278033794113
0.039955910719206345
0.04895104895104896
0.021443771484694674
0.007279947054930513
0.0352831940575673
0.012925349512002082
0.05183503594400307
0.05205013809220305
0.0
0.28045714285714285
0.0
0.0
0.0057856272838002765
0.0
0.0
0.018438999747410922
0.011599511599511558
0.0
0.03122043519394513
0.0
0.022941970310391357
0.045226130653266305
0.013243546576879872
0.01105083383564398
0.06143424433543565
0.02164502164502169
0.00894538606403017
0.012490362374710906
0.18617021276595747
0.0431769722814499
0.0
0.04478816408876929
0.0
0.0
0.019969278033794113
0.020618556701030966
0.015422578655151176
0.031858407079646045
0.08058608058608063
0.031080414405525447
0.0
0.0
0.022877478393492634
0.0
0.13797415589829098
0.09510086455331412
0.013081837541831454
0.014823965410747375
0.07481481481481478
0.2195121951219512
0.030829353017802874
0.07515233581584291
0.021443771484694674
0.021436753395516317
0.020615932807330095
0.0
0.03228442991418068
0.13958664546899846
0.018209029683212807
0.14972213141549529
0.013081837541831454
0.0
0.00911854103343468
0.013763129300977894
0.011048234977095173
0.01946721311475408
0.014860681114551078
0.0
0.05831944775053555
0.061549262813011985
0.0
0.01845018450184499
0.0
0.0
0.0
0.024381024381024408
0.04219409282700426
0.0
0.051751592356687914
0.018874117840144478
0.018874117840144478
0.0
0.0
0.009201171058134672
0.15842583249243192
0.0
0.037404012880852155
0.0
0.0
0.0
0.0
0.0
0.0
0.0
0.0
0.0
0.0
0.0
0.0
0.0
0.0
0.0
0.0
0.0
0.0
0.0
0.0
0.0
0.0
0.0
0.0
0.0
0.0
0.0
0.0
0.0
0.0
0.0
0.0
0.0
0.0
0.0
0.0
0.0
0.0
0.0
0.0
0.0
0.0
0.0
0.0
0.0
0.0
0.0
0.0
0.0
0.0
0.0
0.0
0.0
0.0
0.0
0.0
0.0
0.01843835177168507
0.0
0.02064095600217275
0.01680216802168022
0.012798138452588703
0.0
0.05540166204986152
0.06015891032917142
0.023832221163012424
0.010604192355117115
0.04133908191732183
0.018443926224295137
0.051541945223204655
0.0
0.0
0.028622540250447193
0.0
0.05540166204986152
0.04427017455097393
0.0
0.0528497409326425
0.032258064516129004
0.057598299681190235
0.02100368767035432
0.01865974363134837
0.02064095600217275
0.01859570375120234
0.08940972222222221
0.016204913748039673
0.021436753395516317
0.0
0.010061156046557551
0.018613607188703418
0.0
0.0
0.021443771484694674
0.0
0.017556693489392816
0.057573826216273605
0.00979221399570096
0.02060737527114964
0.032258064516129004
0.041011091049780735
0.021161150298426468
0.2171458811077791
0.0
0.0
0.018874117840144478
0.051724137931034475
0.0357142857142857
0.024919614147909996
0.0580262600592969
0.0
0.021443771484694674
0.021436753395516317
0.2171458811077791
0.0
0.09616213885295388
0.0
0.021443771484694674
0.016357688113413316
0.0
0.041011091049780735
0.0
0.03288364249578413
0.021436753395516317
0.018786127167630062
0.0
0.017139796464917034
0.02060737527114964
0.02820596917021978
0.019035116508040684
0.010823812387251941
0.02137492778740613
0.0
0.010974244120940613
0.023405500292568715
0.019035116508040684
0.02100368767035432
0.019035116508040684
0.05540166204986152
0.0
0.010935059138585168
0.016700066800267255
0.019035116508040684
0.057573826216273605
0.0
0.021443771484694674
0.0
0.0
0.009402914903620108
0.034055727554179516
0.0
0.0
0.016357688113413316
0.14861887815624475
0.013267510027769158
0.02100368767035432
0.014880952380952328
0.0
0.0
0.0
0.06015891032917142
0.0
0.018084393837910273
0.027472527472527486
0.018462032428961273
0.021443771484694674
0.0
0.05797474877608866
0.021443771484694674
0.05128205128205132
0.0
0.0
0.041011091049780735
0.0
0.018462032428961273
0.021222839818089922
0.02100368767035432
0.010935059138585168
0.020618556701030966
0.05540166204986152
0.08191463113742903
0.0
0.018462032428961273
0.0
0.04572772406584791
0.021443771484694674
0.0
0.03771849126034954
0.023677287342882214
0.018665801006330196
0.03394255874673624
0.04424778761061943
0.0
0.02100368767035432
0.020618556701030966
0.037649219467401296
0.021222839818089922
0.059208986660425955
0.0
0.018837284832737944
0.0
0.05434782608695654
0.0
0.023677287342882214
0.030583873957367946
0.0
0.0
0.0
0.028544688816097286
0.0
0.0
0.04154045867589784
0.0
0.01843835177168507
0.03288364249578413
0.021046950890447946
0.0
0.0
0.0
0.015748031496062964
0.0
0.010993942113529331
0.012798138452588703
0.09560723514211888
0.08449548810500407
0.0
0.018462032428961273
0.0
0.0627406568516421
0.01279069767441865
0.021035598705501646
0.0
0.0
0.0
0.016138673042438767
0.0
0.0
0.04572772406584791
0.021443771484694674
0.021436753395516317
0.0
0.054382597568777946
0.0
0.020618556701030966
0.016625783592259524
0.059590316573556845
0.009215554057091513
0.019721019721019695
0.018462032428961273
0.021436753395516317
0.0
0.0
0.021046950890447946
0.020618556701030966
0.021222839818089922
0.0
0.057598299681190235
0.0
0.1847227322805729
0.0
0.021443771484694674
0.013909224011713017
0.0
0.021443771484694674
0.0
0.0
0.01830357142857142
0.02100368767035432
0.09560723514211888
0.0
0.035348837209302375
0.047894854087770056
0.0
0.0
0.018665801006330196
0.009754936949797788
0.03465931469082317
0.0
0.08760060655546487
0.01685891748003554
0.036658141517476595
0.0722003929273084
0.0
0.01524267950260727
0.027185892725936855
0.0
0.049543676662320735
0.02998038666293079
0.0
0.0
0.0
0.021229050279329642
0.043653705062362436
0.0
0.027185892725936855
0.0
0.0
0.0
0.0
0.0
0.0
0.0
0.0
0.0
0.0
0.0
0.0
0.0
0.0
0.0
0.0
0.0
0.0
0.0
0.0
0.0
0.0
0.0
0.007477786575173728
0.05687986783101251
0.18506609503394067
0.0
0.021524663677130018
0.009479768786127218
0.04767246214245657
0.012113055181695809
0.2192636423405654
0.0286250586579071
0.01068910620877872
0.0
0.0
0.08859629546976122
0.0
0.0
0.041435068216270854
0.017806935332708496
0.05685303137532438
0.1946097304865243
0.06032818532818529
0.010398173979203618
0.0
0.0286250586579071
0.02970297029702973
0.1939096954847742
0.0
0.035247299602046644
0.05781584582441113
0.13716012084592144
0.05475504322766567
0.04167719120990154
0.1957438265408552
0.0
0.041435068216270854
0.0
0.028711056811240088
0.0
0.0
0.19543859649122808
0.0
0.08905506458191703
0.0
0.009819593514501013
0.06280991735537189
0.03212172442941674
0.0
0.21931986200098574
0.0
0.0
0.0
0.041435068216270854
0.0
0.04767246214245657
0.19518156424581
0.0
0.032855939342881224
0.0
0.0
0.0
0.13691194209891433
0.0
0.035247299602046644
0.05717674970344011
0.0
0.0
0.057421968072432716
0.035621198957428324
0.0
0.04264705882352937
0.009613130128956593
0.04110946012877659
0.19466853735531398
0.030231645072634428
0.0
0.0
0.06914082358922213
0.022260769008383918
0.08905506458191703
0.0
0.058546908064895375
0.041435068216270854
0.0
0.0
0.05155951623169952
0.0
0.02219659844335542
0.01685144124168514
0.0
0.041435068216270854
0.0
0.04271418110812786
0.19583627381792523
0.0
0.0
0.19943250912038912
0.0
0.05851693911395406
0.0
0.0
0.041192822845590116
0.011890883655863882
0.0
0.0
0.08847782482727884
0.0
0.19869174161896974
0.0
0.0
0.017806935332708496
0.0
0.0
0.035247299602046644
0.2193040052527906
0.0
0.0
0.0
0.0
0.0
0.05781584582441113
0.0
0.0542082738944365
0.08905506458191703
0.0
0.19799999999999995
0.0
0.0
0.017806935332708496
0.0
0.0
0.0
0.0
0.010220304337951402
0.0
0.13724304715840385
0.08901472253680631
0.05773342836778328
0.0
0.0
0.0
0.0
0.0286250586579071
0.04767246214245657
0.08923353562598335
0.0
0.0
0.01710120549481353
0.021927293710328866
0.0
0.0
0.0
0.1939096954847742
0.0
0.02219659844335542
0.10242243943901408
0.041435068216270854
0.01704035874439458
0.0
0.0
0.05475504322766567
0.0
0.0
0.0
0.0
0.0
0.19470899470899472
0.045725646123260466
0.0
0.0
0.04248046875
0.010220304337951402
0.08905506458191703
0.0
0.030456852791878153
0.0
0.0
0.0
0.04069106615139806
0.0
0.0693773824650572
0.0
0.02219659844335542
0.0
0.0
0.022556390977443663
0.035247299602046644
0.0
0.0
0.0
0.013844515441959526
0.0
0.056899004267425335
0.05882352941176472
0.009316064530788482
0.0
0.0
0.0
0.06255166712592997
0.05475504322766567
0.1939096954847742
0.04201270151441139
0.19799999999999995
0.0
0.017806935332708496
0.08905506458191703
0.0
0.05781584582441113
0.009081309398099258
0.0
0.0
0.21931986200098574
0.013246234803121038
0.0
0.05687986783101251
0.0
0.19564835936129144
0.0
0.0
0.0
0.0
0.0
0.0
0.0
0.0
0.0
0.13609112709832138
0.041435068216270854
0.0
0.0
0.0
0.2192636423405654
0.0
0.0
0.0
0.0
0.058546908064895375
0.0
0.0
0.0
0.0
0.0
0.0
0.0
0.0
0.0
0.0
0.0
0.0
0.0
0.0
0.0
0.0
0.0
0.0
0.0
0.0
0.0
0.0
0.0
0.0
0.0
0.0
0.0
0.0
0.0
0.0
0.0
0.0
0.0
0.0
0.0
0.0
0.0
0.0
0.0
0.0
0.0
0.0
0.0
0.0
0.0
0.0
0.0
0.0
0.0
0.0
0.0
0.0
0.0
0.0
0.0
0.0
0.0
0.0
0.0
0.0
0.0
0.0
0.0
0.0
0.0
0.0
0.0
0.0
0.0
0.0
0.0
0.0
0.0
0.0
0.0
0.0
0.0
0.0
0.0
0.0
0.0
0.0
0.0
0.0
0.0
0.0
0.0
0.0
0.0
0.0
0.0
0.0
0.0
0.0
0.0
0.0
0.0
0.0
0.0
0.0
0.0
0.0
0.0
0.0
0.0
0.0
0.0
0.0
0.0
0.0
0.0
0.0
0.0
0.0
0.0
0.0
0.0
0.0
0.0
0.0
0.0
0.0
0.0
0.0
0.0
0.0
0.0
0.0
0.0
0.0
0.0
0.0
0.0
0.0
0.0
0.0
0.0
0.0
0.0
0.0
0.0
0.0
0.0
0.0
0.0
0.0
0.0
0.0
0.0
0.0
0.0
0.0
0.0
0.0
0.0
0.0
0.0
0.0
0.0
0.0
0.0
0.0
0.0
0.0
0.0
0.0
0.0
0.0
0.0
0.0
0.0
0.0
0.0
0.0
0.0
0.0
0.0
0.0
0.0
0.011246485473289547
0.008284501919579745
0.0
0.0
0.04877555150779189
0.05097035615269785
0.0362723214285714
0.015316404675534079
0.02913631633714875
0.029121164846593883
0.046028355020392264
0.051070141979232875
0.02319416832339294
0.033799237611181754
0.03349282296650713
0.04802431610942248
0.0
0.0
0.0
0.0
0.0
0.0
0.0
0.0094290204295443
0.011642156862745057
0.0
0.0
0.05113268608414234
0.01317582916855975
0.0
0.010096930533117887
0.0
0.0
0.043604125203546173
0.0
0.0
0.03711634546752318
0.0
0.0
0.0
0.0
0.0
0.0
0.0
0.0
0.017729558084149222
0.05743043220840738
0.040164778578784754
0.06333973128598847
0.06366416458159574
0.017720179846601458
0.0
0.011386861313868568
0.0
0.011386861313868568
0.011117612638970154
0.01062215477996964
0.01044083526682138
0.01055662188099804
0.009640666082383897
0.013472137170851162
0.011349306431273631
0.017400962606442083
0.0
0.009651945013161689
0.009146341463414642
0.009146341463414642
0.021881838074398252
0.09325194981349605
0.09325194981349605
0.09325194981349605
0.06215213358070504
0.09325194981349605
0.0
0.012179887570268555
0.023050711565444026
0.0228388473852722
0.018195321203119175
0.016682113067655213
0.0
0.017556966753828895
0.017556966753828895
0.018195321203119175
0.016295025728988
0.011508951406649648
0.012256669069935167
0.011832427246562194
0.01937352887923227
0.1306042884990254
0.0
0.0
0.007793127878143791
0.025482625482625476
0.024224394390140236
0.0217258883248731
0.008641382621219384
0.03802634019662399
0.0166703711935986
0.265938864628821
0.17070063694267512
0.0
0.02518891687657432
0.06670419363917812
0.008776206728425162
0.008519912819496711
0.007859623469201216
0.008519912819496711
0.10215053763440862
0.0092238470191226
0.05905746669317957
0.0
0.01518602885345477
0.05174190888476604
0.019316493313521588
0.0
0.028547439126784258
0.028547439126784258
0.028547439126784258
0.028547439126784258
0.028547439126784258
0.028547439126784258
0.028547439126784258
0.028547439126784258
0.028547439126784258
0.028547439126784258
0.028547439126784258
0.028547439126784258
0.028547439126784258
0.028547439126784258
0.028547439126784258
0.028547439126784258
0.028547439126784258
0.028547439126784258
0.028547439126784258
0.028547439126784258
0.028547439126784258
0.028547439126784258
0.028547439126784258
0.028547439126784258
0.028547439126784258
0.028547439126784258
0.02830974188176516
0.02849958088851634
0.028547439126784258
0.028404344193817876
0.020604395604395642
0.009180120291231386
0.008917197452229297
0.023761809332951578
0.02102102102102099
0.008917197452229297
0.008917197452229297
0.010267968945654848
0.017814981755741588
0.03589743589743588
0.02471169686985175
0.014345991561181437
0.05551515151515152
0.01655907942744883
0.014345991561181437
0.00782537067545308
0.021387283236994237
0.021511627906976694
0.014345991561181437
0.017383669885864816
0.04201680672268904
0.009640666082383897
0.03206751054852319
0.03153526970954357
0.03153526970954357
0.03153526970954357
0.03153526970954357
0.191673894189072
0.1920233797490115
0.0
0.02321582115219256
0.031561461794019974
0.02495697074010328
0.031561461794019974
0.09331523583305057
0.009146341463414642
0.0124760076775432
0.08513263417643435
0.03204047217537942
0.010918774966711009
0.1597693351424695
0.0
0.02640722724113964
0.02454780361757103
0.028404344193817876
0.0
0.1927374301675978
