0.0
0.0
0.19490344415687832
0.0
0.19490344415687832
0.0
0.0
0.0
0.0
0.0
0.0
0.0
0.0
0.0
0.0
0.0
0.0
0.0
0.12072163210251219
0.0
0.0
0.0
0.0
0.0
0.0
0.0
0.0
0.0
0.0
0.0
0.0
0.0
0.0
0.0
0.0
0.0
0.0
0.0
0.0
0.0
0.0
0.0
0.0
0.0
0.0
0.14527027027027029
0.0
0.0
0.0
0.0
0.22271321254971277
0.22345782626940836
0.17847821722545676
0.12807135644564116
0.0
0.0
0.12072163210251219
0.12072163210251219
0.0
0.12072163210251219
0.0
0.12072163210251219
0.12072163210251219
0.14373880151303997
0.12072163210251219
0.12072163210251219
0.12618963694043006
0.0
0.12072163210251219
0.12072163210251219
0.12072163210251219
0.12072163210251219
0.12072163210251219
0.12072163210251219
0.12072163210251219
0.12072163210251219
0.0
0.12072163210251219
0.12072163210251219
0.12618963694043006
0.12072163210251219
0.0
0.12072163210251219
0.12072163210251219
0.12072163210251219
0.12072163210251219
0.12072163210251219
0.14373880151303997
0.12072163210251219
0.12072163210251219
0.12072163210251219
0.12072163210251219
0.12072163210251219
0.12072163210251219
0.12072163210251219
0.12072163210251219
0.12072163210251219
0.12072163210251219
0.12072163210251219
0.12072163210251219
0.12072163210251219
0.12072163210251219
0.12618963694043006
0.12618963694043006
0.12618963694043006
0.12618963694043006
0.12072163210251219
0.12618963694043006
0.12618963694043006
0.12618963694043006
0.12072163210251219
0.12072163210251219
0.12072163210251219
0.12072163210251219
0.12072163210251219
0.14373880151303997
0.12072163210251219
0.0
0.12072163210251219
0.12072163210251219
0.12072163210251219
0.12072163210251219
0.12072163210251219
0.12072163210251219
0.12618963694043006
0.12072163210251219
0.12072163210251219
0.12190269488153371
0.12072163210251219
0.12072163210251219
0.12072163210251219
0.0
0.12618963694043006
0.12072163210251219
0.14373880151303997
0.12618963694043006
0.0
0.12072163210251219
0.0
0.12072163210251219
0.0
0.0
0.12072163210251219
0.12072163210251219
0.12072163210251219
0.12072163210251219
0.12072163210251219
0.12072163210251219
0.12072163210251219
0.12072163210251219
0.12072163210251219
0.12072163210251219
0.12072163210251219
0.12072163210251219
0.12072163210251219
0.19490344415687832
0.12072163210251219
0.12072163210251219
0.0
0.1785283474065139
0.0
0.0
0.0
0.0
0.0
0.0
0.0
0.0
0.0
0.0
0.0
0.0
0.0
0.0
0.0
0.0
0.0
0.0
0.0
0.0
0.0
0.0
0.0
0.0
0.0
0.0
0.0
0.0
0.0
0.0
0.0
0.0
0.0
0.0
0.0
0.0
0.0
0.0
0.0
0.0
0.0
0.0
0.0
0.0
0.0
0.0
0.0
0.0
0.0
0.0
0.0
0.0
0.0
0.0
0.0
0.0
0.0
0.0
0.0
0.0
0.0
0.19902912621359226
0.0
0.0
0.0
0.0
0.0
0.0
0.0
0.0
0.0
0.19074550128534706
0.0
0.0
0.0
0.0
0.0
0.0
0.0
0.0
0.0
0.0
0.0
0.0
0.0
0.0
0.0
0.0
0.0
0.0
0.0
0.0
0.0
0.0
0.0
0.0
0.0
0.0
0.0
0.0
0.0
0.0
0.0
0.0
0.0
0.0
0.0
0.0
0.0
0.0
0.0
0.0
0.0
0.0
0.0
0.20783750512925725
0.0
0.0
0.0
0.17483166937543537
0.0
0.0
0.0
0.0
0.0
0.0
0.0
0.0
0.0
0.0
0.0
0.0
0.0
0.0
0.0
0.0
0.0
0.0
0.0
0.0
0.0
0.0
0.0
0.0
0.0
0.0
0.0
0.0
0.0
0.0
0.0
0.0
0.0
0.0
0.0
0.0
0.0
0.0
0.0
0.0
0.0
0.0
0.0
0.0
0.0
0.0
0.0
0.0
0.0
0.0
0.0
0.0
0.0
0.0
0.0
0.0
0.0
0.0
0.0
0.0
0.0
0.0
0.0
0.0
0.0
0.0
0.0
0.0
0.0
0.0
0.0
0.0
0.0
0.0
0.0
0.0
0.0
0.0
0.0
0.0
0.0
0.0
0.0
0.0
0.0
0.0
0.0
0.0
0.0
0.0
0.0
0.0
0.0
0.0
0.1785283474065139
0.0
0.0
0.0
0.0
0.0
0.0
0.0
0.0
0.0
0.0
0.0
0.0
0.0
0.0
0.1785283474065139
0.0
0.0
0.0
0.0
0.0
0.0
0.0
0.0
0.0
0.0
0.0
0.0
0.0
0.16652971788551085
0.0
0.0
0.15463917525773196
0.0
0.0
0.0
0.0
0.0
0.0
0.0
0.0
0.0
0.0
0.0
0.0
0.0
0.0
0.0
0.0
0.0
0.0
0.0
0.0
0.0
0.0
0.0
0.0
0.1555783009211873
0.15675261679857033
0.15762538382804503
0.1842105263157895
0.15597742432016415
0.16753353408157678
0.16808102929099367
0.1389473684210526
0.17104939788645857
0.0
0.19243331518780615
0.15475578406169666
0.0
0.0
0.0
0.0
0.0
0.0
0.0
0.0
0.0
0.0
0.0
0.0
0.0
0.0
0.0
0.0
0.0
0.0
0.0
0.0
0.0
0.0
0.0
0.0
0.0
0.0
0.0
0.0
0.0
0.0
0.0
0.0
0.0
0.0
0.0
0.0
0.0
0.0
0.0
0.0
0.0
0.0
0.0
0.0
0.0
0.0
0.0
0.0
0.0
0.0
0.0
0.0
0.0
0.0
0.0
0.0
0.0
0.0
0.0
0.0
0.0
0.0
0.0
0.0
0.0
0.0
0.0
0.0
0.0
0.0
0.0
0.0
0.0
0.0
0.0
0.0
0.0
0.0
0.0
0.0
0.0
0.0
0.0
0.0
0.0
0.0
0.0
0.0
0.0
0.0
0.0
0.0
0.0
0.0
0.0
0.0
0.0
0.0
0.17912246865959502
0.0
0.0
0.0
0.0
0.0
0.0
0.0
0.0
0.0
0.0
0.0
0.0
0.0
0.0
0.0
0.0
0.0
0.0
0.0
0.0
0.0
0.0
0.0
0.0
0.0
0.0
0.0
0.0
0.0
0.0
0.0
0.0
0.0
0.0
0.0
0.0
0.0
0.17898022892819976
0.0
0.0
0.0
0.0
0.0
0.0
0.0
0.24088315554452988
0.0
0.0
0.0
0.0
0.11204081632653062
0.0
0.0
0.0
0.0
0.0
0.0
0.0
0.0
0.0
0.0
0.0
0.0
0.0
0.0
0.0
0.0
0.0
0.0
0.0
0.0
0.0
0.0
0.0
0.0
0.0
0.0
0.0
0.0
0.0
0.0
0.0
0.0
0.0
0.0
0.0
0.0
0.0
0.1522743857942107
0.0
0.24117077890662797
0.24820143884892087
0.0
0.0
0.0
0.0
0.0
0.0
0.0
0.0
0.0
0.0
0.0
0.0
0.0
0.0
0.0
0.0
0.0
0.0
0.0
0.0
0.0
0.0
0.0
0.0
0.0
0.0
0.0
0.0
0.0
0.0
0.24117077890662797
0.0
0.0
0.0
0.12688215217827747
0.0
0.0
0.0
0.0
0.0
0.0
0.0
0.0
0.0
0.0
0.1785714285714286
0.0
0.17010167628469364
0.0
0.24117077890662797
0.24117077890662797
0.24117077890662797
0.24117077890662797
0.24117077890662797
0.24117077890662797
0.24117077890662797
0.24117077890662797
0.19086922878514312
0.0
0.0
0.0
0.0
0.0
0.0
0.0
0.0
0.0
0.0
0.0
0.12072163210251219
0.0
0.0
0.0
0.0
0.0
0.0
0.24117077890662797
0.19086922878514312
0.24117077890662797
0.19086922878514312
0.24117077890662797
0.24117077890662797
0.19086922878514312
0.19086922878514312
0.19086922878514312
0.24117077890662797
0.19086922878514312
0.0
0.0
0.0
0.0
0.0
0.0
0.0
0.0
0.0
0.0
0.0
0.0
0.0
0.0
0.0
0.0
0.0
0.0
0.0
0.0
0.0
0.24117077890662797
0.24117077890662797
0.24117077890662797
0.24117077890662797
0.24117077890662797
0.24117077890662797
0.24117077890662797
0.24117077890662797
0.24117077890662797
0.24117077890662797
0.24117077890662797
0.24117077890662797
0.24117077890662797
0.24117077890662797
0.19086922878514312
0.24117077890662797
0.24117077890662797
0.24117077890662797
0.19086922878514312
0.24117077890662797
0.24117077890662797
0.19086922878514312
0.19086922878514312
0.19086922878514312
0.19086922878514312
0.19086922878514312
0.19086922878514312
0.24117077890662797
0.24117077890662797
0.19086922878514312
0.19086922878514312
0.19086922878514312
0.24117077890662797
0.24117077890662797
0.24117077890662797
0.24117077890662797
0.24117077890662797
0.0
0.0
0.0
0.0
0.0
0.0
0.0
0.0
0.0
0.0
0.0
0.0
0.24117077890662797
0.0
0.0
0.032323688969258635
0.0
0.0
0.0
0.0
0.0
0.24117077890662797
0.19086922878514312
0.0
0.0
0.0
0.0
0.0
0.0
0.0
0.0
0.0
0.0
0.0
0.0
0.0
0.0
0.0
0.24117077890662797
0.24117077890662797
0.0
0.0
0.0
0.0
0.0
0.0
0.0
0.0
0.0
0.0
0.0
0.24117077890662797
0.0
0.0
0.0
0.0
0.0
0.0
0.0
0.0
0.0
0.0
0.0
0.0
0.0
0.0
0.0
0.0
0.0
0.0
0.0
0.0
0.0
0.1618755233044934
0.0
0.0
0.0
0.0
0.0
0.0
0.0
0.0
0.0
0.0
0.0
0.15655172413793106
0.0
0.0
0.0
0.0
0.0
0.0
0.0
0.0
0.0
0.0
0.0
0.0
0.24117077890662797
0.0
0.0
0.0
0.0
0.0
0.1739234449760766
0.0
0.0
0.0
0.0
0.19086922878514312
0.0
0.0
0.0
0.0
0.0
0.0
0.0
0.17900338655055636
0.0
0.0
0.0
0.0
0.0
0.0
0.0
0.0
0.0
0.0
0.0
0.19086922878514312
0.19086922878514312
0.19086922878514312
0.19086922878514312
0.0
0.0
0.0
0.0
0.0
0.0
0.0
0.0
0.0
0.0
0.0
0.0
0.0
0.0
0.0
0.19086922878514312
0.0
0.0
0.0
0.0
0.0
0.0
0.0
0.0
0.0
0.0
0.0
0.0
0.0
0.0
0.0
0.16833333333333333
0.0
0.17900338655055636
0.17900338655055636
0.0
0.0
0.0
0.0
0.19086922878514312
0.0
0.0
0.0
0.0
0.12072163210251219
0.0
0.0
0.0
0.0
0.0
0.0
0.0
0.0
0.0
0.0
0.0
0.0
0.0
0.0
0.0
0.0
0.0
0.0
0.0
0.0
0.0
0.0
0.0
0.0
0.0
0.0
0.0
0.0
0.0
0.0
0.0
0.0
0.0
0.0
0.0
0.0
0.0
0.0
0.0
0.0
0.0
0.0
0.24117077890662797
0.0
0.0
0.0
0.0
0.0
0.0
0.0
0.0
0.0
0.0
0.0
0.0
0.0
0.0
0.0
0.0
0.0
0.0
0.0
0.0
0.0
0.0
0.0
0.0
0.0
0.0
0.0
0.0
0.0
0.18066561014263072
0.0
0.18167414840242935
0.0
0.0
0.24117077890662797
0.0
0.0
0.0
0.0
0.0
0.0
0.0
0.1622377622377622
0.0
0.0
0.0
0.0
0.0
0.0
0.0
0.0
0.0
0.0
0.0
0.0
0.0
0.14233576642335766
0.0
0.0
0.0
0.0
0.0
0.1418539325842697
0.0
0.0
0.0
0.0
0.0
0.0
0.0
0.0
0.0
0.0
0.0
0.0
0.0
0.0
0.0
0.0
0.0
0.0
0.0
0.0
0.0
0.0
0.0
0.0
0.0
0.0
0.0
0.0
0.0
0.0
0.0
0.0
0.0
0.0
0.0
0.0
0.0
0.0
0.0
0.0
0.0
0.0
0.0
0.0
0.0
0.0
0.0
0.0
0.0
0.0
0.0
0.0
0.0
0.0
0.0
0.0
0.0
0.0
0.0
0.0
0.0
0.0
0.0
0.0
0.0
0.0
0.0
0.0
0.0
0.0
0.0
0.0
0.0
0.0
0.0
0.0
0.0
0.0
0.0
0.0
0.0
0.0
0.0
0.0
0.0
0.0
0.0
0.0
0.0
0.0
0.0
0.0
0.0
0.0
0.0
0.0
0.0
0.0
0.0
0.0
0.0
0.0
0.0
0.0
0.0
0.0
0.0
0.0
0.0
0.0
0.0
0.0
0.0
0.0
0.0
0.0
0.0
0.0
0.0
0.0
0.0
0.0
0.0
0.0
0.0
0.24117077890662797
0.0
0.0
0.0
0.24117077890662797
0.19086922878514312
0.0
0.0
0.23374827109266938
0.0
0.0
0.0
0.0
0.0
0.0
0.0
0.0
0.15496992265826415
0.15486284289276808
0.0
0.0
0.0
0.14189379039055916
0.0
0.0
0.0
0.24117077890662797
0.1418539325842697
0.0
0.0
0.0
0.1620564403464655
0.14555193292966928
0.16284275321768327
0.0
0.1998952056588944
0.0
0.24117077890662797
0.0
0.0
0.0
0.0
0.1418539325842697
0.0
0.0
0.23374827109266938
0.0
0.0
0.0
0.0
0.0
0.0
0.14189379039055916
0.0
0.0
0.0
0.0
0.0
0.0
0.0
0.08998831320607714
0.08998831320607714
0.08998831320607714
0.08998831320607714
0.056899641577060955
0.08998831320607714
0.08998831320607714
0.08998831320607714
0.0
0.14189379039055916
0.0
0.08998831320607714
0.1409282700421941
0.0
0.0
0.0
0.0
0.0
0.14088863892013503
0.1418539325842697
0.1418539325842697
0.0
0.14189379039055916
0.0
0.1406382377859362
0.0
0.0
0.0
0.0
0.0
0.14189379039055916
0.24117077890662797
0.0
0.1409282700421941
0.0
0.0
0.0
0.0
0.0
0.0
0.0
0.17900338655055636
0.0
0.0
0.15496992265826415
0.0
0.0
0.0
0.0
0.0
0.0
0.0
0.0
0.0
0.24117077890662797
0.0
0.0
0.0
0.0
0.0
0.0
0.0
0.0
0.0
0.0
0.0
0.0
0.0
0.0
0.0
0.0
0.0
0.0
0.0
0.0
0.0
0.0
0.0
0.0
0.0
0.0
0.0
0.0
0.032323688969258635
0.0
0.0
0.0
0.0
0.0
0.0
0.0
0.0
0.1620564403464655
0.0
0.0
0.0
0.0
0.0
0.0
0.0
0.24117077890662797
0.16284275321768327
0.0
0.0
0.0
0.0
0.19086922878514312
0.0
0.0
0.0
0.0
0.0
0.0
0.0
0.0
0.0
0.0
0.0
0.0
0.0
0.0
0.0
0.0
0.0
0.0
0.0
0.0
0.0
0.0
0.0
0.0
0.0
0.0
0.0
0.0
0.0
0.0
0.0
0.0
0.0
0.0
0.0
0.0
0.0
0.0
0.0
0.0
0.0
0.0
0.0
0.0
0.0
0.0
0.0
0.0
0.0
0.0
0.15728004152608355
0.0
0.0
0.0
0.0
0.0
0.0
0.1730504271149077
0.0
0.0
0.0
0.0
0.0
0.0
0.16284275321768327
0.1730981256890849
