0.338393421884883
0.2069246435845214
0.13983050847457626
0.2149886449659349
0.3168782322519981
0.1449530516431925
0.29992975883867945
0.41517857142857145
0.18664307828394516
0.2184936614466816
0.26641651031894936
0.3
0.2908602150537634
0.4167721518987342
0.07844756399669695
0.12246376811594203
0.35949506037321627
0.1592554291623578
0.09437751004016064
0.2430441898527005
0.24535315985130113
0.30454312114989734
0.3168782322519981
0.21967455621301776
0.40204966495861255
0.404557944076289
0.28827267475447715
0.3045040420890543
0.19401444788441694
0.34775495364479186
0.2158040665434381
0.3
0.3381795195954488
0.14746543778801843
0.2981609195402299
0.23191094619666047
0.13595021541407373
0.16057642820380855
0.26855832616795644
0.2906350914962325
0.3924891990694583
0.22266560255387072
0.39261968085106386
0.148897885739991
0.14746543778801843
0.23319615912208505
0.21042084168336672
0.16124031007751938
0.2906350914962325
0.23219241443108232
0.2361612515042118
0.14858705560619873
0.21073170731707316
0.21146245059288538
0.3370998116760829
0.365375854214123
0.3309222423146474
0.09457142857142857
0.39261968085106386
0.14888888888888888
0.338393421884883
0.2946127946127946
0.9264705882352942
0.29992975883867945
0.10832424572882589
0.15983393876491955
0.9348534201954397
0.35949506037321627
0.35910087719298245
0.2106289614822038
0.3
0.2077274615704196
0.39261968085106386
0.3609729132117192
0.3385876418663304
0.4545162327225972
0.2517670817906429
0.1400375939849624
0.12174550788412175
0.2974918718067812
0.3918148272391815
0.12145454545454545
0.29992975883867945
0.3389402859545837
0.16760061130922058
0.14718019257221457
0.2149886449659349
0.35929786066922653
0.3587912087912088
0.21515151515151515
0.3677545056015587
0.2879221522610189
0.16
0.4290969284531911
0.38166666666666665
0.38166666666666665
0.3370998116760829
0.21515151515151515
0.15911485774499473
0.1358201817312291
0.29985955056179775
0.29992975883867945
0.29992975883867945
0.09599096555618294
0.3918148272391815
0.39261968085106386
0.4766676637750524
0.2531096326294475
0.2906350914962325
0.39261968085106386
0.139413988657845
0.4403312226010716
0.1591375770020534
0.21099554234769688
0.34581105169340465
0.23568464730290456
0.3677545056015587
0.29992975883867945
0.2323049001814882
0.37870722433460074
0.337555414819506
0.3437094682230869
0.2754578754578755
0.27571728481455565
0.3
0.21110009910802774
0.34208738963097124
0.3149171270718232
0.2077274615704196
0.31229561805101375
0.30623066725585507
0.1626163391933816
0.39261968085106386
0.365375854214123
0.3134839151266256
0.20032706459525756
0.3373115577889447
0.298092392553436
0.2184936614466816
0.33908287757677746
0.18910478834142957
0.365375854214123
0.28833551769331583
0.39261968085106386
0.2906350914962325
0.1360153256704981
0.35929786066922653
0.3152746425884123
0.14794520547945206
0.2184936614466816
0.7246963562753036
0.21515151515151515
0.2184936614466816
0.42886029411764703
0.2149886449659349
0.40050829720436537
0.21515151515151515
0.40381954054802105
0.2158490566037736
0.21601208459214502
0.21515151515151515
0.23599208965062624
0.1934156378600823
0.21515151515151515
0.19444444444444445
0.14063969896519285
0.13996229971724788
0.2149886449659349
0.2157456472369417
0.21568627450980393
0.2149886449659349
0.21568627450980393
0.21558245083207261
0.3651211801896733
0.13996229971724788
0.13664596273291926
0.366860772895712
0.48826714801444043
0.1360804983229516
0.21531463229719486
0.9776951672862454
0.14063969896519285
0.21558245083207261
0.09940497024851243
0.2422145328719723
0.09498094027954257
0.4012954966070327
0.21119708693673192
0.4012954966070327
0.2161339421613394
0.48817902905612703
0.21482602118003025
0.09131832797427653
0.2149886449659349
0.2149886449659349
0.3597161572052402
0.21482602118003025
0.2149886449659349
0.11766169154228856
0.21515151515151515
0.3134839151266256
0.4066017935508491
0.2510822510822511
0.40437158469945356
0.35438689217758984
0.39261968085106386
0.4066017935508491
0.20656370656370657
0.3924891990694583
0.3134839151266256
0.39731585518102375
0.31527777777777777
0.30623066725585507
0.21515151515151515
0.49566334725345323
0.3134839151266256
0.3518808777429467
0.3924891990694583
0.22953659592897357
0.08464508464508465
0.3746898263027295
0.41589548176374525
0.35176531671858774
0.35176531671858774
0.1434957532409477
0.4158799322198015
0.2064638783269962
0.34305070827345513
0.35176531671858774
0.3376
0.29614748286457104
0.3547959724430313
0.35167402024396577
0.35167402024396577
0.3850793650793651
0.35176531671858774
0.22847100175746923
0.31509245377311346
0.3710263396911898
0.3710263396911898
0.35176531671858774
0.35447368421052633
0.22971818958155424
0.3710263396911898
0.35176531671858774
0.3727144866385373
0.35176531671858774
0.21482602118003025
0.3157894736842105
0.35176531671858774
0.39261968085106386
0.33654360620652757
0.35176531671858774
0.3151821132347638
0.39261968085106386
0.21482602118003025
0.31564245810055863
0.29178007621121393
0.2906350914962325
0.3154095994225911
0.3710263396911898
0.39261968085106386
0.3927502494180246
0.3134839151266256
0.35366492146596856
0.3134839151266256
0.3525273579989578
0.3547279450607501
0.39261968085106386
0.2155237377543331
0.35176531671858774
0.2149886449659349
0.3903708523096942
0.31423487544483986
0.25287356321839083
0.3134839151266256
0.35498409331919406
0.2149886449659349
0.41882963662104766
0.35176531671858774
0.19991772932949403
0.33490011750881316
0.3166783954961295
0.21515151515151515
0.3134839151266256
0.4302995391705069
0.3134839151266256
0.21541950113378686
0.323793354353626
0.39261968085106386
0.21515151515151515
0.3161524500907441
0.3710263396911898
0.20626223091976517
0.34305070827345513
0.3533893851812927
0.35176531671858774
0.39261968085106386
0.39261968085106386
0.31511657056906495
0.3134839151266256
0.35342105263157897
0.3924891990694583
0.2529543276908336
0.22769753610875107
0.3160476524176594
0.3134839151266256
0.21558245083207261
0.3134839151266256
0.31524008350730687
0.35176531671858774
0.2529543276908336
0.24042624042624042
0.22242072353729345
0.3502974223397224
0.32085561497326204
0.3376
0.3134839151266256
0.22899786780383796
0.2946127946127946
0.3623063683304647
0.22817025010969724
0.3134839151266256
0.39261968085106386
0.39261968085106386
0.21541950113378686
0.3134839151266256
0.35335781741867783
0.34305070827345513
0.30415309446254074
0.2514247401944351
0.39550029603315573
0.39261968085106386
0.3710263396911898
0.3152958152958153
0.3443777179540278
0.22789115646258504
0.38337801608579086
0.251602023608769
0.3636587771203156
0.21515151515151515
0.21515151515151515
0.30228044638524987
0.35176531671858774
0.21515151515151515
0.35176531671858774
0.2900195694716243
0.40381954054802105
0.3924891990694583
0.2058139534883721
0.21601208459214502
0.2529543276908336
0.40437158469945356
0.22789115646258504
0.21482602118003025
0.3134064379200566
0.21482602118003025
0.39261968085106386
0.413801949717804
0.2149886449659349
0.35498409331919406
0.3710263396911898
0.3134839151266256
0.1449530516431925
0.35167402024396577
0.3348982785602504
0.21558245083207261
0.3348982785602504
0.39261968085106386
0.2149886449659349
0.2149886449659349
0.2512768130745659
0.35335781741867783
0.22769753610875107
0.39261968085106386
0.2162985529322163
0.13640730067243034
0.2168309325246399
0.39325091881055796
0.2168309325246399
0.2161339421613394
0.39311957247828994
0.30638677981241624
0.39338235294117646
0.27734608487746565
0.22584800343495062
0.2973968565815324
0.13640730067243034
0.37231612608497033
0.2161339421613394
0.2149886449659349
0.21646341463414634
0.21673003802281368
0.21666666666666667
0.21515151515151515
0.2161339421613394
0.3377693282636248
0.21596958174904943
0.2973968565815324
0.21646341463414634
0.2168309325246399
0.21732522796352582
0.2162985529322163
0.2149886449659349
0.39325091881055796
0.2149886449659349
0.302154750244858
0.2770795930580491
0.2161339421613394
0.2161339421613394
0.2771156138259833
0.36616029334730227
0.2741220593249233
0.3381795195954488
0.302154750244858
0.2770149253731343
0.2168309325246399
0.3021088769004414
0.14888888888888888
0.14888888888888888
0.23253676470588236
0.1360804983229516
0.3038981702466189
0.1592920353982301
0.2149886449659349
0.43239908337740174
0.26641651031894936
0.3585941790225151
0.21642824180895248
0.2981609195402299
0.21590383726306056
0.2149886449659349
0.211519364448858
0.2430441898527005
0.28211920529801326
0.37870722433460074
0.35435356200527707
0.21609843629838502
0.3392255892255892
0.21686746987951808
0.33344316309719935
0.28827267475447715
0.2546419098143236
0.10832424572882589
0.19983818770226539
0.294390118373649
0.40117175454825776
0.23253676470588236
0.1360804983229516
0.2149886449659349
0.21114369501466276
0.148897885739991
0.1585811163275952
0.38970174451322454
0.14746543778801843
0.23658395845354876
0.40437158469945356
0.1249482829954489
0.2149886449659349
0.35949506037321627
0.13651551312649166
0.2361612515042118
0.3675898931000972
0.13623326959847037
0.3370998116760829
0.21
0.14888888888888888
0.28279499011206327
0.2158490566037736
0.25358711566617864
0.1463191586648377
0.2906350914962325
0.21699544764795145
0.25142857142857145
0.338393421884883
0.2921719955898567
0.3442113442113442
0.4545162327225972
0.3
0.16823821339950373
0.3
0.29139504563233376
0.35949506037321627
0.25161071549677855
0.14997813729777001
0.29846220489495345
0.30228044638524987
0.2058139534883721
0.3385876418663304
0.08679023242130038
0.2812706816677697
0.27507267441860467
0.19227857683573052
0.10832424572882589
0.26641651031894936
0.25357142857142856
0.247001332741004
0.09644670050761421
0.3933547695605573
0.1360153256704981
0.3
0.3362776025236593
0.1360153256704981
0.2879221522610189
0.14888888888888888
0.35949506037321627
0.29992975883867945
0.09478435305917753
0.15911485774499473
0.19865453106450337
0.22394173873463813
0.1998388396454472
0.2974918718067812
0.23255813953488372
0.21515151515151515
0.2149886449659349
0.14888888888888888
0.3965005931198102
0.3918148272391815
0.15983393876491955
0.21601208459214502
0.2531096326294475
0.39140625
0.38166666666666665
0.4041708043694141
0.1999184006527948
0.29992975883867945
0.2309672673777124
0.15086016762240848
0.4403312226010716
0.3234162605796358
0.4041708043694141
0.21515151515151515
0.2218700475435816
0.21073170731707316
0.23345588235294118
0.18625277161862527
0.37870722433460074
0.37870722433460074
0.35949506037321627
0.11095636025998143
0.15864621893178213
0.15864621893178213
0.337555414819506
0.15847860538827258
0.2906350914962325
0.27571728481455565
0.31656700668308124
0.29516129032258065
0.3
0.3360655737704918
0.1360804983229516
0.21031746031746032
0.2531096326294475
0.23040808956301914
0.13910640257945647
0.2946127946127946
0.29200652528548127
0.1358201817312291
0.3373115577889447
0.3
0.432475317348378
0.26108682073703937
0.3655970541820095
0.3354615589252461
0.20774647887323944
0.37085792101679527
0.20738282870178348
0.1217008797653959
0.38166666666666665
0.9215686274509803
0.35929786066922653
0.29992975883867945
0.3138885102903094
0.1360153256704981
0.2149886449659349
0.13996229971724788
0.21515151515151515
0.40381954054802105
0.21515151515151515
0.21868050407709413
0.40393133997785163
0.2149886449659349
0.19381443298969073
0.40393133997785163
0.3381795195954488
0.21686746987951808
0.09473684210526316
0.40381954054802105
0.21703089675960813
0.2184936614466816
0.31363636363636366
0.2184936614466816
0.21531463229719486
0.21884272997032642
0.48817902905612703
0.40381954054802105
0.09504752376188094
0.0843731431966726
0.13747016706443915
0.3373115577889447
0.0843731431966726
0.2157456472369417
0.29754299754299757
0.359802847754655
0.4037940379403794
0.13740458015267176
0.21515151515151515
0.08461995249406176
0.1360804983229516
0.21531463229719486
0.13740458015267176
0.14063969896519285
0.1360804983229516
0.2162985529322163
0.21558245083207261
0.1360153256704981
0.2158490566037736
0.1360153256704981
0.09131832797427653
0.21119708693673192
0.2149886449659349
0.30125725338491294
0.3709604005461994
0.21656534954407294
0.25356803044719317
0.21515151515151515
0.2149886449659349
0.21515151515151515
0.27549194991055453
0.2981609195402299
0.1384402399630826
0.3315282791817088
0.3995124593716143
0.3924891990694583
0.1342042755344418
0.21482602118003025
0.3381795195954488
0.34890698671238746
0.14207898320472084
0.3
0.3
0.13740458015267176
0.2149886449659349
0.2906596995427825
0.38669064748201437
0.13636363636363635
0.14214350590372388
0.9264705882352942
0.3995124593716143
0.9306930693069307
0.2981609195402299
0.9261083743842364
0.2981609195402299
0.29502533394748964
0.1412894375857339
0.25349598333829215
0.2981609195402299
0.1384402399630826
0.9261083743842364
0.40393133997785163
0.3
0.3
0.38549255622426354
0.25357142857142856
0.18469015795868773
0.13588516746411483
0.3317278747742324
0.13906027527289985
0.13642891335567256
0.13595021541407373
0.35929786066922653
0.3
0.34296028880866425
0.3368883312421581
0.2177691936262675
0.2872277810476751
0.1742336049670159
0.13747016706443915
0.9306930693069307
0.3895637769188294
0.9261083743842364
0.3924891990694583
0.39235880398671097
0.1360153256704981
0.14214350590372388
0.3
0.13636363636363635
0.19401444788441694
0.2981609195402299
0.1360804983229516
0.1360153256704981
0.13906027527289985
0.22693602693602694
0.3
0.29992975883867945
0.18340348767288034
0.13588516746411483
0.13629842180774748
0.2981609195402299
0.3415852827617534
0.3
0.16734486266531026
0.38403755868544603
0.16535433070866143
0.3905409232512036
0.3134839151266256
0.4872761545711593
0.9261083743842364
0.3
0.2981609195402299
0.2898534758180015
0.3
0.3
0.37870722433460074
0.35910087719298245
0.2981609195402299
0.13837638376383765
0.2525389302640487
0.3
0.40381954054802105
0.40393133997785163
0.3
0.2752704214845207
0.13588516746411483
0.13595021541407373
0.2162985529322163
0.16844602609727166
0.21551724137931033
0.13595021541407373
0.13642891335567256
0.13837638376383765
0.9306930693069307
0.2981609195402299
0.2981609195402299
0.9306930693069307
0.3
0.3927502494180246
0.9174757281553398
0.3134839151266256
0.1358201817312291
0.34830979888746255
0.2162962962962963
0.2981609195402299
0.39235880398671097
0.3
0.29992975883867945
0.1384402399630826
0.3
0.36289500509684
0.2158490566037736
0.13642891335567256
0.3370998116760829
0.29985955056179775
0.1360804983229516
0.1377551020408163
0.13588516746411483
0.2981609195402299
0.2805755395683453
0.2981609195402299
0.38669064748201437
0.29985955056179775
0.2981609195402299
0.3
0.13989637305699482
0.1360804983229516
0.33690476190476193
0.2976301115241636
0.3317278747742324
0.13636363636363635
0.3024271844660194
0.18351383874849578
0.3
0.13636363636363635
0.3379658875552748
0.2804838182412553
0.3850793650793651
0.26666666666666666
0.13733905579399142
0.2974918718067812
0.3368883312421581
0.13747016706443915
0.39235880398671097
0.3
0.19444444444444445
0.33690476190476193
0.13741176470588234
0.1360153256704981
0.358397365532382
0.21601208459214502
0.3382480485689506
0.28110749185667755
0.21482602118003025
0.3850793650793651
0.39538583929992044
0.29992975883867945
0.1384402399630826
0.432475317348378
0.2802631578947368
0.1687992125984252
0.3383742911153119
0.32890766445383224
0.13588516746411483
0.2884853487412299
0.13642891335567256
0.3134839151266256
0.3
0.3927502494180246
0.21601208459214502
0.3
0.16776482513938165
0.1360153256704981
0.2168309325246399
0.13989637305699482
0.34830979888746255
0.3
0.29992975883867945
0.21601208459214502
0.40393133997785163
0.3
0.1360153256704981
0.28110599078341014
0.2981609195402299
0.4040432013292717
0.13906027527289985
0.14700460829493087
0.3850793650793651
0.26666666666666666
0.3924891990694583
0.9306930693069307
0.40393133997785163
0.3924891990694583
0.39089655172413795
0.40393133997785163
0.3
0.13595021541407373
0.1360804983229516
0.2805755395683453
0.1384395813510942
0.15492957746478872
0.2805755395683453
0.2981609195402299
0.3381795195954488
0.3383742911153119
0.2149886449659349
0.2981609195402299
0.35910087719298245
0.25247851949768674
0.12563025210084033
0.12334644261708974
0.15061837455830387
0.29635036496350364
0.2501571338780641
0.41603112840466927
0.2501571338780641
0.397179403082978
0.09483191169091822
0.18925344745601522
0.16790881192459448
0.21385420861860652
0.13636363636363635
0.3054037644201579
0.3685185185185185
0.238544474393531
0.238544474393531
0.1360153256704981
0.3561470215462611
0.09483191169091822
0.21385420861860652
0.40050829720436537
0.09498094027954257
0.09498094027954257
0.48826714801444043
0.09498094027954257
0.09498094027954257
0.09498094027954257
0.09184328837508028
0.09495077802476977
0.09498094027954257
0.09498094027954257
0.09498094027954257
0.09446564885496184
0.13629842180774748
0.21910342008448017
0.394225580140313
0.35929786066922653
0.21494932432432431
0.21482602118003025
0.28206850235057085
0.39138333765896705
0.3927502494180246
0.31201137171286425
0.2149886449659349
0.21482602118003025
0.9261083743842364
0.3145637817170664
0.9261083743842364
0.13333333333333333
0.09483191169091822
0.41530054644808745
0.3128332740846072
0.3929909042268593
0.16788008565310492
0.20814099874108266
0.2264784946236559
0.2155237377543331
0.21531463229719486
0.21917263325377884
0.27800269905533065
0.3346627991298042
0.22631578947368422
0.2814470627281779
0.2149886449659349
0.41738102276086314
0.3137114142139268
0.39307754225918967
0.2155237377543331
0.34690977977740944
0.3094736842105263
0.39398011287288365
0.21971252566735114
0.4173321502514049
0.2149886449659349
0.31197183098591547
0.21962233169129722
0.9215686274509803
0.21570438799076214
0.3381795195954488
0.41391846273695143
0.21519939804364183
0.9219512195121952
0.3024271844660194
0.31595632264882
0.21531463229719486
0.3137114142139268
0.3137114142139268
0.334765625
0.2261985145172181
0.3915412558380903
0.9306930693069307
0.9264705882352942
0.21482602118003025
0.39107883817427386
0.2149886449659349
0.21658986175115208
0.21658986175115208
0.39240844693932103
0.3024271844660194
0.22626262626262628
0.2149886449659349
0.34703519962201745
0.2815405046480744
0.9264705882352942
0.9215686274509803
0.21711131554737811
0.280794701986755
0.312701252236136
0.9306930693069307
0.3315282791817088
0.21637866265965439
0.21616161616161617
0.3927502494180246
0.31580792148615494
0.9261083743842364
0.2815405046480744
0.3346627991298042
0.16887579774177713
0.31595632264882
0.9215686274509803
0.31595632264882
0.21962233169129722
0.21962233169129722
0.3950452850293021
0.3950452850293021
0.1872700515084621
0.9215686274509803
0.1362397820163488
0.2149886449659349
0.21482602118003025
0.21482602118003025
0.21962233169129722
0.9215686274509803
0.21568627450980393
0.21917263325377884
0.39455965526528414
0.9215686274509803
0.9215686274509803
0.41960549910340705
0.432475317348378
0.21687638786084382
0.21703089675960813
0.9261083743842364
0.3159379407616361
0.312701252236136
0.391304347826087
0.3341930729550479
0.3927502494180246
0.21531463229719486
0.21661960467930616
0.12654575432811213
0.31223328591749644
0.9306930693069307
0.21482602118003025
0.9261083743842364
0.3142361111111111
0.42045112781954885
0.21568627450980393
0.41530054644808745
0.1693672839506173
0.338393421884883
0.9215686274509803
0.3132616487455197
0.31223328591749644
0.337555414819506
0.31290092658588736
0.2155237377543331
0.38724584103512016
0.21935483870967742
0.41738102276086314
0.3024271844660194
0.9261083743842364
0.10378057820607858
0.2807017543859649
0.3346627991298042
0.21908548707753478
0.4290969284531911
0.2807017543859649
0.9306930693069307
0.346991946944576
0.2155237377543331
0.31584507042253523
0.9306930693069307
0.9306930693069307
0.21531463229719486
0.21668971876440757
0.9215686274509803
0.3024271844660194
0.9170731707317074
0.3137114142139268
0.33648750946252837
0.21590383726306056
0.9261083743842364
0.3587912087912088
0.3950452850293021
0.21568627450980393
0.9215686274509803
0.21917263325377884
0.2158040665434381
0.16831683168316833
0.2194424588992137
0.9306930693069307
0.3144851657940663
0.34648086915446386
0.3094736842105263
0.3366771159874608
0.2149886449659349
0.9215686274509803
0.9261083743842364
0.2805731422859047
0.9306930693069307
0.3939149165320409
0.3370998116760829
0.3587912087912088
0.21917263325377884
0.31595632264882
0.31434525877040637
0.35929786066922653
0.31562280084447575
0.9174757281553398
0.9215686274509803
0.2792607802874743
0.2155237377543331
0.9264705882352942
0.3346627991298042
0.3927502494180246
0.2158040665434381
0.3709972552607502
0.23148148148148148
0.3937768240343348
0.3160294633461943
0.21642824180895248
0.9261083743842364
0.9215686274509803
0.30228044638524987
0.21374045801526717
0.38724584103512016
0.9215686274509803
0.3159379407616361
0.9264705882352942
0.3024271844660194
0.9306930693069307
0.3094736842105263
0.41530054644808745
0.21917263325377884
0.41530054644808745
0.31595632264882
0.9174757281553398
0.3134863701578192
0.3137114142139268
0.3385876418663304
0.4158546220700553
0.9215686274509803
0.39118028534370947
0.21714687280393535
0.3587912087912088
0.3129445234708393
0.9264705882352942
0.3937768240343348
0.9306930693069307
0.39140625
0.9264705882352942
0.9215686274509803
0.3587912087912088
0.3587912087912088
0.30684811237928006
0.9215686274509803
0.9306930693069307
0.9215686274509803
0.9215686274509803
0.9215686274509803
0.9215686274509803
0.9264705882352942
0.21962233169129722
0.9215686274509803
0.9215686274509803
0.9215686274509803
0.338393421884883
0.39138333765896705
0.3368883312421581
0.2155237377543331
0.2519677292404565
0.21482602118003025
0.9264705882352942
0.9264705882352942
0.9261083743842364
0.9264705882352942
0.21531463229719486
0.21482602118003025
0.3654048370136698
0.3935085836909871
0.9264705882352942
0.9215686274509803
0.3585941790225151
0.3587912087912088
0.3587912087912088
0.3587912087912088
0.3585941790225151
0.3585941790225151
0.3587912087912088
0.3063660477453581
0.3587912087912088
0.3587912087912088
0.3585941790225151
0.3585941790225151
0.3587912087912088
0.3585941790225151
0.3585941790225151
0.3585941790225151
0.09137709137709138
0.21515151515151515
0.21515151515151515
0.21515151515151515
0.3585941790225151
0.3587912087912088
0.3587912087912088
0.3585941790225151
0.3585941790225151
0.3585941790225151
0.3585941790225151
0.3585941790225151
0.3587912087912088
0.3587912087912088
0.2161753590325019
0.3585941790225151
0.3585941790225151
0.3585941790225151
0.3585941790225151
0.3585941790225151
0.358397365532382
0.3585941790225151
0.358397365532382
0.21515151515151515
0.21670428893905191
0.3587912087912088
0.2155237377543331
0.21568627450980393
0.2158490566037736
0.21568627450980393
0.21568627450980393
0.21568627450980393
0.2155237377543331
0.21568627450980393
0.21531463229719486
0.2155237377543331
0.2155237377543331
0.21515151515151515
0.21515151515151515
0.21515151515151515
0.21515151515151515
0.21515151515151515
0.21515151515151515
0.2149886449659349
0.2149886449659349
0.21515151515151515
0.21515151515151515
0.21515151515151515
0.21515151515151515
0.21515151515151515
0.21515151515151515
0.21515151515151515
0.21515151515151515
0.21515151515151515
0.21515151515151515
0.21515151515151515
0.21515151515151515
0.21515151515151515
0.21515151515151515
0.2149886449659349
0.21515151515151515
0.21515151515151515
0.21515151515151515
0.21515151515151515
0.21515151515151515
0.21515151515151515
0.21515151515151515
0.2149886449659349
0.2149886449659349
0.21482602118003025
0.21482602118003025
0.2149886449659349
0.21515151515151515
0.2149886449659349
0.21482602118003025
0.2149886449659349
0.2149886449659349
0.2149886449659349
0.21515151515151515
0.21515151515151515
0.21515151515151515
0.2155237377543331
0.21515151515151515
0.21515151515151515
0.2149886449659349
0.2149886449659349
0.2149886449659349
0.21482602118003025
0.21482602118003025
0.21482602118003025
0.2149886449659349
0.2149886449659349
0.21515151515151515
0.21515151515151515
0.21515151515151515
0.21531463229719486
0.21515151515151515
0.2149886449659349
0.2149886449659349
0.2149886449659349
0.2149886449659349
0.2149886449659349
0.2149886449659349
0.21568627450980393
0.2149886449659349
0.21482602118003025
0.21541950113378686
0.2149886449659349
0.2149886449659349
0.21515151515151515
0.21515151515151515
0.2149886449659349
0.21515151515151515
0.21515151515151515
0.2149886449659349
0.21515151515151515
0.21515151515151515
0.21541950113378686
0.21541950113378686
0.21541950113378686
0.3585941790225151
0.1348800629178136
0.21482602118003025
0.21482602118003025
0.21482602118003025
0.21482602118003025
0.21482602118003025
0.2149886449659349
0.21541950113378686
0.2149886449659349
0.0810368349249659
0.21541950113378686
0.21482602118003025
0.2149886449659349
0.2149886449659349
0.2149886449659349
0.33860759493670883
0.14002828854314003
0.12217031979877829
0.21515151515151515
0.3585941790225151
0.2149886449659349
0.2149886449659349
0.2857709863068069
0.2149886449659349
0.231203007518797
0.21515151515151515
0.21482602118003025
0.2753441802252816
0.2758402029169309
0.2883536786539096
0.1221264367816092
0.1221264367816092
0.23105823418910457
0.28805237315875615
0.2512698950220115
0.318215892053973
0.21515151515151515
0.2149886449659349
0.2149886449659349
0.21515151515151515
0.2149886449659349
0.21515151515151515
0.2149886449659349
0.29863073244946753
0.2860866731834474
0.10739387123980883
0.2149886449659349
0.21515151515151515
0.21564160971905846
0.14399363564041368
0.21515151515151515
0.21515151515151515
0.23142050799623706
0.2149886449659349
0.2149886449659349
0.21541950113378686
0.3967543368774482
0.22156573116691286
0.21666666666666667
0.2149886449659349
0.2149886449659349
0.2149886449659349
0.2340909090909091
0.21666666666666667
0.08055707263790278
0.2149886449659349
0.2149886449659349
0.2149886449659349
0.21515151515151515
0.2149886449659349
0.2149886449659349
0.2954804405620965
0.3172479694218825
0.14652014652014653
0.33647927780057446
0.21482602118003025
0.2953682611996963
0.10742407199100112
0.1529808773903262
0.25109983079526227
0.8099173553719008
0.30545305453054533
0.30545305453054533
0.2157456472369417
0.30545305453054533
0.29127811300054857
0.3045250713412148
0.30545305453054533
0.30545305453054533
0.1670113753877973
0.15879828326180256
0.1845201238390093
0.7066079295154185
0.18463444857496902
0.2149886449659349
0.30456226880394577
0.2963898916967509
0.18612922347362182
0.3663522012578616
0.3663522012578616
0.3663522012578616
0.3663522012578616
0.21515151515151515
0.08952216465169834
0.18584615384615386
0.30797248077701334
0.2182890855457227
0.25015033072760073
0.18463444857496902
0.32673267326732675
0.18584615384615386
0.25359477124183005
0.23561946902654868
0.22033898305084745
0.21515151515151515
0.29675213675213674
0.24439796832984761
0.2521974306964165
0.3293972939729397
0.39036596809508917
0.4531554977228367
0.18536585365853658
0.3381679389312977
0.21515151515151515
0.22498321020819342
0.30042613636363635
0.32903981264637
0.29809358752166376
0.2324660633484163
0.2538116591928251
0.5997263085870681
0.2537402752842609
0.2682619647355164
0.3524904214559387
0.13588516746411483
0.2422650321074139
0.310143232972815
0.22498321020819342
0.22498321020819342
0.22498321020819342
0.22498321020819342
0.22498321020819342
0.22498321020819342
0.22498321020819342
0.22498321020819342
0.22498321020819342
0.22498321020819342
0.22498321020819342
0.22498321020819342
0.22498321020819342
0.22498321020819342
0.22498321020819342
0.22498321020819342
0.22498321020819342
0.22498321020819342
0.22468142186452045
0.22524916943521595
0.22498321020819342
0.2501514233797698
0.22468142186452045
0.296028880866426
0.22511690046760188
0.275
0.22539893617021275
0.2407766990291262
0.30495292672943103
0.2717964629227428
0.3262158956109134
0.2965641952983725
0.2965641952983725
0.2735969387755102
0.22511690046760188
0.2998223801065719
0.29676258992805754
0.2813975448536355
0.3054321831226512
0.28371810449574725
0.23307587460245344
0.23307587460245344
0.5022860875244938
0.28371810449574725
0.26212121212121214
0.23307587460245344
0.19251659625829812
0.22821024617431804
0.2097301717089125
0.2149886449659349
0.305327868852459
0.3054410552349547
0.22539893617021275
0.23307587460245344
0.24152886961236109
0.2646392753154319
0.30545305453054533
0.28633540372670807
0.28431372549019607
0.28431372549019607
0.28431372549019607
0.3944517833553501
0.3936532913716234
0.3381795195954488
0.30606430606430607
0.22826086956521738
0.2882767456758488
0.20421393841166938
0.3665443104352386
0.296028880866426
0.2966507177033493
0.332549388523048
0.2857142857142857
0.22836429542365203
0.335568669527897
0.2846441947565543
0.220620043258832
0.27424
0.19343696027633853
0.27424
0.22511690046760188
0.09134770022515278
0.3936735778841042
0.3934643995749203
