0.0
0.0
0.37861094038106946
0.0
0.37861094038106946
0.0
0.0
0.0
0.0
0.0
0.0
0.0
0.0
0.0
0.0
0.0
0.0
0.0
0.2172020414290003
0.0
0.0
0.0
0.0
0.0
0.0
0.0
0.0
0.0
0.0
0.0
0.0
0.0
0.0
0.0
0.0
0.0
0.0
0.0
0.0
0.0
0.0
0.0
0.0
0.0
0.0
0.3129392971246006
0.0
0.0
0.0
0.0
0.41629334660693545
0.4095405232929164
0.3073798239675017
0.2544250971362786
0.0
0.0
0.2172020414290003
0.2172020414290003
0.0
0.2172020414290003
0.0
0.2172020414290003
0.2172020414290003
0.3119500879859223
0.2172020414290003
0.2172020414290003
0.22591725214676034
0.0
0.2172020414290003
0.2172020414290003
0.2172020414290003
0.2172020414290003
0.2172020414290003
0.2172020414290003
0.2172020414290003
0.2172020414290003
0.0
0.2172020414290003
0.2172020414290003
0.22591725214676034
0.2172020414290003
0.0
0.2172020414290003
0.2172020414290003
0.2172020414290003
0.2172020414290003
0.2172020414290003
0.3119500879859223
0.2172020414290003
0.2172020414290003
0.2172020414290003
0.2172020414290003
0.2172020414290003
0.2172020414290003
0.2172020414290003
0.2172020414290003
0.2172020414290003
0.2172020414290003
0.2172020414290003
0.2172020414290003
0.2172020414290003
0.2172020414290003
0.22591725214676034
0.22591725214676034
0.22591725214676034
0.22591725214676034
0.2172020414290003
0.22591725214676034
0.22591725214676034
0.22591725214676034
0.2172020414290003
0.2172020414290003
0.2172020414290003
0.2172020414290003
0.2172020414290003
0.3119500879859223
0.2172020414290003
0.0
0.2172020414290003
0.2172020414290003
0.2172020414290003
0.2172020414290003
0.2172020414290003
0.2172020414290003
0.22591725214676034
0.2172020414290003
0.2172020414290003
0.21982966414912422
0.2172020414290003
0.2172020414290003
0.2172020414290003
0.0
0.22591725214676034
0.2172020414290003
0.3119500879859223
0.22591725214676034
0.0
0.2172020414290003
0.0
0.2172020414290003
0.0
0.0
0.2172020414290003
0.2172020414290003
0.2172020414290003
0.2172020414290003
0.2172020414290003
0.2172020414290003
0.2172020414290003
0.2172020414290003
0.2172020414290003
0.2172020414290003
0.2172020414290003
0.2172020414290003
0.2172020414290003
0.37861094038106946
0.2172020414290003
0.2172020414290003
0.0
0.3588778007908115
0.0
0.0
0.0
0.0
0.0
0.0
0.0
0.0
0.0
0.0
0.0
0.0
0.0
0.0
0.0
0.0
0.0
0.0
0.0
0.0
0.0
0.0
0.0
0.0
0.0
0.0
0.0
0.0
0.0
0.0
0.0
0.0
0.0
0.0
0.0
0.0
0.0
0.0
0.0
0.0
0.0
0.0
0.0
0.0
0.0
0.0
0.0
0.0
0.0
0.0
0.0
0.0
0.0
0.0
0.0
0.0
0.0
0.0
0.0
0.0
0.0
0.3778527485612225
0.0
0.0
0.0
0.0
0.0
0.0
0.0
0.0
0.0
0.377373417721519
0.0
0.0
0.0
0.0
0.0
0.0
0.0
0.0
0.0
0.0
0.0
0.0
0.0
0.0
0.0
0.0
0.0
0.0
0.0
0.0
0.0
0.0
0.0
0.0
0.0
0.0
0.0
0.0
0.0
0.0
0.0
0.0
0.0
0.0
0.0
0.0
0.0
0.0
0.0
0.0
0.0
0.0
0.0
0.3566072321279787
0.0
0.0
0.0
0.3256166982922201
0.0
0.0
0.0
0.0
0.0
0.0
0.0
0.0
0.0
0.0
0.0
0.0
0.0
0.0
0.0
0.0
0.0
0.0
0.0
0.0
0.0
0.0
0.0
0.0
0.0
0.0
0.0
0.0
0.0
0.0
0.0
0.0
0.0
0.0
0.0
0.0
0.0
0.0
0.0
0.0
0.0
0.0
0.0
0.0
0.0
0.0
0.0
0.0
0.0
0.0
0.0
0.0
0.0
0.0
0.0
0.0
0.0
0.0
0.0
0.0
0.0
0.0
0.0
0.0
0.0
0.0
0.0
0.0
0.0
0.0
0.0
0.0
0.0
0.0
0.0
0.0
0.0
0.0
0.0
0.0
0.0
0.0
0.0
0.0
0.0
0.0
0.0
0.0
0.0
0.0
0.0
0.0
0.0
0.0
0.3588778007908115
0.0
0.0
0.0
0.0
0.0
0.0
0.0
0.0
0.0
0.0
0.0
0.0
0.0
0.0
0.3588778007908115
0.0
0.0
0.0
0.0
0.0
0.0
0.0
0.0
0.0
0.0
0.0
0.0
0.0
0.33355234340779677
0.0
0.0
0.27657697397441555
0.0
0.0
0.0
0.0
0.0
0.0
0.0
0.0
0.0
0.0
0.0
0.0
0.0
0.0
0.0
0.0
0.0
0.0
0.0
0.0
0.0
0.0
0.0
0.0
0.27726675427069647
0.27771703476929804
0.27901883486640383
0.4025823858161495
0.27850877192982454
0.3336985100788782
0.29473195637038757
0.2633948671769473
0.3509717144506446
0.0
0.3378710109350591
0.2764084507042254
0.0
0.0
0.0
0.0
0.0
0.0
0.0
0.0
0.0
0.0
0.0
0.0
0.0
0.0
0.0
0.0
0.0
0.0
0.0
0.0
0.0
0.0
0.0
0.0
0.0
0.0
0.0
0.0
0.0
0.0
0.0
0.0
0.0
0.0
0.0
0.0
0.0
0.0
0.0
0.0
0.0
0.0
0.0
0.0
0.0
0.0
0.0
0.0
0.0
0.0
0.0
0.0
0.0
0.0
0.0
0.0
0.0
0.0
0.0
0.0
0.0
0.0
0.0
0.0
0.0
0.0
0.0
0.0
0.0
0.0
0.0
0.0
0.0
0.0
0.0
0.0
0.0
0.0
0.0
0.0
0.0
0.0
0.0
0.0
0.0
0.0
0.0
0.0
0.0
0.0
0.0
0.0
0.0
0.0
0.0
0.0
0.0
0.0
0.35923974407226195
0.0
0.0
0.0
0.0
0.0
0.0
0.0
0.0
0.0
0.0
0.0
0.0
0.0
0.0
0.0
0.0
0.0
0.0
0.0
0.0
0.0
0.0
0.0
0.0
0.0
0.0
0.0
0.0
0.0
0.0
0.0
0.0
0.0
0.0
0.0
0.0
0.0
0.34847233691164325
0.0
0.0
0.0
0.0
0.0
0.0
0.0
0.430591737997767
0.0
0.0
0.0
0.0
0.2436989396836433
0.0
0.0
0.0
0.0
0.0
0.0
0.0
0.0
0.0
0.0
0.0
0.0
0.0
0.0
0.0
0.0
0.0
0.0
0.0
0.0
0.0
0.0
0.0
0.0
0.0
0.0
0.0
0.0
0.0
0.0
0.0
0.0
0.0
0.0
0.0
0.0
0.0
0.375671802221426
0.0
0.4354867734389059
0.4353386167146974
0.0
0.0
0.0
0.0
0.0
0.0
0.0
0.0
0.0
0.0
0.0
0.0
0.0
0.0
0.0
0.0
0.0
0.0
0.0
0.0
0.0
0.0
0.0
0.0
0.0
0.0
0.0
0.0
0.0
0.0
0.4354867734389059
0.0
0.0
0.0
0.23040169881436914
0.0
0.0
0.0
0.0
0.0
0.0
0.0
0.0
0.0
0.0
0.3594279262325932
0.0
0.29620135166627826
0.0
0.4354867734389059
0.4354867734389059
0.4354867734389059
0.4354867734389059
0.4354867734389059
0.4354867734389059
0.4354867734389059
0.4354867734389059
0.3779496331548681
0.0
0.0
0.0
0.0
0.0
0.0
0.0
0.0
0.0
0.0
0.0
0.2172020414290003
0.0
0.0
0.0
0.0
0.0
0.0
0.4354867734389059
0.3779496331548681
0.4354867734389059
0.3779496331548681
0.4354867734389059
0.4354867734389059
0.3779496331548681
0.3779496331548681
0.3779496331548681
0.4354867734389059
0.3779496331548681
0.0
0.0
0.0
0.0
0.0
0.0
0.0
0.0
0.0
0.0
0.0
0.0
0.0
0.0
0.0
0.0
0.0
0.0
0.0
0.0
0.0
0.4354867734389059
0.4354867734389059
0.4354867734389059
0.4354867734389059
0.4354867734389059
0.4354867734389059
0.4354867734389059
0.4354867734389059
0.4354867734389059
0.4354867734389059
0.4354867734389059
0.4354867734389059
0.4354867734389059
0.4354867734389059
0.3779496331548681
0.4354867734389059
0.4354867734389059
0.4354867734389059
0.3779496331548681
0.4354867734389059
0.4354867734389059
0.3779496331548681
0.3779496331548681
0.3779496331548681
0.3779496331548681
0.3779496331548681
0.3779496331548681
0.4354867734389059
0.4354867734389059
0.3779496331548681
0.3779496331548681
0.3779496331548681
0.4354867734389059
0.4354867734389059
0.4354867734389059
0.4354867734389059
0.4354867734389059
0.0
0.0
0.0
0.0
0.0
0.0
0.0
0.0
0.0
0.0
0.0
0.0
0.4354867734389059
0.0
0.0
0.16272247212986504
0.0
0.0
0.0
0.0
0.0
0.4354867734389059
0.3779496331548681
0.0
0.0
0.0
0.0
0.0
0.0
0.0
0.0
0.0
0.0
0.0
0.0
0.0
0.0
0.0
0.4354867734389059
0.4354867734389059
0.0
0.0
0.0
0.0
0.0
0.0
0.0
0.0
0.0
0.0
0.0
0.4354867734389059
0.0
0.0
0.0
0.0
0.0
0.0
0.0
0.0
0.0
0.0
0.0
0.0
0.0
0.0
0.0
0.0
0.0
0.0
0.0
0.0
0.0
0.2895670688431512
0.0
0.0
0.0
0.0
0.0
0.0
0.0
0.0
0.0
0.0
0.0
0.27101132525332805
0.0
0.0
0.0
0.0
0.0
0.0
0.0
0.0
0.0
0.0
0.0
0.0
0.4354867734389059
0.0
0.0
0.0
0.0
0.0
0.33736327000575705
0.0
0.0
0.0
0.0
0.3779496331548681
0.0
0.0
0.0
0.0
0.0
0.0
0.0
0.35962264150943396
0.0
0.0
0.0
0.0
0.0
0.0
0.0
0.0
0.0
0.0
0.0
0.3779496331548681
0.3779496331548681
0.3779496331548681
0.3779496331548681
0.0
0.0
0.0
0.0
0.0
0.0
0.0
0.0
0.0
0.0
0.0
0.0
0.0
0.0
0.0
0.3779496331548681
0.0
0.0
0.0
0.0
0.0
0.0
0.0
0.0
0.0
0.0
0.0
0.0
0.0
0.0
0.0
0.2958607714016933
0.0
0.35962264150943396
0.35962264150943396
0.0
0.0
0.0
0.0
0.3779496331548681
0.0
0.0
0.0
0.0
0.2172020414290003
0.0
0.0
0.0
0.0
0.0
0.0
0.0
0.0
0.0
0.0
0.0
0.0
0.0
0.0
0.0
0.0
0.0
0.0
0.0
0.0
0.0
0.0
0.0
0.0
0.0
0.0
0.0
0.0
0.0
0.0
0.0
0.0
0.0
0.0
0.0
0.0
0.0
0.0
0.0
0.0
0.0
0.0
0.4354867734389059
0.0
0.0
0.0
0.0
0.0
0.0
0.0
0.0
0.0
0.0
0.0
0.0
0.0
0.0
0.0
0.0
0.0
0.0
0.0
0.0
0.0
0.0
0.0
0.0
0.0
0.0
0.0
0.0
0.0
0.40104267233056573
0.0
0.3710168459508829
0.0
0.0
0.4354867734389059
0.0
0.0
0.0
0.0
0.0
0.0
0.0
0.2901161412657028
0.0
0.0
0.0
0.0
0.0
0.0
0.0
0.0
0.0
0.0
0.0
0.0
0.0
0.25596687773989285
0.0
0.0
0.0
0.0
0.0
0.2552413456850317
0.0
0.0
0.0
0.0
0.0
0.0
0.0
0.0
0.0
0.0
0.0
0.0
0.0
0.0
0.0
0.0
0.0
0.0
0.0
0.0
0.0
0.0
0.0
0.0
0.0
0.0
0.0
0.0
0.0
0.0
0.0
0.0
0.0
0.0
0.0
0.0
0.0
0.0
0.0
0.0
0.0
0.0
0.0
0.0
0.0
0.0
0.0
0.0
0.0
0.0
0.0
0.0
0.0
0.0
0.0
0.0
0.0
0.0
0.0
0.0
0.0
0.0
0.0
0.0
0.0
0.0
0.0
0.0
0.0
0.0
0.0
0.0
0.0
0.0
0.0
0.0
0.0
0.0
0.0
0.0
0.0
0.0
0.0
0.0
0.0
0.0
0.0
0.0
0.0
0.0
0.0
0.0
0.0
0.0
0.0
0.0
0.0
0.0
0.0
0.0
0.0
0.0
0.0
0.0
0.0
0.0
0.0
0.0
0.0
0.0
0.0
0.0
0.0
0.0
0.0
0.0
0.0
0.0
0.0
0.0
0.0
0.0
0.0
0.0
0.0
0.4354867734389059
0.0
0.0
0.0
0.4354867734389059
0.3779496331548681
0.0
0.0
0.5417700578990902
0.0
0.0
0.0
0.0
0.0
0.0
0.0
0.0
0.2690782953419227
0.2756999358837358
0.0
0.0
0.0
0.2553035844915874
0.0
0.0
0.0
0.4354867734389059
0.2552413456850317
0.0
0.0
0.0
0.2898413450153919
0.261175996778091
0.2909952606635071
0.0
0.3386747509744478
0.0
0.4354867734389059
0.0
0.0
0.0
0.0
0.2552413456850317
0.0
0.0
0.5417700578990902
0.0
0.0
0.0
0.0
0.0
0.0
0.2553035844915874
0.0
0.0
0.0
0.0
0.0
0.0
0.0
0.4083080040526849
0.4083080040526849
0.4083080040526849
0.4077079107505071
0.4172203765227021
0.4077079107505071
0.4077079107505071
0.4077079107505071
0.0
0.2553035844915874
0.0
0.4077079107505071
0.25311812179016874
0.0
0.0
0.0
0.0
0.0
0.2530562347188264
0.2552413456850317
0.2552413456850317
0.0
0.2553035844915874
0.0
0.25288485146083967
0.0
0.0
0.0
0.0
0.0
0.2553035844915874
0.4354867734389059
0.0
0.25311812179016874
0.0
0.0
0.0
0.0
0.0
0.0
0.0
0.35962264150943396
0.0
0.0
0.2690782953419227
0.0
0.0
0.0
0.0
0.0
0.0
0.0
0.0
0.0
0.4354867734389059
0.0
0.0
0.0
0.0
0.0
0.0
0.0
0.0
0.0
0.0
0.0
0.0
0.0
0.0
0.0
0.0
0.0
0.0
0.0
0.0
0.0
0.0
0.0
0.0
0.0
0.0
0.0
0.0
0.16272247212986504
0.0
0.0
0.0
0.0
0.0
0.0
0.0
0.0
0.2898413450153919
0.0
0.0
0.0
0.0
0.0
0.0
0.0
0.4354867734389059
0.2909952606635071
0.0
0.0
0.0
0.0
0.3779496331548681
0.0
0.0
0.0
0.0
0.0
0.0
0.0
0.0
0.0
0.0
0.0
0.0
0.0
0.0
0.0
0.0
0.0
0.0
0.0
0.0
0.0
0.0
0.0
0.0
0.0
0.0
0.0
0.0
0.0
0.0
0.0
0.0
0.0
0.0
0.0
0.0
0.0
0.0
0.0
0.0
0.0
0.0
0.0
0.0
0.0
0.0
0.0
0.0
0.0
0.0
0.28084163898117387
0.0
0.0
0.0
0.0
0.0
0.0
0.298339957914426
0.0
0.0
0.0
0.0
0.0
0.0
0.2909952606635071
0.2984097287184284
