0.2036543585839361
0.1154020899591095
0.0751708428246014
0.12044105173876163
0.18826815642458106
0.07813982916798479
0.17642198044346513
0.2619718309859155
0.10292682926829266
0.12264545835077434
0.15367965367965364
0.17647058823529416
0.17017930166719097
0.2632420547671397
0.040825096691018525
0.06522578155152448
0.21913683506189363
0.08651685393258424
0.04952581664910427
0.13833255705635772
0.13983050847457623
0.17962304140488983
0.18826815642458106
0.12339011217282925
0.25160335471139617
0.25357106676121977
0.16841039487006415
0.17959585256943922
0.10742857142857143
0.21047419958191216
0.12095312095312094
0.17647058823529416
0.2034994294408521
0.07960199004975121
0.17519924354991223
0.1311647429171039
0.07293271700051362
0.08729714605484051
0.1551067704022513
0.17002518891687657
0.24415960305974782
0.125280646609789
0.24426059979317472
0.08043742405832321
0.07960199004975121
0.13198757763975155
0.11758118701007836
0.08768971332209108
0.17002518891687657
0.13134484563055993
0.13389049974415823
0.08025603151157068
0.11777535441657583
0.11823204419889499
0.20271800679501695
0.2235228539576366
0.19826652221018415
0.04963262857999695
0.24426059979317472
0.08043217286914761
0.2036543585839361
0.1727541954590326
0.863013698630137
0.17642198044346513
0.05726364335126821
0.086858432036097
0.8776758409785933
0.21913683506189363
0.21884396926161043
0.1177111716621253
0.17647058823529416
0.11590171534538707
0.24426059979317472
0.22023608768971337
0.20379506641366218
0.2940931780366056
0.144012321909896
0.07529055078322389
0.06481843030066381
0.17473741645068885
0.24363788068418857
0.06465350367789391
0.17642198044346513
0.20405063291139236
0.09146510981373368
0.07943578322197475
0.12044105173876163
0.21899030424607158
0.2186139939738868
0.12054329371816641
0.2253058788421367
0.1681711802072885
0.08695652173913049
0.27315302657768414
0.2358393408856848
0.2358393408856848
0.20271800679501695
0.12054329371816641
0.08643388666285057
0.07285787583376091
0.17637339942172658
0.17642198044346513
0.17642198044346513
0.05041518386714117
0.24363788068418857
0.24426059979317472
0.3129111438389789
0.14489153833416124
0.17002518891687657
0.24426059979317472
0.07493014986029967
0.2823235477826358
0.08644729503625204
0.11794019933554822
0.20905172413793105
0.1335841956726247
0.2253058788421367
0.17642198044346513
0.1314168377823408
0.2335834896810507
0.20304761904761903
0.20751761942051683
0.15972812234494482
0.15990259740259738
0.17647058823529416
0.11800554016620501
0.20633620101051486
0.18688524590163935
0.11590171534538707
0.1850416585932959
0.18079833028959036
0.08850429154354866
0.24426059979317472
0.2235228539576366
0.18587662337662336
0.1113130395274875
0.20287117491499806
0.17515192437542204
0.12264545835077434
0.20415400202634248
0.10442613527495692
0.2235228539576366
0.16845329249617147
0.24426059979317472
0.17002518891687657
0.0729701952723536
0.21899030424607158
0.18713711478338546
0.07988165680473369
0.12264545835077434
0.5682539682539682
0.12054329371816641
0.12264545835077434
0.2729612729612729
0.12044105173876163
0.2503972333862978
0.12054329371816641
0.2529911565805445
0.12098138747884946
0.12108382726502964
0.12054329371816641
0.1337817638266069
0.1070615034168565
0.12054329371816641
0.10769230769230764
0.075638755375664
0.07524702305548514
0.12044105173876163
0.12091641917691986
0.1208791208791209
0.12044105173876163
0.1208791208791209
0.12081390419669347
0.22333225910409282
0.07524702305548514
0.07333333333333336
0.22463533225283627
0.32298507462686565
0.0730077120822622
0.12064570943075614
0.9563636363636363
0.075638755375664
0.12081390419669347
0.05230202578268872
0.13779527559055116
0.049858262464565595
0.2510129268763265
0.1180661577608142
0.2510129268763265
0.12116040955631402
0.32290796227766505
0.12033898305084745
0.0478436657681941
0.12044105173876163
0.12044105173876163
0.21930116472545758
0.12033898305084745
0.12044105173876163
0.06250825954803751
0.12054329371816641
0.18587662337662336
0.2551790204765896
0.14356435643564358
0.2534246575342466
0.215352497189658
0.24426059979317472
0.2551790204765896
0.11517761033369212
0.24415960305974782
0.18587662337662336
0.24790652385589096
0.18713932399010713
0.18079833028959036
0.12054329371816641
0.32948964339098863
0.18587662337662336
0.21350451735615783
0.24415960305974782
0.1296477495107632
0.044192898123740165
0.23053435114503817
0.26254295532646044
0.21341943613167424
0.21341943613167424
0.07729352275463519
0.2625305623471883
0.11511553953784182
0.20703754181637968
0.21341943613167424
0.20307988450433112
0.17381051463448471
0.21565469479787402
0.21335222799559128
0.21335222799559128
0.2384509534106546
0.21341943613167424
0.12896825396825395
0.18700874981462257
0.22776693615834964
0.22776693615834964
0.21341943613167424
0.2154166000319846
0.12976362759286064
0.22776693615834964
0.21341943613167424
0.2290406222990493
0.21341943613167424
0.12033898305084745
0.1875
0.21341943613167424
0.24426059979317472
0.20231585718880674
0.21341943613167424
0.1870719178082192
0.24426059979317472
0.12033898305084745
0.1873963515754561
0.1708094327597196
0.17002518891687657
0.1872322193658955
0.22776693615834964
0.24426059979317472
0.24436168011587
0.18587662337662336
0.21481952615678168
0.18587662337662336
0.21398070536137914
0.21560443088778292
0.24426059979317472
0.12077702702702697
0.21341943613167424
0.12044105173876163
0.2425222312045271
0.18640489761452395
0.14473684210526316
0.18587662337662336
0.21579371474617248
0.12044105173876163
0.2648858379346366
0.21341943613167424
0.11106032906764163
0.20112914608327448
0.18812709030100339
0.12054329371816641
0.18587662337662336
0.2741284403669725
0.18587662337662336
0.12071156289707752
0.1931703082043119
0.24426059979317472
0.12054329371816641
0.1877559818926493
0.22776693615834964
0.11499018110408032
0.20703754181637968
0.2146162438168182
0.21341943613167424
0.24426059979317472
0.24426059979317472
0.18702574021722962
0.18587662337662336
0.21463960364391876
0.24415960305974782
0.1447897623400366
0.1284755512943433
0.18768206408655852
0.18587662337662336
0.12081390419669347
0.18587662337662336
0.18711276332094173
0.21341943613167424
0.1447897623400366
0.13663890991672978
0.1251256281407035
0.2123397435897436
0.19108280254777066
0.20307988450433112
0.18587662337662336
0.12930411750541781
0.1727541954590326
0.22122963741460855
0.12877662209014362
0.18587662337662336
0.24426059979317472
0.24426059979317472
0.12071156289707752
0.18587662337662336
0.21459295841962722
0.20703754181637968
0.17935174069627846
0.14378834355828218
0.24649446494464944
0.24426059979317472
0.22776693615834964
0.18715203426124194
0.20800500312695436
0.1285988483685221
0.2371475953565506
0.14390432098765427
0.2222389633870725
0.12054329371816641
0.12054329371816641
0.17805087167762212
0.21341943613167424
0.12054329371816641
0.21341943613167424
0.16960402838178068
0.2529911565805445
0.24415960305974782
0.11471160077770581
0.12108382726502964
0.1447897623400366
0.2534246575342466
0.1285988483685221
0.12033898305084745
0.18582214765100669
0.12033898305084745
0.24426059979317472
0.26087659712113864
0.12044105173876163
0.21579371474617248
0.22776693615834964
0.18587662337662336
0.07813982916798479
0.21335222799559128
0.20112781954887216
0.12081390419669347
0.20112781954887216
0.24426059979317472
0.12044105173876163
0.12044105173876163
0.14369158878504673
0.21459295841962722
0.1284755512943433
0.24426059979317472
0.12126387702818109
0.07319587628865976
0.12159863945578231
0.24474942815554168
0.12159863945578231
0.12116040955631402
0.24464768239451262
0.18090717299578063
0.2448512585812357
0.16099930603747392
0.12729912875121008
0.1746718592240012
0.07319587628865976
0.22873982598933484
0.12116040955631402
0.12044105173876163
0.12136752136752138
0.12153518123667373
0.12149532710280375
0.12054329371816641
0.12116040955631402
0.2032024399542509
0.12105711849957379
0.1746718592240012
0.12136752136752138
0.12159863945578231
0.12190963341858485
0.12126387702818109
0.12044105173876163
0.24474942815554168
0.12044105173876163
0.17796365734064035
0.16081972907259467
0.12116040955631402
0.12116040955631402
0.16084399861639576
0.2241102917601795
0.15883050177795333
0.2034994294408521
0.17796365734064035
0.16077616077616075
0.12159863945578231
0.17793183131138068
0.08043217286914761
0.08043217286914761
0.13156526261050439
0.0730077120822622
0.17917448405253278
0.08653846153846156
0.12044105173876163
0.2758349263465647
0.15367965367965364
0.2184677149548344
0.12134540750323419
0.17519924354991223
0.1210158072039389
0.12044105173876163
0.11826762909494726
0.13833255705635772
0.16422513492675406
0.2335834896810507
0.21532788199454866
0.12113809455381519
0.20425747592498733
0.1216216216216216
0.2000790826413602
0.16841039487006415
0.14589665653495443
0.05726364335126821
0.11101123595505613
0.17260108630054316
0.2509161041465766
0.13156526261050439
0.0730077120822622
0.12044105173876163
0.11803278688524588
0.08043742405832321
0.08611898016997166
0.24200594094006644
0.07960199004975121
0.13416230366492143
0.2534246575342466
0.06663724624889678
0.12044105173876163
0.21913683506189363
0.07325819672131151
0.13389049974415823
0.2251823187974401
0.07309566555527058
0.20271800679501695
0.11731843575418999
0.08043217286914761
0.16468330134357
0.12098138747884946
0.14520456069751841
0.07893438579181056
0.17002518891687657
0.12170212765957444
0.14379084967320266
0.2036543585839361
0.17107811491284697
0.20788362271234162
0.2940931780366056
0.17647058823529416
0.09184502844757514
0.17647058823529416
0.17054559328500574
0.21913683506189363
0.14391000775795193
0.08106830536516185
0.17540733197556013
0.17805087167762212
0.11471160077770581
0.20379506641366218
0.04536367830232202
0.1636503658067
0.15946913840320198
0.10636515912897826
0.05726364335126821
0.15367965367965364
0.14519427402862983
0.14090217942219974
0.05066666666666664
0.24482988659106075
0.0729701952723536
0.17647058823529416
0.2021236253318165
0.0729701952723536
0.1681711802072885
0.08043217286914761
0.21913683506189363
0.17642198044346513
0.04974993419320872
0.08643388666285057
0.11028119507908607
0.12608918503331623
0.11101163831692029
0.17473741645068885
0.13157894736842102
0.12054329371816641
0.12044105173876163
0.08043217286914761
0.2472720547438506
0.24363788068418857
0.086858432036097
0.12108382726502964
0.14489153833416124
0.24332200097134526
0.2358393408856848
0.2532669570628501
0.11106074342701722
0.17642198044346513
0.13056133056133057
0.08158396946564883
0.2823235477826358
0.1929019427872113
0.2532669570628501
0.12054329371816641
0.124777183600713
0.11777535441657583
0.13215400624349638
0.10268948655256727
0.2335834896810507
0.2335834896810507
0.21913683506189363
0.05873679036618329
0.08615738081562319
0.08615738081562319
0.20304761904761903
0.08605851979345958
0.17002518891687657
0.15990259740259738
0.1880484747179273
0.17313150425733204
0.17647058823529416
0.20197044334975367
0.0730077120822622
0.1175166297117517
0.14489153833416124
0.13020408163265307
0.07475247524752471
0.1727541954590326
0.1709646609360076
0.07285787583376091
0.20287117491499806
0.17647058823529416
0.27589697446856376
0.15014367816091956
0.2236884454457676
0.20153428160460285
0.11591355599214148
0.22764001114516574
0.11568718186024984
0.06479313036690082
0.2358393408856848
0.8545454545454545
0.21899030424607158
0.17642198044346513
0.18616118341282029
0.0729701952723536
0.12044105173876163
0.07524702305548514
0.12054329371816641
0.2529911565805445
0.12054329371816641
0.1227632126508531
0.2530789245446661
0.12044105173876163
0.10730593607305938
0.2530789245446661
0.2034994294408521
0.1216216216216216
0.04972375690607733
0.2529911565805445
0.12172442941673711
0.12264545835077434
0.18598382749326148
0.12264545835077434
0.12064570943075614
0.12286547271970016
0.32290796227766505
0.2529911565805445
0.04989495798319332
0.044044665012407
0.07380830343413636
0.20287117491499806
0.044044665012407
0.12091641917691986
0.17477269447250687
0.2193656093489148
0.25297113752122236
0.07377049180327866
0.12054329371816641
0.0441791970237172
0.0730077120822622
0.12064570943075614
0.07377049180327866
0.075638755375664
0.0730077120822622
0.12126387702818109
0.12081390419669347
0.0729701952723536
0.12098138747884946
0.0729701952723536
0.0478436657681941
0.1180661577608142
0.12044105173876163
0.17734130372900658
0.227717239452361
0.12143161482743925
0.14519204576409694
0.12054329371816641
0.12044105173876163
0.12054329371816641
0.15975103734439833
0.17519924354991223
0.07436787307882997
0.19870176703930764
0.24961922491115252
0.24415960305974782
0.07192870782940797
0.12033898305084745
0.2034994294408521
0.211318795430945
0.07647202540923526
0.17647058823529416
0.17647058823529416
0.07377049180327866
0.12044105173876163
0.17004203286205577
0.23968784838350055
0.07317073170731703
0.07650941090197994
0.863013698630137
0.24961922491115252
0.8703703703703703
0.17519924354991223
0.8623853211009174
0.17519924354991223
0.17303795758476292
0.07601476014760145
0.145144804088586
0.17519924354991223
0.07436787307882997
0.8623853211009174
0.2530789245446661
0.17647058823529416
0.17647058823529416
0.23876790268785564
0.14519427402862983
0.10174029451137889
0.0728952772073922
0.19884518224467707
0.07472583524611065
0.07320832263036214
0.07293271700051362
0.21899030424607158
0.17647058823529416
0.20697167755991286
0.20256506978498678
0.12218910864264432
0.16769759450171817
0.0954303931987247
0.07380830343413636
0.8703703703703703
0.24189953711640666
0.8623853211009174
0.24415960305974782
0.24405868981194456
0.0729701952723536
0.07650941090197994
0.17647058823529416
0.07317073170731703
0.10742857142857143
0.17519924354991223
0.0730077120822622
0.0729701952723536
0.07472583524611065
0.12799088492214206
0.17647058823529416
0.17642198044346513
0.10095994703740485
0.0728952772073922
0.0731331793687452
0.17519924354991223
0.205970966858395
0.17647058823529416
0.09131279489314459
0.23765252760023248
0.09012875536480691
0.24265352806616225
0.18587662337662336
0.3221183800623053
0.8623853211009174
0.17647058823529416
0.17519924354991223
0.16949043355021576
0.17647058823529416
0.17647058823529416
0.2335834896810507
0.21884396926161043
0.17519924354991223
0.07433102081268583
0.14451762882603647
0.17647058823529416
0.2529911565805445
0.2530789245446661
0.17647058823529416
0.15960207612456745
0.0728952772073922
0.07293271700051362
0.12126387702818109
0.09196891191709844
0.12077294685990336
0.07293271700051362
0.07320832263036214
0.07433102081268583
0.8703703703703703
0.17519924354991223
0.17519924354991223
0.8703703703703703
0.17647058823529416
0.24436168011587
0.8475336322869955
0.18587662337662336
0.07285787583376091
0.21088082901554406
0.12126245847176076
0.17519924354991223
0.24405868981194456
0.17647058823529416
0.17642198044346513
0.07436787307882997
0.17647058823529416
0.22166874221668742
0.12098138747884946
0.07320832263036214
0.20271800679501695
0.17637339942172658
0.0730077120822622
0.07397260273972606
0.0728952772073922
0.17519924354991223
0.16317991631799167
0.17519924354991223
0.23968784838350055
0.17637339942172658
0.17519924354991223
0.17647058823529416
0.07520891364902504
0.0730077120822622
0.20257695060844672
0.17483281015422414
0.19884518224467707
0.07317073170731703
0.17815270231627112
0.10102683007618418
0.17647058823529416
0.07317073170731703
0.20334473584188517
0.16311787072243344
0.2384509534106546
0.15384615384615385
0.07373271889400923
0.17473741645068885
0.20256506978498678
0.07380830343413636
0.24405868981194456
0.17647058823529416
0.10769230769230764
0.20257695060844672
0.07377463365336023
0.0729701952723536
0.21832163156135076
0.12108382726502964
0.20354906054279753
0.16353989008906578
0.12033898305084745
0.2384509534106546
0.24640555280118992
0.17642198044346513
0.07436787307882997
0.27589697446856376
0.1629686304514154
0.09217952163396936
0.2036405005688282
0.1968219573853377
0.0728952772073922
0.16855558234868584
0.07320832263036214
0.18587662337662336
0.17647058823529416
0.24436168011587
0.12108382726502964
0.17647058823529416
0.09156293222683265
0.0729701952723536
0.12159863945578231
0.07520891364902504
0.21088082901554406
0.17647058823529416
0.17642198044346513
0.12108382726502964
0.2530789245446661
0.17647058823529416
0.0729701952723536
0.16353887399463807
0.17519924354991223
0.25316675342703454
0.07472583524611065
0.07933349912956977
0.2384509534106546
0.15384615384615385
0.24415960305974782
0.8703703703703703
0.2530789245446661
0.24415960305974782
0.24292816732384703
0.2530789245446661
0.17647058823529416
0.07293271700051362
0.0730077120822622
0.16317991631799167
0.07436749297214418
0.08396946564885499
0.16317991631799167
0.17519924354991223
0.2034994294408521
0.2036405005688282
0.12044105173876163
0.17519924354991223
0.21884396926161043
0.14447806354009074
0.06702533064335348
0.06572680510573448
0.08144256030570818
0.1739502999143102
0.14295977011494254
0.2626510759555861
0.14295977011494254
0.24780028647431962
0.04977613905715039
0.10451680672268904
0.09164871978942335
0.11972942502818484
0.07317073170731703
0.18022214260121816
0.22587968217934162
0.13542463657230297
0.13542463657230297
0.0729701952723536
0.21665381649961446
0.04977613905715039
0.11972942502818484
0.2503972333862978
0.049858262464565595
0.049858262464565595
0.32298507462686565
0.049858262464565595
0.049858262464565595
0.049858262464565595
0.04813194210703464
0.049841640273378895
0.049858262464565595
0.049858262464565595
0.049858262464565595
0.04957436154231343
0.0731331793687452
0.12302983932670242
0.24550495715005882
0.21899030424607158
0.12041637094866331
0.12033898305084745
0.1641907740422205
0.2433042917070023
0.24436168011587
0.18484210526315792
0.12044105173876163
0.12033898305084745
0.8623853211009174
0.1866364198803877
0.8623853211009174
0.0714285714285714
0.04977613905715039
0.26206896551724135
0.18541930046354826
0.24454802730148162
0.09163160355306221
0.11615925058548005
0.12769988632057594
0.12077702702702697
0.12064570943075614
0.1230734867098503
0.1614420062695925
0.20095797953407357
0.12759643916913943
0.16376979528775593
0.12044105173876163
0.2637280537915577
0.18603661132396765
0.24461512773417937
0.12077702702702697
0.20985532158716513
0.18306351183063507
0.24531459170013392
0.12341407151095729
0.26368903008783406
0.12044105173876163
0.18481435127242385
0.12335715932672353
0.8545454545454545
0.12089049961170073
0.2034994294408521
0.2609692206941716
0.1205733558178752
0.8552036199095022
0.17815270231627112
0.1876176532106254
0.12064570943075614
0.18603661132396765
0.18603661132396765
0.20103213699272815
0.12752188808526832
0.24342635909017585
0.8703703703703703
0.863013698630137
0.12033898305084745
0.24306898774983876
0.12044105173876163
0.12144702842377264
0.12144702842377264
0.24409710675091456
0.17815270231627112
0.12756264236902048
0.12044105173876163
0.209947120194369
0.16383307573415762
0.863013698630137
0.8545454545454545
0.1217750257997936
0.16332819722650227
0.1853265479219678
0.8703703703703703
0.19870176703930764
0.12131423757371529
0.1211778029445073
0.24436168011587
0.18751300728407905
0.8623853211009174
0.16383307573415762
0.20095797953407357
0.09222520107238608
0.1876176532106254
0.8545454545454545
0.1876176532106254
0.12335715932672353
0.12335715932672353
0.24614107883817427
0.24614107883817427
0.10330830119748324
0.8545454545454545
0.07309941520467833
0.12044105173876163
0.12033898305084745
0.12033898305084745
0.12335715932672353
0.8545454545454545
0.1208791208791209
0.1230734867098503
0.24576413353464188
0.8545454545454545
0.8545454545454545
0.2655068078668684
0.27589697446856376
0.12162723121627228
0.12172442941673711
0.8623853211009174
0.1876046901172529
0.1853265479219678
0.2432432432432432
0.2006193320061933
0.24436168011587
0.12064570943075614
0.1214657317349016
0.06754675467546756
0.1849978929624947
0.8703703703703703
0.12033898305084745
0.8623853211009174
0.18640576725025748
0.26618431073876614
0.1208791208791209
0.26206896551724135
0.09251844046364599
0.2036543585839361
0.8545454545454545
0.18572035699107525
0.1849978929624947
0.20304761904761903
0.18546683565694977
0.12077702702702697
0.24011461318051575
0.12318840579710144
0.2637280537915577
0.17815270231627112
0.8623853211009174
0.054730258014073496
0.16326530612244894
0.20095797953407357
0.12301853092208082
0.27315302657768414
0.16326530612244894
0.8703703703703703
0.2099154606677175
0.12077702702702697
0.18753920133807234
0.8703703703703703
0.8703703703703703
0.12064570943075614
0.12150982419855227
0.8545454545454545
0.17815270231627112
0.8468468468468469
0.18603661132396765
0.20227531285551759
0.1210158072039389
0.8623853211009174
0.2186139939738868
0.24614107883817427
0.1208791208791209
0.8545454545454545
0.1230734867098503
0.12095312095312094
0.09189189189189184
0.12324367723805696
0.8703703703703703
0.18658107268585633
0.2095414940722754
0.18306351183063507
0.20241236336223145
0.12044105173876163
0.8545454545454545
0.8623853211009174
0.1631782945736434
0.8703703703703703
0.24526404023470239
0.20271800679501695
0.2186139939738868
0.1230734867098503
0.1876176532106254
0.1864825880898413
0.21899030424607158
0.18738249425527476
0.8475336322869955
0.8545454545454545
0.16229116945107402
0.12077702702702697
0.863013698630137
0.20095797953407357
0.24436168011587
0.12095312095312094
0.22774501544509973
0.13089005235602091
0.24515698062792246
0.18766923557592163
0.12134540750323419
0.8623853211009174
0.8545454545454545
0.17805087167762212
0.11965811965811968
0.24011461318051575
0.8545454545454545
0.1876046901172529
0.863013698630137
0.17815270231627112
0.8703703703703703
0.18306351183063507
0.26206896551724135
0.1230734867098503
0.26206896551724135
0.1876176532106254
0.8475336322869955
0.18587834963845173
0.18603661132396765
0.20379506641366218
0.26251039068994186
0.8545454545454545
0.24314737181554336
0.12179739850216786
0.2186139939738868
0.18549747048903875
0.863013698630137
0.24515698062792246
0.8703703703703703
0.24332200097134526
0.863013698630137
0.8545454545454545
0.2186139939738868
0.2186139939738868
0.181228934404978
0.8545454545454545
0.8703703703703703
0.8545454545454545
0.8545454545454545
0.8545454545454545
0.8545454545454545
0.863013698630137
0.12335715932672353
0.8545454545454545
0.8545454545454545
0.8545454545454545
0.2036543585839361
0.2433042917070023
0.20256506978498678
0.12077702702702697
0.1441436370799798
0.12033898305084745
0.863013698630137
0.863013698630137
0.8623853211009174
0.863013698630137
0.12064570943075614
0.12033898305084745
0.2235445480862014
0.24494907330105198
0.863013698630137
0.8545454545454545
0.2184677149548344
0.2186139939738868
0.2186139939738868
0.2186139939738868
0.2184677149548344
0.2184677149548344
0.2186139939738868
0.1808927173061864
0.2186139939738868
0.2186139939738868
0.2184677149548344
0.2184677149548344
0.2186139939738868
0.2184677149548344
0.2184677149548344
0.2184677149548344
0.04787592717464595
0.12054329371816641
0.12054329371816641
0.12054329371816641
0.2184677149548344
0.2186139939738868
0.2186139939738868
0.2184677149548344
0.2184677149548344
0.2184677149548344
0.2184677149548344
0.2184677149548344
0.2186139939738868
0.2186139939738868
0.12118644067796613
0.2184677149548344
0.2184677149548344
0.2184677149548344
0.2184677149548344
0.2184677149548344
0.21832163156135076
0.2184677149548344
0.21832163156135076
0.12054329371816641
0.12151898734177213
0.2186139939738868
0.12077702702702697
0.1208791208791209
0.12098138747884946
0.1208791208791209
0.1208791208791209
0.1208791208791209
0.12077702702702697
0.1208791208791209
0.12064570943075614
0.12077702702702697
0.12077702702702697
0.12054329371816641
0.12054329371816641
0.12054329371816641
0.12054329371816641
0.12054329371816641
0.12054329371816641
0.12044105173876163
0.12044105173876163
0.12054329371816641
0.12054329371816641
0.12054329371816641
0.12054329371816641
0.12054329371816641
0.12054329371816641
0.12054329371816641
0.12054329371816641
0.12054329371816641
0.12054329371816641
0.12054329371816641
0.12054329371816641
0.12054329371816641
0.12054329371816641
0.12044105173876163
0.12054329371816641
0.12054329371816641
0.12054329371816641
0.12054329371816641
0.12054329371816641
0.12054329371816641
0.12054329371816641
0.12044105173876163
0.12044105173876163
0.12033898305084745
0.12033898305084745
0.12044105173876163
0.12054329371816641
0.12044105173876163
0.12033898305084745
0.12044105173876163
0.12044105173876163
0.12044105173876163
0.12054329371816641
0.12054329371816641
0.12054329371816641
0.12077702702702697
0.12054329371816641
0.12054329371816641
0.12044105173876163
0.12044105173876163
0.12044105173876163
0.12033898305084745
0.12033898305084745
0.12033898305084745
0.12044105173876163
0.12044105173876163
0.12054329371816641
0.12054329371816641
0.12054329371816641
0.12064570943075614
0.12054329371816641
0.12044105173876163
0.12044105173876163
0.12044105173876163
0.12044105173876163
0.12044105173876163
0.12044105173876163
0.1208791208791209
0.12044105173876163
0.12033898305084745
0.12071156289707752
0.12044105173876163
0.12044105173876163
0.12054329371816641
0.12054329371816641
0.12044105173876163
0.12054329371816641
0.12054329371816641
0.12044105173876163
0.12054329371816641
0.12054329371816641
0.12071156289707752
0.12071156289707752
0.12071156289707752
0.2184677149548344
0.07231709888256377
0.12033898305084745
0.12033898305084745
0.12033898305084745
0.12033898305084745
0.12033898305084745
0.12044105173876163
0.12071156289707752
0.12044105173876163
0.04222948954926775
0.12071156289707752
0.12033898305084745
0.12044105173876163
0.12044105173876163
0.12044105173876163
0.20380952380952377
0.07528517110266164
0.06505931879066207
0.12054329371816641
0.2184677149548344
0.12044105173876163
0.12044105173876163
0.16670525584626072
0.12044105173876163
0.13071200850159403
0.12054329371816641
0.12033898305084745
0.15965166908563133
0.15998528870908424
0.16846569005397072
0.06503442999234887
0.06503442999234887
0.13061946902654864
0.16826003824091773
0.1436870642912471
0.18921328281702698
0.12054329371816641
0.12044105173876163
0.12044105173876163
0.12054329371816641
0.12044105173876163
0.12054329371816641
0.12044105173876163
0.17552376085845678
0.16692015209125477
0.056743909685086136
0.12044105173876163
0.12054329371816641
0.12085106382978728
0.07758251178739817
0.12054329371816641
0.12054329371816641
0.13085106382978728
0.12044105173876163
0.12044105173876163
0.12071156289707752
0.2474694589877836
0.1245847176079734
0.12149532710280375
0.12044105173876163
0.12044105173876163
0.12044105173876163
0.13256113256113256
0.12149532710280375
0.04196898563095741
0.12044105173876163
0.12044105173876163
0.12044105173876163
0.12054329371816641
0.12044105173876163
0.12044105173876163
0.17335115864527628
0.1885292447473027
0.07905138339920947
0.2022693635915146
0.12033898305084745
0.1732739420935412
0.05676077265973256
0.08282582216808765
0.14357585139318885
0.6805555555555556
0.18025647229615294
0.18025647229615294
0.12091641917691986
0.18025647229615294
0.17046548956661312
0.17961048328925222
0.18025647229615294
0.18025647229615294
0.09111424541607893
0.08624708624708621
0.10163710777626189
0.5463215258855586
0.10170648464163823
0.12044105173876163
0.1796363636363636
0.17397753761390122
0.10261437908496729
0.22425409047160727
0.22425409047160727
0.22425409047160727
0.22425409047160727
0.12054329371816641
0.04685852041585048
0.1024423337856174
0.18201387227935906
0.12251655629139069
0.14295532646048115
0.10170648464163823
0.1952662721893491
0.1024423337856174
0.14520958083832336
0.13354231974921627
0.12380952380952381
0.12054329371816641
0.17422721798474505
0.13921034717494896
0.1442940038684719
0.19717272861139745
0.2425184609405363
0.2929547844374343
0.10215053763440862
0.2034910427193385
0.12054329371816641
0.12674990541051834
0.17676556623485162
0.19691660826909596
0.17515274949083504
0.13151999999999997
0.14535182331792507
0.42829220620571706
0.1453050034270048
0.15490909090909089
0.21395348837209305
0.0728952772073922
0.13782796413151777
0.18353226085452345
0.12674990541051834
0.12674990541051834
0.12674990541051834
0.12674990541051834
0.12674990541051834
0.12674990541051834
0.12674990541051834
0.12674990541051834
0.12674990541051834
0.12674990541051834
0.12674990541051834
0.12674990541051834
0.12674990541051834
0.12674990541051834
0.12674990541051834
0.12674990541051834
0.12674990541051834
0.12674990541051834
0.12655836796373254
0.1269187570198428
0.12674990541051834
0.1429560401523018
0.12655836796373254
0.17372881355932202
0.12683477606322924
0.1594202898550725
0.12701386286998873
0.13686534216335544
0.17990823472591166
0.15727109515260318
0.19489723600283482
0.17409766454352438
0.17409766454352438
0.15847801994828226
0.12683477606322924
0.17634768073547846
0.17423442449841609
0.1637362637362637
0.18024193548387102
0.16530973451327435
0.13191051684237598
0.13191051684237598
0.33536851286524205
0.16530973451327435
0.15082824760244118
0.13191051684237598
0.10651085141903172
0.12880210289147576
0.11715003425439596
0.12044105173876163
0.1801692865779927
0.1802481148139139
0.12701386286998873
0.13191051684237598
0.1373516263295822
0.15249813571961224
0.18025647229615294
0.1670895251902863
0.1657142857142857
0.1657142857142857
0.1657142857142857
0.24568043442488074
0.24506122448979595
0.2034994294408521
0.1806823642479577
0.1288343558282209
0.1684131736526946
0.11371841155234652
0.22439807383627608
0.17372881355932202
0.1741573033707865
0.19943582510578284
0.16666666666666663
0.12890025575447572
0.20161160354552776
0.16593886462882101
0.12398703403565636
0.15890969775635078
0.107074569789675
0.15890969775635078
0.12683477606322924
0.04785979103471516
0.24507694853549566
0.24491483380188528
