0.0
0.0
0.01946721311475408
0.011856474258970406
0.0
0.0
0.0
0.03003663003663004
0.0
0.012549537648612996
0.0
0.009693053311793265
0.0
0.0
0.033924441017733176
0.0
0.025087807325639755
0.00967221923696937
0.0
0.0
0.0
0.016274864376130238
0.005505597357313263
0.03003663003663004
0.034766697163769456
0.0
0.025041736227045086
0.0
0.009702457956015542
0.0
0.021914648212226107
0.009937065253395216
0.010454362685967
0.014117647058823568
0.01229375606599803
0.015691007845503924
0.02729181245626311
0.02414330218068539
0.0
0.035348837209302375
0.009615384615384581
0.03176403857061827
0.03071948261924007
0.014580801944106936
0.02717391304347827
0.029816513761467878
0.008560311284046662
0.01218026796589522
0.03003663003663004
0.012376237623762387
0.0
0.01732101616628179
0.02188940092165903
0.0331010452961672
0.00686856072432096
0.0
0.030694668820678506
0.01946721311475408
0.0179924242424242
0.027881040892193343
0.02933985330073352
0.018246325392802798
0.0
0.010852090032154371
0.015805471124620052
0.012492192379762623
0.0
0.02717391304347827
0.0
0.012545394519643427
0.0
0.016279069767441867
0.0
0.0
0.0
0.012172854534388322
0.012553683515031389
0.012226184411614827
0.0
0.0
0.0
0.0
0.0
0.009819967266775809
0.01741149158444577
0.009791921664626724
0.0
0.01132075471698113
0.009564293304994642
0.0
0.0
0.011201629327902252
0.0
0.02717391304347827
0.013763129300977894
0.023178807947019875
0.035310734463276816
0.0
0.015115729806329692
0.008450704225352101
0.0
0.014814814814814836
0.014714898835070489
0.0
0.012492192379762623
0.01946721311475408
0.011732016054337713
0.011542497376705096
0.009729729729729741
0.02414330218068539
0.0
0.01995395241749809
0.011867088607594889
0.0
0.01121876593574711
0.0
0.015587529976019199
0.012399256044637319
0.0
0.018860807242550015
0.012549537648612996
0.03139013452914796
0.03831417624521072
0.01732101616628179
0.009937065253395216
0.0
0.0386206896551724
0.009711880867594669
0.012406947890818865
0.0060240963855421326
0.016338298894762127
0.02910413824465663
0.0
0.0
0.0
0.02729181245626311
0.011494252873563204
0.012289780077619716
0.0
0.019130434782608674
0.011327879169288901
0.016000000000000014
0.02954545454545454
0.0
0.019855595667869985
0.035310734463276816
0.0
0.0
0.0
0.0
0.0
0.0
0.0
0.0
0.0
0.0
0.0
0.0
0.0
0.0
0.0
0.0
0.0
0.0
0.0
0.0
0.0
0.0
0.0
0.0
0.0
0.0
0.0
0.0
0.0
0.0
0.0
0.0
0.0
0.0
0.0
0.0
0.0
0.0
0.0
0.0
0.0
0.0
0.0
0.0
0.0
0.0
0.0
0.0
0.0
0.0
0.0
0.0
0.0
0.0
0.009009009009009028
0.008828250401284099
0.009661835748792313
0.021018593371059047
0.0
0.0
0.009009009009009028
0.009009009009009028
0.0
0.020364415862808127
0.01591187270501837
0.0
0.018035121025154255
0.018035121025154255
0.011627906976744207
0.0
0.017155506364139428
0.0
0.03291278113000551
0.009104704097116834
0.014637904468412954
0.016136687233032743
0.019230769230769273
0.019457245263696854
0.010642652476463343
0.016957136128120553
0.011742892459826959
0.017804154302670572
0.011885895404120439
0.0
0.006008010680907838
0.0
0.014632268001540272
0.019240506329113893
0.014742014742014753
0.014637904468412954
0.0
0.016825574873808202
0.0
0.018035121025154255
0.011885895404120439
0.0
0.014637904468412954
0.011792452830188704
0.014637904468412954
0.016921397379912717
0.014637904468412954
0.0
0.01784651992861397
0.0330802603036876
0.020785219399538146
0.0
0.014637904468412954
0.0
0.012605042016806678
0.0
0.01015744032503807
0.018035121025154255
0.0
0.008792965627497984
0.014637904468412954
0.0
0.0
0.0
0.015765765765765716
0.0
0.018035121025154255
0.0
0.0
0.018035121025154255
0.013260530421216887
0.018035121025154255
0.011627906976744207
0.0
0.014637904468412954
0.0
0.01577287066246058
0.01358234295415961
0.014637904468412954
0.0128649183572489
0.01598653765250313
0.018035121025154255
0.011885895404120439
0.0
0.009169638308711203
0.0
0.018035121025154255
0.016710642040457357
0.011885895404120439
0.04041353383458646
0.018035121025154255
0.0
0.02857142857142858
0.0
0.0
0.007988380537400142
0.04703247480403139
0.0
0.010162601626016232
0.020507285483000515
0.011742892459826959
0.011755485893416906
0.014637904468412954
0.0
0.0
0.010136847440446073
0.018035121025154255
0.013322884012539227
0.0
0.015993265993266004
0.00801781737193763
0.020507285483000515
0.014669926650366705
0.00906801007556679
0.018035121025154255
0.01642512077294689
0.0
0.018035121025154255
0.0
0.021876799078871634
0.0
0.014637904468412954
0.02754237288135597
0.01553398058252431
0.02452107279693483
0.0
0.017804154302670572
0.018035121025154255
0.020585048754062862
0.0
0.017865538316878204
0.03074866310160429
0.014637904468412954
0.0
0.0
0.018035121025154255
0.0
0.014742014742014753
0.00903225806451613
0.013015184381778733
0.021657250470809797
0.0
0.018035121025154255
0.015122873345935761
0.010090817356205872
0.008140262993112102
0.007117437722419906
0.020507285483000515
0.014637904468412954
0.00824896887889015
0.009433962264150941
0.0
0.014637904468412954
0.0
0.0
0.014637904468412954
0.0
0.0
0.012536162005785889
0.0
0.0
0.015993265993266004
0.006566946369937932
0.02859237536656889
0.032432432432432434
0.009861932938856066
0.0
0.0
0.06390823433019255
0.0
0.011885895404120439
0.0
0.018035121025154255
0.0
0.020184544405997706
0.017804154302670572
0.0
0.020184544405997706
0.011853022520742829
0.0
0.0
0.0
0.016910935738444155
0.008068130883012059
0.020507285483000515
0.0
0.0
0.0
0.0
0.0
0.0
0.0
0.0
0.0
0.0
0.0
0.0
0.0
0.0
0.0
0.0
0.0
0.0
0.0
0.0
0.0
0.0
0.0
0.0
0.0
0.0
0.0
0.0
0.0
0.0
0.0
0.0
0.0
0.0
0.0
0.0
0.0
0.0
0.0
0.0
0.0
0.0
0.0
0.0
0.0
0.0
0.0
0.0
0.0
0.0
0.0
0.0
0.0
0.0
0.0
0.0
0.0
0.0
0.0
0.01762336354481364
0.01946721311475408
0.01946721311475408
0.01732101616628179
0.015805471124620052
0.020618556701030966
0.01582471089470483
0.0
0.0
0.02717391304347827
0.021902017291066334
0.0
0.054913294797687806
0.009705596894209023
0.01274623406720743
0.0
0.012612612612612595
0.03071948261924007
0.019963702359346636
0.006478781988986104
0.02717391304347827
0.0
0.0
0.02414330218068539
0.013679245283018893
0.025041736227045086
0.01134020618556697
0.01732101616628179
0.0
0.036363636363636376
0.012253233492171556
0.017311021350259637
0.010348792640858528
0.007484407484407485
0.03071948261924007
0.00840728631480614
0.008560311284046662
0.016129032258064502
0.0
0.0
0.009631490787269659
0.00686856072432096
0.012499999999999956
0.013639181649101051
0.01946721311475408
0.0279017857142857
0.01981981981981984
0.012553683515031389
0.005964214711729587
0.0352831940575673
0.009528851244044456
0.02717391304347827
0.008884940026654853
0.0
0.11573033707865166
0.0
0.0
0.005482790130977744
0.0
0.0
0.01769464105156726
0.011599511599511558
0.0
0.012536162005785889
0.0
0.021621621621621623
0.010907288051561714
0.012578616352201255
0.010454362685967
0.014713094654242309
0.013387660069848706
0.008478568064060332
0.011728395061728403
0.052044609665427455
0.023926046764545905
0.0
0.006157290792051517
0.0
0.0
0.01946721311475408
0.020618556701030966
0.014814814814814836
0.015596880623875209
0.03831417624521072
0.017017017017016967
0.0
0.0
0.006718346253229979
0.0
0.023607176581680878
0.011542497376705096
0.01218026796589522
0.014823965410747375
0.011867088607594889
0.0535571542765787
0.029565217391304355
0.035310734463276816
0.012553683515031389
0.012549537648612996
0.01936799184505611
0.0
0.023907666941467398
0.008064516129032251
0.011551983927674536
0.018860807242550015
0.01218026796589522
0.0
0.007876834944504085
0.013763129300977894
0.009713977334052881
0.01946721311475408
0.013639181649101051
0.0
0.009018036072144242
0.014742014742014753
0.0
0.009711880867594669
0.0
0.0
0.0
0.014509354715540268
0.016369764082811766
0.0
0.02933985330073352
0.009937065253395216
0.009937065253395216
0.0
0.0
0.007540846250523647
0.0071428571428571175
0.0
0.025087807325639755
0.0
0.0
0.0
0.0
0.0
0.0
0.0
0.0
0.0
0.0
0.0
0.0
0.0
0.0
0.0
0.0
0.0
0.0
0.0
0.0
0.0
0.0
0.0
0.0
0.0
0.0
0.0
0.0
0.0
0.0
0.0
0.0
0.0
0.0
0.0
0.0
0.0
0.0
0.0
0.0
0.0
0.0
0.0
0.0
0.0
0.0
0.0
0.0
0.0
0.0
0.0
0.0
0.0
0.0
0.0
0.0
0.0
0.009705596894209023
0.0
0.02064095600217275
0.01626898047722347
0.012798138452588703
0.0
0.05277777777777781
0.018026565464895672
0.021656050955414008
0.008893280632411016
0.017671517671517645
0.01573129251700678
0.008119079837618393
0.0
0.0
0.026881720430107503
0.0
0.05277777777777781
0.019719771665801744
0.0
0.01295896328293733
0.029720279720279685
0.01685144124168514
0.01229375606599803
0.00982318271119842
0.02064095600217275
0.009705596894209023
0.027803521779425355
0.01569037656903771
0.012549537648612996
0.0
0.008692216515211348
0.009715025906735786
0.0
0.0
0.012553683515031389
0.0
0.01611721611721617
0.016843971631205656
0.008608321377331474
0.02060737527114964
0.03141361256544506
0.015881418740074094
0.02062975027144409
0.03563667970447626
0.0
0.0
0.009937065253395216
0.019607843137254943
0.013398294762484775
0.02256244963738918
0.02626970227670755
0.0
0.012553683515031389
0.012549537648612996
0.03563667970447626
0.0
0.03499079189686927
0.0
0.012553683515031389
0.016357688113413316
0.0
0.015881418740074094
0.0
0.03206751054852319
0.012549537648612996
0.018786127167630062
0.0
0.017139796464917034
0.02060737527114964
0.012662445851382875
0.009937065253395216
0.010823812387251941
0.020809248554913284
0.0
0.009865470852017943
0.022261277094317466
0.009937065253395216
0.01229375606599803
0.009937065253395216
0.05277777777777781
0.0
0.009830205540661274
0.008086253369272267
0.009937065253395216
0.016843971631205656
0.0
0.012553683515031389
0.0
0.0
0.008470588235294119
0.03362831858407078
0.0
0.0
0.016357688113413316
0.007114624505928813
0.012353304508956109
0.01229375606599803
0.01341281669150518
0.0
0.0
0.0
0.018026565464895672
0.0
0.016987036209208717
0.027472527472527486
0.0097181729834791
0.012553683515031389
0.0
0.020364415862808127
0.012553683515031389
0.05128205128205132
0.0
0.0
0.015881418740074094
0.0
0.0097181729834791
0.019240506329113893
0.01229375606599803
0.009830205540661274
0.020618556701030966
0.05277777777777781
0.007997867235403855
0.0
0.0097181729834791
0.0
0.020386266094420624
0.012553683515031389
0.0
0.035055350553505504
0.022248243559718994
0.009826400262037294
0.0331010452961672
0.01970954356846477
0.0
0.01229375606599803
0.020618556701030966
0.03499079189686927
0.019240506329113893
0.010826771653543288
0.0
0.009832841691248762
0.0
0.016155088852988664
0.0
0.022248243559718994
0.027881040892193343
0.0
0.0
0.0
0.028089887640449396
0.0
0.0
0.009834599910594544
0.0
0.009705596894209023
0.03206751054852319
0.02051835853131745
0.0
0.0
0.0
0.015748031496062964
0.0
0.009883198562443796
0.012798138452588703
0.03492647058823528
0.02617801047120416
0.0
0.0097181729834791
0.0
0.018035121025154255
0.01279069767441865
0.020507285483000515
0.0
0.0
0.0
0.013189448441247031
0.0
0.0
0.020386266094420624
0.012553683515031389
0.012549537648612996
0.0
0.013351134846461998
0.0
0.020618556701030966
0.016357688113413316
0.012707722385141729
0.008100810081008047
0.010999676480103582
0.0097181729834791
0.012549537648612996
0.0
0.0
0.02051835853131745
0.020618556701030966
0.019240506329113893
0.0
0.01685144124168514
0.0
0.035621198957428324
0.0
0.012553683515031389
0.013909224011713017
0.0
0.012553683515031389
0.0
0.0
0.016987036209208717
0.01229375606599803
0.03492647058823528
0.0
0.035348837209302375
0.01018990273274667
0.0
0.0
0.009826400262037294
0.008575512148642161
0.01526717557251911
0.0
0.009622689288427466
0.01685891748003554
0.03418803418803418
0.006834910620399537
0.0
0.01524267950260727
0.025036818851251863
0.0
0.049543676662320735
0.02752808988764044
0.0
0.0
0.0
0.021229050279329642
0.006857142857142895
0.0
0.025036818851251863
0.0
0.0
0.0
0.0
0.0
0.0
0.0
0.0
0.0
0.0
0.0
0.0
0.0
0.0
0.0
0.0
0.0
0.0
0.0
0.0
0.0
0.0
0.0
0.006691318894171516
0.009910802775024763
0.04759916492693106
0.0
0.021524663677130018
0.008333333333333304
0.02188940092165903
0.011373840167614446
0.0534077321642088
0.028169014084507005
0.009111617312072884
0.0
0.0
0.01352657004830915
0.0
0.0
0.015568240788790821
0.017806935332708496
0.00990589400693409
0.050350804787453574
0.030861124937780038
0.009141696292534252
0.0
0.028169014084507005
0.028099173553719048
0.04795369987598186
0.0
0.021902017291066334
0.009009009009009028
0.017881705639614887
0.05475504322766567
0.01658890616899944
0.025304136253041398
0.0
0.015568240788790821
0.0
0.009140008309098446
0.0
0.0
0.048942347573620926
0.0
0.012770137524557912
0.0
0.009140767824497242
0.021851638872915413
0.03212172442941674
0.0
0.05338645418326693
0.0
0.0
0.0
0.015568240788790821
0.0
0.02188940092165903
0.05026782035434696
0.0
0.03204047217537942
0.0
0.0
0.0
0.017844886753603295
0.0
0.021902017291066334
0.009965122072745358
0.0
0.0
0.010010010010010006
0.0331010452961672
0.0
0.019085886489201398
0.008450704225352101
0.015259409969481164
0.04730290456431541
0.02985074626865669
0.0
0.0
0.02033172819689677
0.02197802197802201
0.012770137524557912
0.0
0.011846001974333609
0.015568240788790821
0.0
0.0
0.007989347536617841
0.0
0.021914648212226107
0.01685144124168514
0.0
0.015568240788790821
0.0
0.019009504752376172
0.04922820191906552
0.0
0.0
0.027572624322993566
0.0
0.010950721752115533
0.0
0.0
0.015568240788790821
0.011199253383107788
0.0
0.0
0.013506994693680663
0.0
0.025844930417495027
0.0
0.0
0.017806935332708496
0.0
0.0
0.021902017291066334
0.05334394904458595
0.0
0.0
0.0
0.0
0.0
0.009009009009009028
0.0
0.0542082738944365
0.012770137524557912
0.0
0.029055690072639195
0.0
0.0
0.017806935332708496
0.0
0.0
0.0
0.0
0.009095043201455155
0.0
0.01789401238816246
0.012763868433971481
0.008995502248875575
0.0
0.0
0.0
0.0
0.028169014084507005
0.02188940092165903
0.012670565302144277
0.0
0.0
0.016825574873808202
0.021927293710328866
0.0
0.0
0.0
0.04795369987598186
0.0
0.021914648212226107
0.010618363522798213
0.015568240788790821
0.016157989228007152
0.0
0.0
0.05475504322766567
0.0
0.0
0.0
0.0
0.0
0.04914618908788004
0.009287925696594423
0.0
0.0
0.019009504752376172
0.009095043201455155
0.012770137524557912
0.0
0.011216566005176842
0.0
0.0
0.0
0.008458646616541388
0.0
0.02033172819689677
0.0
0.021914648212226107
0.0
0.0
0.0219907407407407
0.021902017291066334
0.0
0.0
0.0
0.011739594450373536
0.0
0.0542082738944365
0.012782694198623434
0.008189262966333044
0.0
0.0
0.0
0.021851638872915413
0.05475504322766567
0.04795369987598186
0.019009504752376172
0.029055690072639195
0.0
0.017806935332708496
0.012770137524557912
0.0
0.009009009009009028
0.0076142131979695105
0.0
0.0
0.05338645418326693
0.012350163458045738
0.0
0.009910802775024763
0.0
0.05053852526926261
0.0
0.0
0.0
0.0
0.0
0.0
0.0
0.0
0.0
0.017723244717109732
0.015568240788790821
0.0
0.0
0.0
0.0534077321642088
0.0
0.0
0.0
0.0
0.011846001974333609
0.0
0.0
0.0
0.0
0.0
0.0
0.0
0.0
0.0
0.0
0.0
0.0
0.0
0.0
0.0
0.0
0.0
0.0
0.0
0.0
0.0
0.0
0.0
0.0
0.0
0.0
0.0
0.0
0.0
0.0
0.0
0.0
0.0
0.0
0.0
0.0
0.0
0.0
0.0
0.0
0.0
0.0
0.0
0.0
0.0
0.0
0.0
0.0
0.0
0.0
0.0
0.0
0.0
0.0
0.0
0.0
0.0
0.0
0.0
0.0
0.0
0.0
0.0
0.0
0.0
0.0
0.0
0.0
0.0
0.0
0.0
0.0
0.0
0.0
0.0
0.0
0.0
0.0
0.0
0.0
0.0
0.0
0.0
0.0
0.0
0.0
0.0
0.0
0.0
0.0
0.0
0.0
0.0
0.0
0.0
0.0
0.0
0.0
0.0
0.0
0.0
0.0
0.0
0.0
0.0
0.0
0.0
0.0
0.0
0.0
0.0
0.0
0.0
0.0
0.0
0.0
0.0
0.0
0.0
0.0
0.0
0.0
0.0
0.0
0.0
0.0
0.0
0.0
0.0
0.0
0.0
0.0
0.0
0.0
0.0
0.0
0.0
0.0
0.0
0.0
0.0
0.0
0.0
0.0
0.0
0.0
0.0
0.0
0.0
0.0
0.0
0.0
0.0
0.0
0.0
0.0
0.0
0.0
0.0
0.0
0.0
0.0
0.0
0.0
0.0
0.0
0.0
0.0
0.0
0.0
0.0
0.0
0.0
0.0
0.0
0.0
0.0
0.0
0.0
0.009389671361502372
0.007281553398058249
0.0
0.0
0.008438818565400852
0.00802496656263929
0.008041355542791506
0.015316404675534079
0.02609603340292277
0.026082420448617638
0.007275666936135794
0.009730207872622687
0.008075370121130576
0.009379885356956774
0.00929272070211673
0.0076045627376425395
0.0
0.0
0.0
0.0
0.0
0.0
0.0
0.0094290204295443
0.011642156862745057
0.0
0.0
0.008119079837618393
0.008219178082191747
0.0
0.007290400972053468
0.0
0.0
0.006764374295377684
0.0
0.0
0.032974910394265255
0.0
0.0
0.0
0.0
0.0
0.0
0.0
0.0
0.01590668080593849
0.020508613617719496
0.016877637130801704
0.008130081300813052
0.00824499411071844
0.015898251192368873
0.0
0.010520163646990044
0.0
0.010520163646990044
0.010538641686182681
0.01062215477996964
0.01044083526682138
0.01055662188099804
0.008191925102399078
0.013472137170851162
0.011349306431273631
0.017037037037037073
0.0
0.008201523140011768
0.009146341463414642
0.009146341463414642
0.010332103321033181
0.021945866861741048
0.021945866861741048
0.021945866861741048
0.0126953125
0.021945866861741048
0.0
0.011871290221805664
0.011759935117599318
0.010803802938634366
0.017100371747211907
0.016682113067655213
0.0
0.017189835575485812
0.017189835575485812
0.017100371747211907
0.007785467128027634
0.011508951406649648
0.011544011544011523
0.01151631477927062
0.009147457006952076
0.015068849051701694
0.0
0.0
0.0063852429939694755
0.010971786833855801
0.012897678417884806
0.010271158586688589
0.008641382621219384
0.006893910379165091
0.008071748878923812
0.05295774647887319
0.006864988558352381
0.0
0.02518891687657432
0.047126436781609216
0.008776206728425162
0.0071428571428571175
0.0065885797950219205
0.0071428571428571175
0.07880220646178093
0.008108108108108136
0.012520868113522488
0.0
0.013688212927756682
0.043659043659043606
0.017857142857142905
0.0
0.028547439126784258
0.028547439126784258
0.028547439126784258
0.028547439126784258
0.028547439126784258
0.028547439126784258
0.028547439126784258
0.028547439126784258
0.028547439126784258
0.028547439126784258
0.028547439126784258
0.028547439126784258
0.028547439126784258
0.028547439126784258
0.028547439126784258
0.028547439126784258
0.028547439126784258
0.028547439126784258
0.028547439126784258
0.028547439126784258
0.028547439126784258
0.028547439126784258
0.028547439126784258
0.028547439126784258
0.028547439126784258
0.028547439126784258
0.02830974188176516
0.02849958088851634
0.028547439126784258
0.028404344193817876
0.020604395604395642
0.008866371120962668
0.007146503318019359
0.00814426992437467
0.016995614035087758
0.007146503318019359
0.007146503318019359
0.008032128514056214
0.015913978494623615
0.018398806563898584
0.02471169686985175
0.013513513513513487
0.007135575942915362
0.01462317210348707
0.013513513513513487
0.007416563658838027
0.010520163646990044
0.010582010582010581
0.013513513513513487
0.015828350334154084
0.007643312101910826
0.008191925102399078
0.03206751054852319
0.03153526970954357
0.03153526970954357
0.03153526970954357
0.03153526970954357
0.04664484451718498
0.04935275080906154
0.0
0.021814006888633775
0.031561461794019974
0.022433132010353796
0.031561461794019974
0.02196193265007318
0.009146341463414642
0.0124760076775432
0.019828155981493678
0.03204047217537942
0.009600000000000053
0.007214428857715394
0.0
0.02640722724113964
0.013071895424836555
0.028404344193817876
0.0
0.04699093157460843
