0.0
0.0
0.0391566265060241
0.02403697996918336
0.0
0.0
0.0
0.13520574787720444
0.0
0.041973726369753286
0.0
0.021287919105907396
0.0
0.0
0.1043602573266619
0.0
0.07211079274116523
0.33776500179662233
0.0
0.0
0.0
0.03631532329495128
0.11943451413714658
0.13520574787720444
0.07130281690140845
0.0
0.09316770186335403
0.0
0.03619767075857727
0.0
0.04342921601804851
0.03735909822866344
0.021860095389507155
0.04228571428571429
0.04114321608040201
0.032047477744807124
0.09209666884389288
0.09595959595959595
0.0
0.06828391734052111
0.023696682464454975
0.14735264735264736
0.2790138304269393
0.029904306220095694
0.0985611510791367
0.08193163320672817
0.0903248839700107
0.025825825825825825
0.13520574787720444
0.02564102564102564
0.0
0.04596412556053812
0.09100642398286937
0.10194174757281553
0.013643410852713178
0.0
0.27448609431680776
0.0391566265060241
0.035348837209302326
0.05935251798561151
0.0984102952308857
0.03679761312779711
0.0
0.022637013502779985
0.032277346084877465
0.025878003696857672
0.0
0.0985611510791367
0.0
0.04196028187059577
0.0
0.045146726862302484
0.0
0.0
0.0
0.02581032412965186
0.041987179487179484
0.03676105315449578
0.0
0.0
0.0
0.0
0.0
0.03662420382165605
0.04512126339537507
0.020185708518368994
0.0
0.0631704410011919
0.024594453165881738
0.0
0.0
0.03574975173783516
0.0
0.0985611510791367
0.027152554483744193
0.08809891808346214
0.1397984886649874
0.0
0.03248259860788863
0.017674418604651163
0.0
0.030376670716889428
0.030175015087507542
0.0
0.025878003696857672
0.0391566265060241
0.02348993288590604
0.1736842105263158
0.021367521367521368
0.09595959595959595
0.0
0.10385964912280701
0.13921433494141972
0.0
0.03580308304326206
0.0
0.031839622641509434
0.025688073394495414
0.0
0.2604492465169178
0.041973726369753286
0.08523028057173107
0.14915254237288136
0.04596412556053812
0.03735909822866344
0.0
0.08208955223880597
0.036231884057971016
0.025703794369645042
0.2545180722891566
0.11652999568407424
0.1228430566967954
0.0
0.0
0.0
0.09209666884389288
0.052104208416833664
0.04113029827315542
0.0
0.08441558441558442
0.06320810971973763
0.03429752066115702
0.14812967581047382
0.0
0.042328042328042326
0.1397984886649874
0.0
0.0
0.0
0.0
0.0
0.0
0.0
0.0
0.0
0.0
0.0
0.0
0.0
0.0
0.0
0.0
0.0
0.0
0.0
0.0
0.0
0.0
0.0
0.0
0.0
0.0
0.0
0.0
0.0
0.0
0.0
0.0
0.0
0.0
0.0
0.0
0.0
0.0
0.0
0.0
0.0
0.0
0.0
0.0
0.0
0.0
0.0
0.0
0.0
0.0
0.0
0.0
0.0
0.0
0.27440633245382584
0.01945216355696705
0.0994408945686901
0.2665051483949122
0.0
0.0
0.27440633245382584
0.27440633245382584
0.0
0.13159144893111638
0.03423423423423423
0.0
0.11844908393694077
0.11844908393694077
0.13676371022342587
0.0
0.10212335692618807
0.0
0.08415584415584415
0.10792349726775956
0.1398789509078682
0.11523687580025609
0.04154302670623145
0.03817177297840281
0.038583929992044554
0.06663685152057246
0.03935115650345449
0.0377906976744186
0.13940648723257418
0.0
0.10865010475905418
0.0
0.13983193277310924
0.04156358238495794
0.11596119929453262
0.1398789509078682
0.0
0.037342119714442616
0.0
0.11844908393694077
0.13940648723257418
0.0
0.14247401944351323
0.13845099383139137
0.14103425117528542
0.10084872690963555
0.1398789509078682
0.0
0.1769690927218345
0.08376156217882837
0.04180790960451977
0.0
0.1398789509078682
0.0
0.049352750809061485
0.0
0.10923217550274222
0.11769722814498934
0.0
0.2773892773892774
0.1398789509078682
0.0
0.0
0.0
0.05247181266261925
0.0
0.11844908393694077
0.0
0.0
0.11844908393694077
0.1391629806056482
0.11844908393694077
0.13676371022342587
0.0
0.14103425117528542
0.0
0.15751575157515751
0.02964509394572025
0.14247401944351323
0.056291390728476824
0.03347107438016529
0.11844908393694077
0.13940648723257418
0.0
0.020644511581067473
0.0
0.11844908393694077
0.0378657487091222
0.13940648723257418
0.18839427662957076
0.11844908393694077
0.0
0.1376430559851531
0.0
0.0
0.15757015109466543
0.10326659641728135
0.0
0.05482775351770985
0.04322614654717976
0.03935115650345449
0.13807245386192754
0.1398789509078682
0.0
0.0
0.10903284671532847
0.11844908393694077
0.14120054570259208
0.0
0.033484911120297646
0.09838056680161944
0.04272151898734177
0.11506368028107158
0.02041832669322709
0.11844908393694077
0.1155516941789748
0.0
0.11769722814498934
0.0
0.044969083754918496
0.0
0.13872053872053872
0.10613437195715676
0.032904148783977114
0.12748457847840988
0.0
0.0377906976744186
0.11844908393694077
0.04084880636604774
0.0
0.12300587741393787
0.18286841363764442
0.13872053872053872
0.0
0.0
0.11769722814498934
0.0
0.11557123952359948
0.02331496396778296
0.028193079880392994
0.32135858915741344
0.0
0.11844908393694077
0.032497678737233054
0.10858700590640617
0.16959370904325033
0.30965005302226933
0.04322614654717976
0.14247401944351323
0.06800563777307964
0.023668639053254437
0.0
0.14103425117528542
0.0
0.0
0.13872053872053872
0.0
0.0
0.060550458715596334
0.0
0.0
0.033484911120297646
0.11791383219954649
0.13398692810457516
0.10307802433786686
0.10913930789707187
0.0
0.0
0.3340134071699213
0.0
0.13940648723257418
0.0
0.11769722814498934
0.0
0.041196388261851014
0.0377906976744186
0.0
0.041196388261851014
0.13907056798623063
0.0
0.0
0.0
0.06437768240343347
0.09673469387755101
0.04272151898734177
0.0
0.0
0.0
0.0
0.0
0.0
0.0
0.0
0.0
0.0
0.0
0.0
0.0
0.0
0.0
0.0
0.0
0.0
0.0
0.0
0.0
0.0
0.0
0.0
0.0
0.0
0.0
0.0
0.0
0.0
0.0
0.0
0.0
0.0
0.0
0.0
0.0
0.0
0.0
0.0
0.0
0.0
0.0
0.0
0.0
0.0
0.0
0.0
0.0
0.0
0.0
0.0
0.0
0.0
0.0
0.0
0.0
0.0
0.0
0.0583976833976834
0.0391566265060241
0.0391566265060241
0.04596412556053812
0.032277346084877465
0.04040404040404041
0.03115638106650689
0.0
0.0
0.0985611510791367
0.06809445359692477
0.0
0.10410958904109589
0.03620906801007557
0.026285714285714287
0.0
0.049436253252385085
0.2790138304269393
0.0425531914893617
0.016041065126724416
0.0985611510791367
0.0
0.0
0.09595959595959595
0.03640552995391705
0.09316770186335403
0.051434223541048464
0.04596412556053812
0.0
0.32952792348040727
0.062055591467356175
0.04593837535014006
0.020857034508911642
0.01809954751131222
0.2790138304269393
0.01667438628994905
0.0903248839700107
0.03684210526315789
0.0
0.0
0.029942575881870385
0.013643410852713178
0.025893958076448828
0.02928615009151922
0.0391566265060241
0.07684154742978272
0.09333333333333334
0.041987179487179484
0.01445466491458607
0.06816143497757847
0.025520833333333333
0.0985611510791367
0.09894991922455573
0.0
0.43805783648696894
0.0
0.0
0.011504692703602786
0.0
0.0
0.036210317460317464
0.022933011466505733
0.0
0.060550458715596334
0.0
0.044854881266490766
0.08653846153846154
0.026140894993354008
0.021860095389507155
0.11575704225352113
0.0423728813559322
0.01773215118992067
0.024672555589399937
0.31390134529147984
0.08277976494634645
0.0
0.08573635427394438
0.0
0.0
0.0391566265060241
0.04040404040404041
0.030376670716889428
0.06174957118353345
0.14915254237288136
0.06028708133971292
0.0
0.0
0.04473161033797217
0.0
0.2424908424908425
0.1736842105263158
0.025825825825825825
0.029214850882531954
0.13921433494141972
0.36
0.05981465880370682
0.1397984886649874
0.041987179487179484
0.041973726369753286
0.04039900249376559
0.0
0.0625494853523357
0.24497767857142858
0.03576678098971093
0.2604492465169178
0.025825825825825825
0.0
0.018072289156626505
0.027152554483744193
0.02185501066098081
0.03819095477386935
0.02928615009151922
0.0
0.11021142600089968
0.11596119929453262
0.0
0.036231884057971016
0.0
0.0
0.0
0.04760147601476015
0.08097165991902834
0.0
0.0984102952308857
0.03704896907216495
0.03704896907216495
0.0
0.0
0.018234562784915042
0.2735191637630662
0.0
0.07211079274116523
0.0
0.0
0.0
0.0
0.0
0.0
0.0
0.0
0.0
0.0
0.0
0.0
0.0
0.0
0.0
0.0
0.0
0.0
0.0
0.0
0.0
0.0
0.0
0.0
0.0
0.0
0.0
0.0
0.0
0.0
0.0
0.0
0.0
0.0
0.0
0.0
0.0
0.0
0.0
0.0
0.0
0.0
0.0
0.0
0.0
0.0
0.0
0.0
0.0
0.0
0.0
0.0
0.0
0.0
0.0
0.0
0.0
0.03620906801007557
0.0
0.04044704630122405
0.03304904051172708
0.02527283170591614
0.0
0.10498687664041995
0.11349036402569593
0.04655493482309125
0.020985846754514398
0.07939600584510473
0.036219816819317234
0.09803117309269893
0.0
0.0
0.05565217391304348
0.0
0.10498687664041995
0.08478682170542635
0.0
0.10039370078740158
0.0625
0.10892282958199356
0.04114321608040201
0.03663587129659127
0.04044704630122405
0.03651243311299968
0.1641434262948207
0.03189300411522634
0.041973726369753286
0.0
0.019921875
0.036546943919344675
0.0
0.0
0.041987179487179484
0.0
0.03450754852624011
0.10887906789875453
0.019394512771996216
0.040382571732199786
0.0625
0.07879088206144698
0.04144527098831031
0.35681159420289854
0.0
0.0
0.03704896907216495
0.09836065573770492
0.06896551724137931
0.04862745098039216
0.10968775020016013
0.0
0.041987179487179484
0.041973726369753286
0.35681159420289854
0.0
0.17545239968528717
0.0
0.041987179487179484
0.032188841201716736
0.0
0.07879088206144698
0.0
0.0636734693877551
0.041973726369753286
0.03687943262411347
0.0
0.03370194839389152
0.040382571732199786
0.054864433811802234
0.03735909822866344
0.021415823914336704
0.0418552036199095
0.0
0.021710234824988923
0.045740423098913664
0.03735909822866344
0.04114321608040201
0.03735909822866344
0.10498687664041995
0.0
0.02163355408388521
0.0328515111695138
0.03735909822866344
0.10887906789875453
0.0
0.041987179487179484
0.0
0.0
0.018630647414997672
0.0658682634730539
0.0
0.0
0.032188841201716736
0.2587784007081735
0.026187576126674786
0.04114321608040201
0.02932551319648094
0.0
0.0
0.0
0.11349036402569593
0.0
0.035526315789473684
0.053475935828877004
0.0362547288776797
0.041987179487179484
0.0
0.10959571358986848
0.041987179487179484
0.0975609756097561
0.0
0.0
0.07879088206144698
0.0
0.0362547288776797
0.04156358238495794
0.04114321608040201
0.02163355408388521
0.04040404040404041
0.10498687664041995
0.15142531356898517
0.0
0.0362547288776797
0.0
0.08745627186406797
0.041987179487179484
0.0
0.0726950354609929
0.04625928041119361
0.036647546207775654
0.06565656565656566
0.0847457627118644
0.0
0.04114321608040201
0.04040404040404041
0.07256637168141593
0.04156358238495794
0.11179849756959788
0.0
0.036978004462862604
0.0
0.10309278350515463
0.0
0.04625928041119361
0.05935251798561151
0.0
0.0
0.0
0.055505004549590536
0.0
0.0
0.07976734524304113
0.0
0.03620906801007557
0.0636734693877551
0.0412262156448203
0.0
0.0
0.0
0.031007751937984496
0.0
0.02174877940523746
0.02527283170591614
0.17452830188679244
0.15582450832072617
0.0
0.0362547288776797
0.0
0.11807331628303495
0.02525832376578645
0.04120443740095087
0.0
0.0
0.0
0.03176470588235294
0.0
0.0
0.08745627186406797
0.041987179487179484
0.041973726369753286
0.0
0.10315533980582524
0.0
0.04040404040404041
0.032707774798927614
0.11247803163444639
0.01826280623608018
0.038679245283018866
0.0362547288776797
0.041973726369753286
0.0
0.0
0.0412262156448203
0.04040404040404041
0.04156358238495794
0.0
0.10892282958199356
0.0
0.31184128952262863
0.0
0.041987179487179484
0.027436823104693142
0.0
0.041987179487179484
0.0
0.0
0.03594914511179308
0.04114321608040201
0.17452830188679244
0.0
0.06828391734052111
0.09141156462585034
0.0
0.0
0.036647546207775654
0.01932139491046183
0.06699657403882756
0.0
0.16108966108966108
0.03315881326352531
0.07072368421052631
0.1346770499312872
0.0
0.0300276570525484
0.05293276108726753
0.0
0.09440993788819876
0.05821545157780196
0.0
0.0
0.0
0.04157549234135667
0.08365553602811951
0.0
0.05293276108726753
0.0
0.0
0.0
0.0
0.0
0.0
0.0
0.0
0.0
0.0
0.0
0.0
0.0
0.0
0.0
0.0
0.0
0.0
0.0
0.0
0.0
0.0
0.0
0.014844568634299686
0.10763733809736489
0.31233041905336145
0.0
0.04214223002633889
0.018781493357764543
0.09100642398286937
0.023936170212765957
0.3596656780803451
0.055656934306569344
0.02115211521152115
0.0
0.0
0.16277162771627715
0.0
0.0
0.07957302280446385
0.034990791896869246
0.10758928571428572
0.3258130676823909
0.1137915339098771
0.020582329317269075
0.0
0.055656934306569344
0.057692307692307696
0.3248314277338024
0.0
0.06809445359692477
0.10931174089068826
0.2412327311370882
0.10382513661202186
0.08001939864209505
0.32740094022834115
0.0
0.07957302280446385
0.0
0.055819477434679333
0.0
0.0
0.3269738773114177
0.0
0.16354556803995007
0.0
0.019448213478064226
0.1181959564541213
0.062244062244062245
0.0
0.3597413096200485
0.0
0.0
0.0
0.07957302280446385
0.0
0.09100642398286937
0.3266140812153082
0.0
0.0636215334420881
0.0
0.0
0.0
0.24084880636604775
0.0
0.06809445359692477
0.10816876122082585
0.0
0.0
0.10860748084722849
0.06879194630872483
0.0
0.08180535966149506
0.019043195541105434
0.07897240723120837
0.3258954785672343
0.0586890243902439
0.0
0.0
0.12933903946742747
0.04355203619909502
0.16354556803995007
0.0
0.11061750333185251
0.07957302280446385
0.0
0.0
0.09806295399515738
0.0
0.04342921601804851
0.033144352376798955
0.0
0.07957302280446385
0.0
0.08192883895131087
0.32753024491000293
0.0
0.0
0.3325447786414329
0.0
0.11056401074306177
0.0
0.0
0.07912621359223301
0.023502304147465437
0.0
0.0
0.16257166257166258
0.0
0.3315143246930423
0.0
0.0
0.034990791896869246
0.0
0.0
0.06809445359692477
0.3597199784598815
0.0
0.0
0.0
0.0
0.0
0.10931174089068826
0.0
0.10284167794316644
0.16354556803995007
0.0
0.330550918196995
0.0
0.0
0.034990791896869246
0.0
0.0
0.0
0.0
0.020233812949640287
0.0
0.24136097820308347
0.163477537437604
0.1091644204851752
0.0
0.0
0.0
0.0
0.055656934306569344
0.09100642398286937
0.16384647131654972
0.0
0.0
0.03362734288864388
0.04291360813099943
0.0
0.0
0.0
0.3248314277338024
0.0
0.04342921601804851
0.18581341557440248
0.07957302280446385
0.03350970017636684
0.0
0.0
0.10382513661202186
0.0
0.0
0.0
0.0
0.0
0.3259521700620018
0.08745247148288973
0.0
0.0
0.08149882903981265
0.020233812949640287
0.16354556803995007
0.0
0.059113300492610835
0.0
0.0
0.0
0.0782000873743993
0.0
0.12975285171102663
0.0
0.04342921601804851
0.0
0.0
0.04411764705882353
0.06809445359692477
0.0
0.0
0.0
0.0273109243697479
0.0
0.10767160161507403
0.1111111111111111
0.01846015308419631
0.0
0.0
0.0
0.11773858921161826
0.10382513661202186
0.3248314277338024
0.0806375996249414
0.330550918196995
0.0
0.034990791896869246
0.16354556803995007
0.0
0.10931174089068826
0.01799916282963583
0.0
0.0
0.3597413096200485
0.026146131805157593
0.0
0.10763733809736489
0.0
0.3272673906662753
0.0
0.0
0.0
0.0
0.0
0.0
0.0
0.0
0.0
0.23957783641160948
0.07957302280446385
0.0
0.0
0.0
0.3596656780803451
0.0
0.0
0.0
0.0
0.11061750333185251
0.0
0.0
0.0
0.0
0.0
0.0
0.0
0.0
0.0
0.0
0.0
0.0
0.0
0.0
0.0
0.0
0.0
0.0
0.0
0.0
0.0
0.0
0.0
0.0
0.0
0.0
0.0
0.0
0.0
0.0
0.0
0.0
0.0
0.0
0.0
0.0
0.0
0.0
0.0
0.0
0.0
0.0
0.0
0.0
0.0
0.0
0.0
0.0
0.0
0.0
0.0
0.0
0.0
0.0
0.0
0.0
0.0
0.0
0.0
0.0
0.0
0.0
0.0
0.0
0.0
0.0
0.0
0.0
0.0
0.0
0.0
0.0
0.0
0.0
0.0
0.0
0.0
0.0
0.0
0.0
0.0
0.0
0.0
0.0
0.0
0.0
0.0
0.0
0.0
0.0
0.0
0.0
0.0
0.0
0.0
0.0
0.0
0.0
0.0
0.0
0.0
0.0
0.0
0.0
0.0
0.0
0.0
0.0
0.0
0.0
0.0
0.0
0.0
0.0
0.0
0.0
0.0
0.0
0.0
0.0
0.0
0.0
0.0
0.0
0.0
0.0
0.0
0.0
0.0
0.0
0.0
0.0
0.0
0.0
0.0
0.0
0.0
0.0
0.0
0.0
0.0
0.0
0.0
0.0
0.0
0.0
0.0
0.0
0.0
0.0
0.0
0.0
0.0
0.0
0.0
0.0
0.0
0.0
0.0
0.0
0.0
0.0
0.0
0.0
0.0
0.0
0.0
0.0
0.0
0.0
0.0
0.0
0.0
0.0
0.0
0.0
0.0
0.0
0.0
0.022242817423540315
0.016432865731462926
0.0
0.0
0.09301428020069472
0.09699675324675325
0.07000538502961766
0.03017070265978563
0.056622851365015166
0.05659423951490652
0.08800594132937245
0.09717741935483871
0.04533678756476684
0.06538839724680433
0.06481481481481481
0.09164733178654293
0.0
0.0
0.0
0.0
0.0
0.0
0.0
0.01868188894654904
0.02301635372501514
0.0
0.0
0.09729064039408868
0.02600896860986547
0.0
0.019992003198720514
0.0
0.0
0.08356449375866852
0.0
0.0
0.07157604955264969
0.0
0.0
0.0
0.0
0.0
0.0
0.0
0.0
0.034841393655746226
0.10862262038073908
0.07722772277227723
0.11913357400722022
0.11970726607422896
0.034823284823284825
0.0
0.022517321016166283
0.0
0.022517321016166283
0.02199074074074074
0.021021021021021023
0.02066590126291619
0.020892687559354226
0.019097222222222224
0.026586102719033233
0.022443890274314215
0.03420669577874818
0.0
0.019119351100811123
0.01812688821752266
0.01812688821752266
0.042826552462526764
0.1705955334987593
0.1705955334987593
0.1705955334987593
0.11703056768558952
0.1705955334987593
0.0
0.02406664609688368
0.04506269592476489
0.044657762938230386
0.03574033552151714
0.032816773017319965
0.0
0.03450807635829662
0.03450807635829662
0.03574033552151714
0.032067510548523206
0.022756005056890013
0.024216524216524215
0.02338811630847029
0.03801065719360568
0.23103448275862068
0.0
0.0
0.01546572934973638
0.04969879518072289
0.04730290456431535
0.042527821939586645
0.017134697762970014
0.07326661901358113
0.03279405334499344
0.42014487754398067
0.2916213275299238
0.0
0.04914004914004914
0.12506596306068601
0.017399710004833254
0.016895874263261296
0.015596663039535727
0.016895874263261296
0.18536585365853658
0.018279090503789567
0.11152835148328952
0.0
0.029917726252804786
0.09839278714229714
0.037900874635568516
0.0
0.05551020408163265
0.05551020408163265
0.05551020408163265
0.05551020408163265
0.05551020408163265
0.05551020408163265
0.05551020408163265
0.05551020408163265
0.05551020408163265
0.05551020408163265
0.05551020408163265
0.05551020408163265
0.05551020408163265
0.05551020408163265
0.05551020408163265
0.05551020408163265
0.05551020408163265
0.05551020408163265
0.05551020408163265
0.05551020408163265
0.05551020408163265
0.05551020408163265
0.05551020408163265
0.05551020408163265
0.05551020408163265
0.05551020408163265
0.05506072874493927
0.05541972290138549
0.05551020408163265
0.05523964256701868
0.040376850605652756
0.01819322459222083
0.017676767676767676
0.046420581655480984
0.041176470588235294
0.017676767676767676
0.017676767676767676
0.02032721864154685
0.03500632644453817
0.06930693069306931
0.04823151125401929
0.028286189683860232
0.10519062930638494
0.03257868580894534
0.028286189683860232
0.015529219452390683
0.04187889077532541
0.0421172453044963
0.028286189683860232
0.034173282706247844
0.08064516129032258
0.019097222222222224
0.06214227309893704
0.061142397425583264
0.061142397425583264
0.061142397425583264
0.061142397425583264
0.32168850072780203
0.3221805595615806
0.0
0.0453781512605042
0.061191626409017714
0.04869857262804366
0.061191626409017714
0.1707014276846679
0.01812688821752266
0.024644549763033177
0.15690733371233656
0.06209150326797386
0.02160168598524763
0.2755191576484352
0.0
0.05145565335138795
0.04791929382093316
0.05523964256701868
0.0
0.3231850117096019
