0.0
0.03756796836381615
0.0
0.0
0.016249153689911977
0.0
0.0
0.08901251738525728
0.0021703743895822303
0.0
0.0
0.0
0.017870439314966458
0.00432198811453266
0.0
0.00656275635767023
0.07600950118764849
0.00974421437271622
0.0
0.041450777202072575
0.009756097560975618
0.0
0.016249153689911977
0.0
0.06415792720542879
0.03560209424083771
0.009646302250803873
0.0
0.0
0.08282208588957052
0.013945380592678691
0.0
0.0
0.0043057050592034685
0.0026135249918327608
0.03944315545243615
0.0
0.00971463266545236
0.009316770186335366
0.01788375558867361
0.0
0.01814516129032262
0.0
0.006302521008403339
0.0043057050592034685
0.04116638078902235
0.0025316455696202667
0.007339449541284404
0.01788375558867361
0.03935185185185186
0.006651017214397537
0.006382978723404209
0.004920049200492049
0.0024999999999999467
0.0
0.05941931127616473
0.007155635062611854
0.0037723986167871315
0.0
0.008285862247540132
0.0
0.01256873527101332
0.0
0.0
0.008087343307723427
0.0073574494175352445
0.0
0.07600950118764849
0.07588932806324111
0.0049170251997541214
0.0
0.03443037974683549
0.0
0.07667731629392971
0.0
0.04555680539932505
0.0017961383026493527
0.0021810250817884125
0.004985459077690102
0.0
0.038196286472148566
0.006578947368421018
0.0
0.0025380710659898
0.009696969696969648
0.004282655246252709
0.0
0.07594936708860756
0.07600950118764849
0.0
0.05393586005830908
0.009554140127388533
0.004987531172069848
0.0
0.02110817941952503
0.02110817941952503
0.0
0.0
0.004987531172069848
0.0
0.0
0.0
0.0
0.0049720323182100845
0.038196286472148566
0.0
0.09889260880762296
0.006158583525789019
0.01788375558867361
0.0
0.0
0.05973813420621932
0.0096735187424426
0.0025046963055729288
0.027262400605831072
0.002887044388307447
0.05393586005830908
0.0
0.04081632653061229
0.03313609467455625
0.0
0.024672320740169673
0.0020181634712411745
0.009569377990430672
0.0
0.0025062656641604564
0.02154882154882154
0.03875968992248058
0.03443037974683549
0.036646816307833285
0.0
0.0
0.0
0.05941931127616473
0.04019138755980867
0.0020408163265306367
0.0
0.0026126714565642972
0.0
0.0025396825396825085
0.008485362749257486
0.05941931127616473
0.010928961748633892
0.0
0.01788375558867361
0.0
0.07594936708860756
0.001463057790782707
0.006389776357827448
0.0
0.10526315789473684
0.0
0.0
0.0
0.0
0.030932817786370248
0.0
0.028854824165915227
0.0
0.0
0.0
0.013617021276595698
0.0
0.0
0.0
0.0
0.0
0.0
0.0
0.0
0.0
0.0
0.0
0.0960240060015004
0.0
0.0
0.09667673716012082
0.07322654462242562
0.0
0.0
0.0
0.0
0.0
0.0
0.0
0.0
0.04712812960235646
0.018130311614730887
0.04712812960235646
0.0
0.07320261437908493
0.0
0.0
0.0
0.0
0.07565011820330969
0.0
0.0
0.008941044984632551
0.0
0.04019138755980867
0.061557030778515376
0.003544528134692082
0.02281988590057049
0.027080844285145345
0.0
0.061557030778515376
0.009638554216867434
0.0
0.04019138755980867
0.034017008504252155
0.03898635477582846
0.0
0.0
0.11698537682789656
0.04019138755980867
0.029722330856472468
0.0
0.008913649025069637
0.0
0.045454545454545414
0.007400555041628176
0.029537504858142216
0.029537504858142216
0.008281573498964856
0.006587072869493671
0.0113690194220748
0.0037359900373599153
0.029537504858142216
0.009569377990430672
0.0013413816230717357
0.027167399121054703
0.029526029526029562
0.029526029526029562
0.008192524321556593
0.029537504858142216
0.006787330316742057
0.002910149145143648
0.04416839199447897
0.04416839199447897
0.029537504858142216
0.026973423244744166
0.010964912280701733
0.04416839199447897
0.029537504858142216
0.047008547008547064
0.029537504858142216
0.0
0.03283735248845565
0.029537504858142216
0.0
0.0016103059581320522
0.029537504858142216
0.03457041179461107
0.0
0.0
0.039215686274509776
0.01514004542013625
0.01788375558867361
0.032636409994900584
0.04416839199447897
0.0
0.0
0.04019138755980867
0.02833530106257376
0.04019138755980867
0.02967590784849672
0.027080844285145345
0.0
0.0
0.029537504858142216
0.0
0.004250797024442088
0.03601800900450225
0.010152284263959421
0.04019138755980867
0.027189124350259886
0.0
0.05523590333716921
0.029537504858142216
0.0
0.013937282229965153
0.037661050545094166
0.0
0.04019138755980867
0.06610009442870635
0.04019138755980867
0.0
0.02244039270687237
0.0
0.0
0.03285420944558526
0.04416839199447897
0.007827788649706457
0.0037359900373599153
0.028424792735886273
0.029537504858142216
0.0
0.0
0.0014619883040936088
0.04019138755980867
0.028469750889679735
0.0
0.010156580617858624
0.01088139281828071
0.03747534516765283
0.04019138755980867
0.0
0.04019138755980867
0.0390625
0.029537504858142216
0.010156580617858624
0.006965607313887734
0.004574042309891335
0.012060301507537674
0.01132342533616415
0.009569377990430672
0.04019138755980867
0.01094091903719907
0.01256873527101332
0.0017961383026493527
0.006775832862789377
0.04019138755980867
0.0
0.0
0.0
0.04019138755980867
0.028379976350019653
0.0037359900373599153
0.004659289458357585
0.0017881090746535433
0.03222748815165877
0.0
0.04416839199447897
0.032619775739041845
0.002520478890989275
0.01089324618736387
0.024787997390737115
0.001799370220422869
0.027871939736346496
0.0
0.0
0.0
0.029537504858142216
0.0
0.029537504858142216
0.010905125408942173
0.028854824165915227
0.0
0.009666505558240668
0.0
0.010156580617858624
0.02281988590057049
0.01089324618736387
0.0
0.03576751117734722
0.0
0.0
0.059283655825442594
0.0
0.027189124350259886
0.04416839199447897
0.04019138755980867
0.0
0.029526029526029562
0.0139211136890951
0.0
0.0139211136890951
0.0
0.0
0.0
0.0
0.028379976350019653
0.01088139281828071
0.0
0.0
0.0
0.0
0.0
0.0
0.0
0.0
0.0
0.0
0.025785656728444795
0.0
0.0
0.0
0.0445062586926287
0.0
0.0
0.0
0.0
0.0
0.0
0.0
0.0
0.0
0.0
0.0
0.0
0.0
0.0
0.0
0.0
0.0
0.0
0.02580645161290318
0.0
0.0
0.025702811244979973
0.09566517189835577
0.02918376652986776
0.0
0.0
0.02574416733708773
0.0
0.0
0.008285862247540132
0.008285862247540132
0.03912543153049486
0.0
0.05200433369447455
0.007375537799631182
0.0
0.02895054282267795
0.0
0.07594936708860756
0.013937282229965153
0.0026135249918327608
0.013953488372092981
0.0
0.002512562814070307
0.041450777202072575
0.0073260073260073
0.03313609467455625
0.027037773359840922
0.003908794788273662
0.0025412960609910717
0.0
0.04889515749882467
0.009646302250803873
0.005309734513274322
0.008087343307723427
0.004028197381671705
0.00580130529369105
0.047105004906771386
0.03912543153049486
0.0
0.0
0.004932182490752113
0.006302521008403339
0.007384615384615434
0.032128514056224855
0.0043057050592034685
0.004514672686230292
0.02281988590057049
0.005641748942172065
0.0
0.07600950118764849
0.0
0.006651017214397537
0.05379861868411484
0.0
0.0
0.002525252525252486
0.008285862247540132
0.007299270072992692
0.0
0.004685669660288938
0.004266666666666641
0.01788375558867361
0.0
0.0017929179740027168
0.0
0.015337423312883458
0.024653312788906034
0.04555680539932505
0.0
0.011792452830188704
0.0
0.002447231569287278
0.07600950118764849
0.0
0.012195121951219523
0.007355194606190607
0.0
0.009666505558240668
0.0
0.0
0.007312614259597838
0.003994008986520248
0.005591798695246952
0.008087343307723427
0.0
0.0031796502384737746
0.020797227036395194
0.004968944099378869
0.05666666666666664
0.0
0.0
0.0
0.0
0.009554140127388533
0.008285862247540132
0.07600950118764849
0.0
0.0
0.004987531172069848
0.007839294463498292
0.002340550029256927
0.004012036108325012
0.0
0.03958090803259606
0.0
0.0
0.008285862247540132
0.03279467680608361
0.038196286472148566
0.0073574494175352445
0.0
0.006158583525789019
0.059557344064386286
0.02110817941952503
0.0228013029315961
0.0020356234096692294
0.0
0.0187705302674801
0.008243173621844457
0.05973813420621932
0.00452830188679243
0.0228013029315961
0.0
0.019960079840319334
0.004920049200492049
0.03917050691244239
0.002175095160413254
0.03313609467455625
0.03313609467455625
0.07600950118764849
0.008285862247540132
0.00500312695434646
0.00500312695434646
0.0
0.004996876951905094
0.01788375558867361
0.009569377990430672
0.037642397226349655
0.0
0.0
0.0
0.0
0.0025062656641604564
0.006158583525789019
0.022028453418999505
0.004262120404901482
0.01256873527101332
0.015128593040847238
0.0
0.0
0.0
0.028959276018099556
0.0033698399326032025
0.09595202398800595
0.0031923383878691425
0.00544032641958514
0.044137931034482714
0.03436078827690758
0.004983388704318914
0.02110817941952503
0.0
0.07594936708860756
0.0
0.0
0.0
0.0
0.0
0.0
0.028854824165915227
0.0
0.0
0.02886783942264326
0.0
0.0
0.02886783942264326
0.0
0.0
0.0
0.028854824165915227
0.0
0.0
0.06597938144329896
0.0
0.0
0.0
0.07320261437908493
0.028854824165915227
0.0
0.0
0.0
0.0
0.0
0.0
0.0
0.07588932806324111
0.06072106261859578
0.0
0.0
0.0
0.0
0.0
0.0
0.0
0.0
0.0
0.0
0.0
0.0
0.0
0.0
0.018130311614730887
0.0
0.0
0.04426002766251724
0.0
0.0
0.0
0.0
0.0
0.02566158781074579
0.0026135249918327608
0.004266666666666641
0.007149240393208189
0.03145478374836175
0.0
0.009062075215224286
0.0
0.0
0.0262820512820513
0.004214963119072657
0.0
0.0
0.0
0.0
0.007312614259597838
0.04347826086956519
0.0
0.004217185028993153
0.0
0.03145478374836175
0.0
0.0026135249918327608
0.0
0.0026135249918327608
0.0
0.0042417815482502785
0.003178386968613389
0.0026135249918327608
0.004266666666666641
0.0
0.02886783942264326
0.0
0.0
0.008179959100204526
0.0031796502384737746
0.006661732050333047
0.0
0.007155635062611854
0.0
0.0
0.0
0.07594936708860756
0.0
0.0072727272727273196
0.0
0.007352941176470562
0.00656275635767023
0.005607476635513975
0.0
0.0
0.034919249236141425
0.0
0.0
0.0
0.0
0.004217185028993153
0.0
0.0
0.0
0.0026135249918327608
0.0
0.0
0.0
0.013745704467353903
0.0
0.0
0.005856515373352855
0.0
0.0
0.0026135249918327608
0.026854649211144666
0.0
0.009679370840895318
0.028148148148148144
0.011655011655011704
0.03063063063063065
0.04019138755980867
0.0449438202247191
0.0
0.0
0.0026135249918327608
0.01467441149495563
0.0
0.0
0.03313609467455625
0.07588932806324111
0.0026135249918327608
0.004264392324093813
0.0
0.0
0.028854824165915227
0.02886783942264326
0.0
0.0
0.0
0.0
0.0
0.003789673140691563
0.0072727272727273196
0.0
0.0
0.004264392324093813
0.0
0.0026135249918327608
0.0026135249918327608
0.0
0.0
0.0
0.0
0.04019138755980867
0.0
0.026214833759590772
0.0037664783427495685
0.0026135249918327608
0.0
0.0
0.0
0.004266666666666641
0.0
0.036979969183358996
0.0
0.0
0.0
0.0
0.0
0.0
0.0
0.0026135249918327608
0.009009009009009028
0.0026135249918327608
0.04347826086956519
0.0
0.0026135249918327608
0.0
0.0
0.0
0.009484291641967957
0.0
0.007155635062611854
0.0
0.0
0.00586080586080584
0.0
0.0
0.0
0.00900495272399815
0.008192524321556593
0.0
0.0
0.0
0.0
0.0
0.0
0.0
0.0
0.009484291641967957
0.0021774632553075435
0.0
0.07588932806324111
0.0
0.042659974905897124
0.008980691513246541
0.0
0.008192524321556593
0.05785123966942152
0.0
0.004266666666666641
0.028959276018099556
0.009057971014492794
0.014010507880910628
0.0
0.0035842293906810374
0.0
0.005193306405077869
0.0
0.04019138755980867
0.0
0.0
0.0
0.0
0.00965018094089265
0.0
0.0
0.0
0.026214833759590772
0.0
0.0
0.0
0.02886783942264326
0.0
0.0
0.00907441016333943
0.0026135249918327608
0.028880866425992746
0.0
0.004303388918773576
0.008192524321556593
0.0
0.0
0.0
0.02886783942264326
0.0
0.03327495621716292
0.02886783942264326
0.0
0.0
0.0
0.009009009009009028
0.0
0.0
0.009009009009009028
0.0026135249918327608
0.0
0.0
0.0
0.0026135249918327608
0.07588932806324111
0.040712468193384255
0.0
0.008090614886731351
0.008251676121712181
0.05859375
0.04483586869495593
0.04383282364933738
0.04483586869495593
0.0
0.0
0.03180011357183421
0.02466598150051391
0.03747534516765283
0.0
0.05610561056105612
0.07588075880758804
0.042913608130999426
0.042913608130999426
0.0
0.0260736196319018
0.0
0.03747534516765283
0.030932817786370248
0.0
0.0
0.07322654462242562
0.0
0.0
0.0
0.0
0.0
0.0
0.0
0.0
0.0
0.0
0.00693120776295264
0.05711885762284752
0.07594936708860756
0.0021470746108427363
0.0
0.00742804085422466
0.0593662254312074
0.0
0.03777335984095431
0.0
0.0
0.0
0.040856031128404635
0.0
0.010543657331136713
0.0
0.041489863272041516
0.03782976605276256
0.05654885654885655
0.022143935581278362
0.03280369041517173
0.013710368466152478
0.0
0.0
0.012078510317060864
0.005576208178438624
0.01184706515885836
0.020000000000000018
0.009153318077803174
0.0
0.03712750366389839
0.03629032258064513
0.056713928273561254
0.0
0.04699378023496892
0.029585798816568087
0.0568799665411962
0.008350730688935326
0.03714565004887582
0.0
0.03743842364532024
0.008346374543557689
0.0
0.013937282229965153
0.0
0.056832427914751404
0.0
0.0
0.0
0.03956478733926805
0.0
0.03629032258064513
0.03629032258064513
0.01389693109438328
0.013769363166953541
0.0593662254312074
0.0
0.0
0.0
0.059294871794871806
0.0
0.0139211136890951
0.0139211136890951
0.05801906340654783
0.0
0.01373390557939913
0.0
0.04689655172413798
0.009157509157509125
0.0
0.0
0.01390498261877171
0.009124087591240837
0.03612644254892128
0.0
0.007149240393208189
0.0
0.008179959100204526
0.0
0.03937007874015752
0.0
0.009157509157509125
0.01184706515885836
0.013977868375072755
0.03956478733926805
0.0
0.03956478733926805
0.008346374543557689
0.008346374543557689
0.05806719203649935
0.05806719203649935
0.033260393873085325
0.0
0.010699955416852425
0.0
0.0
0.0
0.008346374543557689
0.0
0.0
0.012078510317060864
0.055462184873949605
0.0
0.0
0.03574975173783512
0.028959276018099556
0.0037664783427495685
0.0
0.0
0.03960396039603964
0.03612644254892128
0.05953338696701527
0.007688083470620555
0.0
0.0
0.008171603677221695
0.003761165961448043
0.037810945273631824
0.0
0.0
0.0
0.04079650315687222
0.03601800900450225
0.0
0.041489863272041516
0.007376671277086189
0.0
0.0
0.03621730382293764
0.037810945273631824
0.0
0.03600000000000003
0.0
0.029282576866764276
0.010899182561307952
0.03712750366389839
0.0
0.0
0.0
0.00911992704058373
0.01184706515885836
0.012072434607645843
0.0
0.00911992704058373
0.0
0.04701002419633593
0.0
0.039545229856648545
0.0
0.0
0.0
0.013929193267556594
0.0
0.0
0.0
0.03629032258064513
0.0067988668555241105
0.013953488372092981
0.0
0.07600950118764849
0.05806719203649935
0.0
0.0
0.012078510317060864
0.013945380592678691
0.0117647058823529
0.0072727272727273196
0.0
0.041015625
0.046848088184636594
0.029585798816568087
0.0
0.0
0.0
0.0
0.009178522257916488
0.0
0.05697528278173436
0.0
0.07600950118764849
0.012078510317060864
0.03956478733926805
0.04081632653061229
0.07594936708860756
0.03950617283950619
0.0
0.0
0.0037842951750236553
0.0
0.0
0.01184706515885836
0.0
0.013945380592678691
0.04447533009034055
0.0032025620496397567
0.056761268781302165
0.039408866995073843
0.013937282229965153
0.0
0.0
0.0
0.004296455424274925
0.029282576866764276
0.0
0.03960396039603964
0.0
0.0
0.0
0.029585798816568087
0.041489863272041516
0.012078510317060864
0.041489863272041516
0.03956478733926805
0.0
0.03625377643504535
0.03629032258064513
0.0
0.05617021276595746
0.0
0.05931863727454911
0.010657193605683846
0.07600950118764849
0.03784860557768921
0.0
0.056761268781302165
0.0
0.059557344064386286
0.0
0.0
0.07600950118764849
0.07600950118764849
0.0
0.0
0.0
0.0
0.0
0.0
0.0
0.0
0.008346374543557689
0.0
0.0
0.0
0.0
0.0593662254312074
0.0
0.0
0.012469151837900982
0.0
0.0
0.0
0.0
0.0
0.0
0.0
0.09588014981273407
0.05673758865248224
0.0
0.0
0.07594936708860756
0.07600950118764849
0.07600950118764849
0.07600950118764849
0.07594936708860756
0.07594936708860756
0.07600950118764849
0.0
0.07600950118764849
0.07600950118764849
0.07594936708860756
0.07594936708860756
0.07600950118764849
0.07594936708860756
0.07594936708860756
0.07594936708860756
0.0
0.0
0.0
0.0
0.07594936708860756
0.07600950118764849
0.07600950118764849
0.07594936708860756
0.07594936708860756
0.07594936708860756
0.07594936708860756
0.07594936708860756
0.07600950118764849
0.07600950118764849
0.0
0.07594936708860756
0.07594936708860756
0.07594936708860756
0.07594936708860756
0.07594936708860756
0.07588932806324111
0.07594936708860756
0.07588932806324111
0.0
0.0
0.07600950118764849
0.0
0.0
0.0
0.0
0.0
0.0
0.0
0.0
0.0
0.0
0.0
0.0
0.0
0.0
0.0
0.0
0.0
0.0
0.0
0.0
0.0
0.0
0.0
0.0
0.0
0.0
0.0
0.0
0.0
0.0
0.0
0.0
0.0
0.0
0.0
0.0
0.0
0.0
0.0
0.0
0.0
0.0
0.0
0.0
0.0
0.0
0.0
0.0
0.0
0.0
0.0
0.0
0.0
0.0
0.0
0.0
0.0
0.0
0.0
0.0
0.0
0.0
0.0
0.0
0.0
0.0
0.0
0.0
0.0
0.0
0.0
0.0
0.0
0.0
0.0
0.0
0.0
0.0
0.0
0.0
0.0
0.0
0.0
0.0
0.0
0.0
0.0
0.0
0.0
0.0
0.0
0.0
0.0
0.0
0.07594936708860756
0.010791366906474864
0.0
0.0
0.0
0.0
0.0
0.0
0.0
0.0
0.0
0.0
0.0
0.0
0.0
0.0
0.0
0.0
0.00812017864393022
0.0
0.07594936708860756
0.0
0.0
0.004426002766251713
0.0
0.0
0.0
0.0
0.03015075376884424
0.028911564625850317
0.030561797752808983
0.008116883116883078
0.008116883116883078
0.0
0.030316540347748555
0.0018058690744920947
0.05604566683964707
0.0
0.0
0.0
0.0
0.0
0.0
0.0
0.006159531875577495
0.03352448169386857
0.014892956872479046
0.0
0.0
0.0
0.01645338208409508
0.0
0.0
0.0
0.0
0.0
0.0
0.032315978456014416
0.004533434076312792
0.0
0.0
0.0
0.0
0.026714801444043368
0.0
0.0
0.0
0.0
0.0
0.0
0.0
0.0
0.011194029850746245
0.0013976240391334604
0.006396588486140775
0.039786223277909705
0.0
0.011188066062866264
0.014897579143389184
0.024190064794816446
0.0018042399639152107
0.4429065743944637
0.002942907592701549
0.002942907592701549
0.0
0.002942907592701549
0.015243902439024404
0.004667444574095736
0.002942907592701549
0.002942907592701549
0.007393715341959317
0.0025445292620864812
0.0037821482602118373
0.16120906801007562
0.0037850113550340625
0.0
0.0005906674542233148
0.0005128205128205332
0.002904865649963728
0.09573672400897537
0.09573672400897537
0.09573672400897537
0.09573672400897537
0.0
0.002522863450015733
0.0037650602409639022
0.00465657741559955
0.008419083255378879
0.003197442046362964
0.0037850113550340625
0.0029325513196480912
0.0037650602409639022
0.006092254134029584
0.004322766570605152
0.010289990645463098
0.0
0.0077182826821032835
0.02468183571153104
0.0018050541516245744
0.0025612879619465456
0.0025588536335721113
0.043255549231644874
0.0037285607755406236
0.0026840490797546135
0.0
0.02037351443123936
0.005552751135790013
0.00520833333333337
0.00589101620029453
0.0
0.0031948881789137795
0.11229135053110773
0.003197442046362964
0.03166666666666662
0.008382229673092989
0.0
0.0007698229407235857
0.032786885245901676
0.02037351443123936
0.02037351443123936
0.02037351443123936
0.02037351443123936
0.02037351443123936
0.02037351443123936
0.02037351443123936
0.02037351443123936
0.02037351443123936
0.02037351443123936
0.02037351443123936
0.02037351443123936
0.02037351443123936
0.02037351443123936
0.02037351443123936
0.02037351443123936
0.02037351443123936
0.02037351443123936
0.02033898305084747
0.020168067226890796
0.02037351443123936
0.001612903225806428
0.02033898305084747
0.0
0.020270270270270285
0.01660899653979242
0.020185029436501245
0.0025510204081632404
0.0029359953024075125
0.010122311261071326
0.0029256875365710755
0.0
0.0
0.006974716652136004
0.020270270270270285
0.00353892821031343
0.0025510204081632404
0.015948275862068928
0.019768563162970154
0.01995012468827928
0.04524886877828049
0.04524886877828049
0.08413461538461542
0.01995012468827928
0.002049180327868827
0.04524886877828049
0.00962250185048108
0.0186125211505922
0.03782976605276256
0.0
0.002941176470588225
0.0005931198102017143
0.020185029436501245
0.04524886877828049
0.012702893436838392
0.02738553701326485
0.002942907592701549
0.01373390557939913
0.01683501683501687
0.01683501683501687
0.01683501683501687
0.060655737704918056
0.06168831168831168
0.0
0.0064102564102563875
0.01388888888888884
0.010685663401602818
0.012072434607645843
0.09580838323353291
0.0
0.0077145612343297865
0.04572965702757226
0.013722126929674117
0.01389693109438328
0.0016122531237404703
0.01715265866209259
0.01188299817184646
0.0052631578947368585
0.011988716502115637
0.0052631578947368585
0.020270270270270285
0.0
0.059381443298969105
0.05933250927070455
