0.338393421884883
0.20692464358452134
0.13983050847457623
0.21498864496593495
0.31687823225199807
0.1449530516431925
0.29992975883867945
0.4151785714285714
0.1866430782839451
0.2184936614466816
0.2664165103189493
0.30000000000000004
0.29086021505376347
0.4167721518987342
0.07844756399669695
0.12246376811594206
0.3594950603732162
0.1592554291623578
0.0943775100401606
0.2430441898527005
0.24535315985130113
0.30454312114989734
0.31687823225199807
0.2196745562130178
0.4020496649586125
0.404557944076289
0.28827267475447715
0.30450404208905424
0.1940144478844169
0.3477549536447918
0.2158040665434381
0.30000000000000004
0.3381795195954488
0.14746543778801846
0.29816091954022983
0.23191094619666053
0.1359502154140737
0.16057642820380857
0.2685583261679564
0.29063509149623246
0.39248919906945834
0.2226656025538707
0.3926196808510638
0.14889788573999096
0.14746543778801846
0.23319615912208502
0.21042084168336672
0.16124031007751938
0.29063509149623246
0.2321924144310823
0.23616125150421174
0.14858705560619867
0.21073170731707314
0.21146245059288538
0.33709981167608283
0.365375854214123
0.3309222423146474
0.09457142857142853
0.3926196808510638
0.14888888888888885
0.338393421884883
0.29461279461279466
0.9264705882352942
0.29992975883867945
0.10832424572882593
0.15983393876491958
0.9348534201954397
0.3594950603732162
0.35910087719298245
0.21062896148220378
0.30000000000000004
0.20772746157041966
0.3926196808510638
0.3609729132117192
0.3385876418663304
0.4545162327225972
0.2517670817906429
0.1400375939849624
0.12174550788412175
0.29749187180678127
0.3918148272391815
0.12145454545454548
0.29992975883867945
0.3389402859545837
0.16760061130922055
0.1471801925722146
0.21498864496593495
0.35929786066922653
0.35879120879120874
0.2151515151515152
0.36775450560155865
0.2879221522610189
0.16000000000000003
0.42909692845319114
0.3816666666666667
0.3816666666666667
0.33709981167608283
0.2151515151515152
0.1591148577449948
0.13582018173122912
0.2998595505617978
0.29992975883867945
0.29992975883867945
0.09599096555618292
0.3918148272391815
0.3926196808510638
0.4766676637750523
0.2531096326294475
0.29063509149623246
0.3926196808510638
0.13941398865784504
0.4403312226010716
0.15913757700205344
0.2109955423476969
0.34581105169340465
0.23568464730290462
0.36775450560155865
0.29992975883867945
0.2323049001814882
0.3787072243346008
0.337555414819506
0.3437094682230869
0.2754578754578755
0.2757172848145556
0.30000000000000004
0.21110009910802774
0.3420873896309713
0.3149171270718232
0.20772746157041966
0.3122956180510137
0.306230667255855
0.1626163391933816
0.3926196808510638
0.365375854214123
0.31348391512662555
0.2003270645952575
0.3373115577889447
0.298092392553436
0.2184936614466816
0.33908287757677746
0.18910478834142952
0.365375854214123
0.2883355176933159
0.3926196808510638
0.29063509149623246
0.13601532567049812
0.35929786066922653
0.3152746425884123
0.147945205479452
0.2184936614466816
0.7246963562753037
0.2151515151515152
0.2184936614466816
0.42886029411764703
0.21498864496593495
0.4005082972043654
0.2151515151515152
0.40381954054802105
0.21584905660377363
0.21601208459214505
0.2151515151515152
0.23599208965062624
0.1934156378600823
0.2151515151515152
0.19444444444444442
0.1406396989651929
0.13996229971724783
0.21498864496593495
0.21574564723694167
0.21568627450980393
0.21498864496593495
0.21568627450980393
0.21558245083207261
0.3651211801896733
0.13996229971724783
0.1366459627329193
0.36686077289571206
0.4882671480144405
0.13608049832295166
0.21531463229719483
0.9776951672862454
0.1406396989651929
0.21558245083207261
0.09940497024851247
0.24221453287197237
0.09498094027954251
0.4012954966070327
0.2111970869367319
0.4012954966070327
0.2161339421613394
0.4881790290561271
0.21482602118003025
0.09131832797427653
0.21498864496593495
0.21498864496593495
0.3597161572052402
0.21482602118003025
0.21498864496593495
0.11766169154228856
0.2151515151515152
0.31348391512662555
0.406601793550849
0.25108225108225113
0.40437158469945356
0.3543868921775899
0.3926196808510638
0.406601793550849
0.2065637065637066
0.39248919906945834
0.31348391512662555
0.39731585518102375
0.31527777777777777
0.306230667255855
0.2151515151515152
0.4956633472534533
0.31348391512662555
0.35188087774294674
0.39248919906945834
0.22953659592897357
0.08464508464508469
0.3746898263027295
0.41589548176374525
0.3517653167185878
0.3517653167185878
0.14349575324094765
0.41587993221980146
0.2064638783269962
0.3430507082734552
0.3517653167185878
0.3376
0.29614748286457104
0.3547959724430313
0.35167402024396577
0.35167402024396577
0.38507936507936513
0.3517653167185878
0.22847100175746926
0.31509245377311346
0.3710263396911898
0.3710263396911898
0.3517653167185878
0.3544736842105263
0.2297181895815542
0.3710263396911898
0.3517653167185878
0.37271448663853723
0.3517653167185878
0.21482602118003025
0.3157894736842105
0.3517653167185878
0.3926196808510638
0.33654360620652757
0.3517653167185878
0.31518211323476375
0.3926196808510638
0.21482602118003025
0.3156424581005587
0.29178007621121393
0.29063509149623246
0.31540959942259117
0.3710263396911898
0.3926196808510638
0.3927502494180246
0.31348391512662555
0.3536649214659686
0.31348391512662555
0.35252735799895774
0.3547279450607501
0.3926196808510638
0.2155237377543331
0.3517653167185878
0.21498864496593495
0.39037085230969426
0.31423487544483986
0.25287356321839083
0.31348391512662555
0.3549840933191941
0.21498864496593495
0.41882963662104766
0.3517653167185878
0.19991772932949403
0.3349001175088132
0.31667839549612953
0.2151515151515152
0.31348391512662555
0.4302995391705069
0.31348391512662555
0.21541950113378683
0.323793354353626
0.3926196808510638
0.2151515151515152
0.3161524500907441
0.3710263396911898
0.20626223091976514
0.3430507082734552
0.3533893851812927
0.3517653167185878
0.3926196808510638
0.3926196808510638
0.31511657056906495
0.31348391512662555
0.35342105263157897
0.39248919906945834
0.2529543276908336
0.2276975361087511
0.3160476524176594
0.31348391512662555
0.21558245083207261
0.31348391512662555
0.3152400835073069
0.3517653167185878
0.2529543276908336
0.2404262404262404
0.22242072353729347
0.3502974223397224
0.320855614973262
0.3376
0.31348391512662555
0.2289978678038379
0.29461279461279466
0.3623063683304647
0.22817025010969727
0.31348391512662555
0.3926196808510638
0.3926196808510638
0.21541950113378683
0.31348391512662555
0.3533578174186779
0.3430507082734552
0.3041530944625407
0.25142474019443517
0.39550029603315573
0.3926196808510638
0.3710263396911898
0.3152958152958153
0.3443777179540277
0.22789115646258506
0.3833780160857909
0.25160202360876893
0.3636587771203156
0.2151515151515152
0.2151515151515152
0.30228044638524987
0.3517653167185878
0.2151515151515152
0.3517653167185878
0.2900195694716242
0.40381954054802105
0.39248919906945834
0.20581395348837206
0.21601208459214505
0.2529543276908336
0.40437158469945356
0.22789115646258506
0.21482602118003025
0.3134064379200566
0.21482602118003025
0.3926196808510638
0.41380194971780404
0.21498864496593495
0.3549840933191941
0.3710263396911898
0.31348391512662555
0.1449530516431925
0.35167402024396577
0.33489827856025034
0.21558245083207261
0.33489827856025034
0.3926196808510638
0.21498864496593495
0.21498864496593495
0.25127681307456584
0.3533578174186779
0.2276975361087511
0.3926196808510638
0.21629855293221634
0.13640730067243034
0.21683093252463992
0.39325091881055796
0.21683093252463992
0.2161339421613394
0.3931195724782899
0.30638677981241624
0.3933823529411765
0.2773460848774656
0.2258480034349506
0.29739685658153237
0.13640730067243034
0.37231612608497033
0.2161339421613394
0.21498864496593495
0.2164634146341463
0.21673003802281365
0.21666666666666667
0.2151515151515152
0.2161339421613394
0.3377693282636248
0.21596958174904946
0.29739685658153237
0.2164634146341463
0.21683093252463992
0.21732522796352582
0.21629855293221634
0.21498864496593495
0.39325091881055796
0.21498864496593495
0.30215475024485794
0.2770795930580491
0.2161339421613394
0.2161339421613394
0.27711561382598326
0.36616029334730227
0.2741220593249233
0.3381795195954488
0.30215475024485794
0.2770149253731343
0.21683093252463992
0.3021088769004414
0.14888888888888885
0.14888888888888885
0.23253676470588236
0.13608049832295166
0.3038981702466189
0.15929203539823011
0.21498864496593495
0.43239908337740174
0.2664165103189493
0.3585941790225151
0.21642824180895248
0.29816091954022983
0.21590383726306062
0.21498864496593495
0.211519364448858
0.2430441898527005
0.28211920529801326
0.3787072243346008
0.354353562005277
0.216098436298385
0.3392255892255892
0.2168674698795181
0.33344316309719935
0.28827267475447715
0.25464190981432355
0.10832424572882593
0.19983818770226536
0.29439011837364903
0.4011717545482578
0.23253676470588236
0.13608049832295166
0.21498864496593495
0.2111436950146628
0.14889788573999096
0.1585811163275952
0.3897017445132246
0.14746543778801846
0.23658395845354874
0.40437158469945356
0.12494828299544891
0.21498864496593495
0.3594950603732162
0.13651551312649168
0.23616125150421174
0.36758989310009715
0.13623326959847037
0.33709981167608283
0.20999999999999996
0.14888888888888885
0.2827949901120633
0.21584905660377363
0.25358711566617864
0.1463191586648377
0.29063509149623246
0.21699544764795142
0.25142857142857145
0.338393421884883
0.2921719955898566
0.34421134421134425
0.4545162327225972
0.30000000000000004
0.16823821339950373
0.30000000000000004
0.29139504563233376
0.3594950603732162
0.2516107154967786
0.14997813729777
0.29846220489495345
0.30228044638524987
0.20581395348837206
0.3385876418663304
0.08679023242130035
0.2812706816677697
0.2750726744186046
0.19227857683573046
0.10832424572882593
0.2664165103189493
0.25357142857142856
0.247001332741004
0.09644670050761417
0.39335476956055737
0.13601532567049812
0.30000000000000004
0.33627760252365935
0.13601532567049812
0.2879221522610189
0.14888888888888885
0.3594950603732162
0.29992975883867945
0.09478435305917754
0.1591148577449948
0.19865453106450337
0.22394173873463818
0.19983883964544724
0.29749187180678127
0.2325581395348837
0.2151515151515152
0.21498864496593495
0.14888888888888885
0.39650059311981023
0.3918148272391815
0.15983393876491958
0.21601208459214505
0.2531096326294475
0.39140624999999996
0.3816666666666667
0.4041708043694141
0.19991840065279476
0.29992975883867945
0.23096726737771245
0.1508601676224085
0.4403312226010716
0.3234162605796358
0.4041708043694141
0.2151515151515152
0.22187004754358164
0.21073170731707314
0.23345588235294112
0.1862527716186253
0.3787072243346008
0.3787072243346008
0.3594950603732162
0.11095636025998146
0.1586462189317821
0.1586462189317821
0.337555414819506
0.15847860538827263
0.29063509149623246
0.2757172848145556
0.31656700668308124
0.29516129032258065
0.30000000000000004
0.33606557377049184
0.13608049832295166
0.21031746031746035
0.2531096326294475
0.23040808956301917
0.1391064025794565
0.29461279461279466
0.2920065252854812
0.13582018173122912
0.3373115577889447
0.30000000000000004
0.43247531734837796
0.26108682073703937
0.3655970541820095
0.3354615589252461
0.20774647887323938
0.37085792101679527
0.20738282870178348
0.1217008797653959
0.3816666666666667
0.9215686274509804
0.35929786066922653
0.29992975883867945
0.3138885102903094
0.13601532567049812
0.21498864496593495
0.13996229971724783
0.2151515151515152
0.40381954054802105
0.2151515151515152
0.21868050407709416
0.4039313399778516
0.21498864496593495
0.1938144329896907
0.4039313399778516
0.3381795195954488
0.2168674698795181
0.09473684210526312
0.40381954054802105
0.21703089675960818
0.2184936614466816
0.3136363636363636
0.2184936614466816
0.21531463229719483
0.2188427299703264
0.4881790290561271
0.40381954054802105
0.09504752376188097
0.08437314319667266
0.13747016706443915
0.3373115577889447
0.08437314319667266
0.21574564723694167
0.2975429975429975
0.359802847754655
0.4037940379403794
0.13740458015267176
0.2151515151515152
0.08461995249406173
0.13608049832295166
0.21531463229719483
0.13740458015267176
0.1406396989651929
0.13608049832295166
0.21629855293221634
0.21558245083207261
0.13601532567049812
0.21584905660377363
0.13601532567049812
0.09131832797427653
0.2111970869367319
0.21498864496593495
0.30125725338491294
0.3709604005461994
0.21656534954407292
0.2535680304471931
0.2151515151515152
0.21498864496593495
0.2151515151515152
0.2754919499105546
0.29816091954022983
0.13844023996308263
0.3315282791817088
0.3995124593716143
0.39248919906945834
0.1342042755344418
0.21482602118003025
0.3381795195954488
0.3489069867123875
0.1420789832047208
0.30000000000000004
0.30000000000000004
0.13740458015267176
0.21498864496593495
0.2906596995427825
0.3866906474820144
0.13636363636363635
0.14214350590372393
0.9264705882352942
0.3995124593716143
0.9306930693069306
0.29816091954022983
0.9261083743842364
0.29816091954022983
0.29502533394748964
0.14128943758573387
0.25349598333829215
0.29816091954022983
0.13844023996308263
0.9261083743842364
0.4039313399778516
0.30000000000000004
0.30000000000000004
0.3854925562242636
0.25357142857142856
0.1846901579586877
0.13588516746411483
0.3317278747742324
0.13906027527289988
0.13642891335567253
0.1359502154140737
0.35929786066922653
0.30000000000000004
0.34296028880866425
0.3368883312421581
0.21776919362626745
0.2872277810476751
0.1742336049670159
0.13747016706443915
0.9306930693069306
0.3895637769188294
0.9261083743842364
0.39248919906945834
0.39235880398671097
0.13601532567049812
0.14214350590372393
0.30000000000000004
0.13636363636363635
0.1940144478844169
0.29816091954022983
0.13608049832295166
0.13601532567049812
0.13906027527289988
0.226936026936027
0.30000000000000004
0.29992975883867945
0.18340348767288028
0.13588516746411483
0.13629842180774754
0.29816091954022983
0.3415852827617534
0.30000000000000004
0.16734486266531023
0.384037558685446
0.16535433070866146
0.3905409232512036
0.31348391512662555
0.48727615457115925
0.9261083743842364
0.30000000000000004
0.29816091954022983
0.2898534758180016
0.30000000000000004
0.30000000000000004
0.3787072243346008
0.35910087719298245
0.29816091954022983
0.13837638376383765
0.2525389302640487
0.30000000000000004
0.40381954054802105
0.4039313399778516
0.30000000000000004
0.27527042148452074
0.13588516746411483
0.1359502154140737
0.21629855293221634
0.16844602609727166
0.2155172413793104
0.1359502154140737
0.13642891335567253
0.13837638376383765
0.9306930693069306
0.29816091954022983
0.29816091954022983
0.9306930693069306
0.30000000000000004
0.3927502494180246
0.9174757281553398
0.31348391512662555
0.13582018173122912
0.3483097988874626
0.21629629629629632
0.29816091954022983
0.39235880398671097
0.30000000000000004
0.29992975883867945
0.13844023996308263
0.30000000000000004
0.3628950050968399
0.21584905660377363
0.13642891335567253
0.33709981167608283
0.2998595505617978
0.13608049832295166
0.1377551020408163
0.13588516746411483
0.29816091954022983
0.28057553956834536
0.29816091954022983
0.3866906474820144
0.2998595505617978
0.29816091954022983
0.30000000000000004
0.13989637305699487
0.13608049832295166
0.33690476190476193
0.2976301115241635
0.3317278747742324
0.13636363636363635
0.30242718446601946
0.1835138387484958
0.30000000000000004
0.13636363636363635
0.3379658875552748
0.28048381824125534
0.38507936507936513
0.2666666666666667
0.13733905579399142
0.29749187180678127
0.3368883312421581
0.13747016706443915
0.39235880398671097
0.30000000000000004
0.19444444444444442
0.33690476190476193
0.13741176470588234
0.13601532567049812
0.358397365532382
0.21601208459214505
0.3382480485689505
0.2811074918566775
0.21482602118003025
0.38507936507936513
0.39538583929992044
0.29992975883867945
0.13844023996308263
0.43247531734837796
0.2802631578947369
0.16879921259842523
0.3383742911153119
0.32890766445383224
0.13588516746411483
0.2884853487412299
0.13642891335567253
0.31348391512662555
0.30000000000000004
0.3927502494180246
0.21601208459214505
0.30000000000000004
0.16776482513938162
0.13601532567049812
0.21683093252463992
0.13989637305699487
0.3483097988874626
0.30000000000000004
0.29992975883867945
0.21601208459214505
0.4039313399778516
0.30000000000000004
0.13601532567049812
0.28110599078341014
0.29816091954022983
0.40404320132927163
0.13906027527289988
0.1470046082949309
0.38507936507936513
0.2666666666666667
0.39248919906945834
0.9306930693069306
0.4039313399778516
0.39248919906945834
0.39089655172413795
0.4039313399778516
0.30000000000000004
0.1359502154140737
0.13608049832295166
0.28057553956834536
0.13843958135109424
0.15492957746478875
0.28057553956834536
0.29816091954022983
0.3381795195954488
0.3383742911153119
0.21498864496593495
0.29816091954022983
0.35910087719298245
0.25247851949768674
0.12563025210084033
0.12334644261708971
0.15061837455830385
0.29635036496350364
0.25015713387806415
0.41603112840466927
0.25015713387806415
0.39717940308297806
0.0948319116909182
0.18925344745601524
0.1679088119245945
0.2138542086186065
0.13636363636363635
0.3054037644201578
0.36851851851851847
0.238544474393531
0.238544474393531
0.13601532567049812
0.3561470215462611
0.0948319116909182
0.2138542086186065
0.4005082972043654
0.09498094027954251
0.09498094027954251
0.4882671480144405
0.09498094027954251
0.09498094027954251
0.09498094027954251
0.09184328837508027
0.09495077802476981
0.09498094027954251
0.09498094027954251
0.09498094027954251
0.09446564885496178
0.13629842180774754
0.21910342008448014
0.39422558014031306
0.35929786066922653
0.21494932432432434
0.21482602118003025
0.2820685023505709
0.39138333765896705
0.3927502494180246
0.3120113717128643
0.21498864496593495
0.21482602118003025
0.9261083743842364
0.31456378171706634
0.9261083743842364
0.1333333333333333
0.0948319116909182
0.41530054644808745
0.31283327408460715
0.39299090422685923
0.16788008565310497
0.20814099874108272
0.22647849462365588
0.2155237377543331
0.21531463229719483
0.2191726332537789
0.2780026990553306
0.33466279912980423
0.22631578947368425
0.2814470627281779
0.21498864496593495
0.4173810227608631
0.3137114142139268
0.39307754225918967
0.2155237377543331
0.34690977977740944
0.30947368421052635
0.3939801128728836
0.2197125256673511
0.4173321502514049
0.21498864496593495
0.3119718309859155
0.2196223316912972
0.9215686274509804
0.21570438799076208
0.3381795195954488
0.41391846273695143
0.21519939804364185
0.9219512195121952
0.30242718446601946
0.31595632264882
0.21531463229719483
0.3137114142139268
0.3137114142139268
0.33476562499999996
0.22619851451721806
0.3915412558380903
0.9306930693069306
0.9264705882352942
0.21482602118003025
0.3910788381742739
0.21498864496593495
0.21658986175115202
0.21658986175115202
0.3924084469393211
0.30242718446601946
0.22626262626262628
0.21498864496593495
0.34703519962201745
0.28154050464807434
0.9264705882352942
0.9215686274509804
0.21711131554737806
0.28079470198675494
0.312701252236136
0.9306930693069306
0.3315282791817088
0.21637866265965444
0.2161616161616161
0.3927502494180246
0.3158079214861549
0.9261083743842364
0.28154050464807434
0.33466279912980423
0.16887579774177708
0.31595632264882
0.9215686274509804
0.31595632264882
0.2196223316912972
0.2196223316912972
0.39504528502930203
0.39504528502930203
0.1872700515084621
0.9215686274509804
0.1362397820163488
0.21498864496593495
0.21482602118003025
0.21482602118003025
0.2196223316912972
0.9215686274509804
0.21568627450980393
0.2191726332537789
0.39455965526528414
0.9215686274509804
0.9215686274509804
0.41960549910340705
0.43247531734837796
0.21687638786084384
0.21703089675960818
0.9261083743842364
0.31593794076163606
0.312701252236136
0.3913043478260869
0.33419307295504785
0.3927502494180246
0.21531463229719483
0.2166196046793062
0.1265457543281121
0.31223328591749644
0.9306930693069306
0.21482602118003025
0.9261083743842364
0.31423611111111116
0.42045112781954885
0.21568627450980393
0.41530054644808745
0.1693672839506173
0.338393421884883
0.9215686274509804
0.31326164874551976
0.31223328591749644
0.337555414819506
0.3129009265858874
0.2155237377543331
0.38724584103512016
0.21935483870967742
0.4173810227608631
0.30242718446601946
0.9261083743842364
0.10378057820607856
0.2807017543859649
0.33466279912980423
0.21908548707753484
0.42909692845319114
0.2807017543859649
0.9306930693069306
0.346991946944576
0.2155237377543331
0.3158450704225352
0.9306930693069306
0.9306930693069306
0.21531463229719483
0.21668971876440757
0.9215686274509804
0.30242718446601946
0.9170731707317074
0.3137114142139268
0.33648750946252837
0.21590383726306062
0.9261083743842364
0.35879120879120874
0.39504528502930203
0.21568627450980393
0.9215686274509804
0.2191726332537789
0.2158040665434381
0.16831683168316836
0.21944245889921377
0.9306930693069306
0.31448516579406627
0.34648086915446386
0.30947368421052635
0.33667711598746086
0.21498864496593495
0.9215686274509804
0.9261083743842364
0.2805731422859047
0.9306930693069306
0.3939149165320409
0.33709981167608283
0.35879120879120874
0.2191726332537789
0.31595632264882
0.3143452587704064
0.35929786066922653
0.3156228008444757
0.9174757281553398
0.9215686274509804
0.27926078028747436
0.2155237377543331
0.9264705882352942
0.33466279912980423
0.3927502494180246
0.2158040665434381
0.3709972552607502
0.2314814814814815
0.3937768240343348
0.3160294633461943
0.21642824180895248
0.9261083743842364
0.9215686274509804
0.30228044638524987
0.2137404580152672
0.38724584103512016
0.9215686274509804
0.31593794076163606
0.9264705882352942
0.30242718446601946
0.9306930693069306
0.30947368421052635
0.41530054644808745
0.2191726332537789
0.41530054644808745
0.31595632264882
0.9174757281553398
0.3134863701578192
0.3137114142139268
0.3385876418663304
0.4158546220700553
0.9215686274509804
0.3911802853437095
0.2171468728039353
0.35879120879120874
0.31294452347083923
0.9264705882352942
0.3937768240343348
0.9306930693069306
0.39140624999999996
0.9264705882352942
0.9215686274509804
0.35879120879120874
0.35879120879120874
0.3068481123792801
0.9215686274509804
0.9306930693069306
0.9215686274509804
0.9215686274509804
0.9215686274509804
0.9215686274509804
0.9264705882352942
0.2196223316912972
0.9215686274509804
0.9215686274509804
0.9215686274509804
0.338393421884883
0.39138333765896705
0.3368883312421581
0.2155237377543331
0.2519677292404565
0.21482602118003025
0.9264705882352942
0.9264705882352942
0.9261083743842364
0.9264705882352942
0.21531463229719483
0.21482602118003025
0.36540483701366977
0.3935085836909872
0.9264705882352942
0.9215686274509804
0.3585941790225151
0.35879120879120874
0.35879120879120874
0.35879120879120874
0.3585941790225151
0.3585941790225151
0.35879120879120874
0.30636604774535814
0.35879120879120874
0.35879120879120874
0.3585941790225151
0.3585941790225151
0.35879120879120874
0.3585941790225151
0.3585941790225151
0.3585941790225151
0.09137709137709138
0.2151515151515152
0.2151515151515152
0.2151515151515152
0.3585941790225151
0.35879120879120874
0.35879120879120874
0.3585941790225151
0.3585941790225151
0.3585941790225151
0.3585941790225151
0.3585941790225151
0.35879120879120874
0.35879120879120874
0.21617535903250185
0.3585941790225151
0.3585941790225151
0.3585941790225151
0.3585941790225151
0.3585941790225151
0.358397365532382
0.3585941790225151
0.358397365532382
0.2151515151515152
0.21670428893905191
0.35879120879120874
0.2155237377543331
0.21568627450980393
0.21584905660377363
0.21568627450980393
0.21568627450980393
0.21568627450980393
0.2155237377543331
0.21568627450980393
0.21531463229719483
0.2155237377543331
0.2155237377543331
0.2151515151515152
0.2151515151515152
0.2151515151515152
0.2151515151515152
0.2151515151515152
0.2151515151515152
0.21498864496593495
0.21498864496593495
0.2151515151515152
0.2151515151515152
0.2151515151515152
0.2151515151515152
0.2151515151515152
0.2151515151515152
0.2151515151515152
0.2151515151515152
0.2151515151515152
0.2151515151515152
0.2151515151515152
0.2151515151515152
0.2151515151515152
0.2151515151515152
0.21498864496593495
0.2151515151515152
0.2151515151515152
0.2151515151515152
0.2151515151515152
0.2151515151515152
0.2151515151515152
0.2151515151515152
0.21498864496593495
0.21498864496593495
0.21482602118003025
0.21482602118003025
0.21498864496593495
0.2151515151515152
0.21498864496593495
0.21482602118003025
0.21498864496593495
0.21498864496593495
0.21498864496593495
0.2151515151515152
0.2151515151515152
0.2151515151515152
0.2155237377543331
0.2151515151515152
0.2151515151515152
0.21498864496593495
0.21498864496593495
0.21498864496593495
0.21482602118003025
0.21482602118003025
0.21482602118003025
0.21498864496593495
0.21498864496593495
0.2151515151515152
0.2151515151515152
0.2151515151515152
0.21531463229719483
0.2151515151515152
0.21498864496593495
0.21498864496593495
0.21498864496593495
0.21498864496593495
0.21498864496593495
0.21498864496593495
0.21568627450980393
0.21498864496593495
0.21482602118003025
0.21541950113378683
0.21498864496593495
0.21498864496593495
0.2151515151515152
0.2151515151515152
0.21498864496593495
0.2151515151515152
0.2151515151515152
0.21498864496593495
0.2151515151515152
0.2151515151515152
0.21541950113378683
0.21541950113378683
0.21541950113378683
0.3585941790225151
0.13488006291781363
0.21482602118003025
0.21482602118003025
0.21482602118003025
0.21482602118003025
0.21482602118003025
0.21498864496593495
0.21541950113378683
0.21498864496593495
0.08103683492496594
0.21541950113378683
0.21482602118003025
0.21498864496593495
0.21498864496593495
0.21498864496593495
0.3386075949367089
0.14002828854313998
0.12217031979877835
0.2151515151515152
0.3585941790225151
0.21498864496593495
0.21498864496593495
0.28577098630680686
0.21498864496593495
0.23120300751879697
0.2151515151515152
0.21482602118003025
0.2753441802252816
0.2758402029169309
0.2883536786539096
0.12212643678160917
0.12212643678160917
0.23105823418910454
0.2880523731587561
0.25126989502201147
0.31821589205397305
0.2151515151515152
0.21498864496593495
0.21498864496593495
0.2151515151515152
0.21498864496593495
0.2151515151515152
0.21498864496593495
0.2986307324494675
0.2860866731834474
0.10739387123980881
0.21498864496593495
0.2151515151515152
0.21564160971905844
0.14399363564041368
0.2151515151515152
0.2151515151515152
0.23142050799623703
0.21498864496593495
0.21498864496593495
0.21541950113378683
0.3967543368774482
0.2215657311669128
0.21666666666666667
0.21498864496593495
0.21498864496593495
0.21498864496593495
0.23409090909090913
0.21666666666666667
0.0805570726379028
0.21498864496593495
0.21498864496593495
0.21498864496593495
0.2151515151515152
0.21498864496593495
0.21498864496593495
0.29548044056209644
0.3172479694218825
0.14652014652014655
0.3364792778005745
0.21482602118003025
0.2953682611996963
0.10742407199100112
0.15298087739032618
0.2510998307952622
0.8099173553719008
0.3054530545305453
0.3054530545305453
0.21574564723694167
0.3054530545305453
0.2912781130005485
0.30452507134121487
0.3054530545305453
0.3054530545305453
0.1670113753877973
0.15879828326180256
0.1845201238390093
0.7066079295154185
0.18463444857496902
0.21498864496593495
0.30456226880394577
0.2963898916967509
0.18612922347362182
0.3663522012578616
0.3663522012578616
0.3663522012578616
0.3663522012578616
0.2151515151515152
0.08952216465169838
0.18584615384615388
0.30797248077701334
0.21828908554572268
0.25015033072760073
0.18463444857496902
0.3267326732673267
0.18584615384615388
0.25359477124183005
0.23561946902654862
0.22033898305084743
0.2151515151515152
0.29675213675213674
0.24439796832984761
0.25219743069641654
0.3293972939729397
0.39036596809508917
0.4531554977228367
0.18536585365853664
0.3381679389312977
0.2151515151515152
0.22498321020819345
0.30042613636363635
0.32903981264637006
0.2980935875216638
0.23246606334841624
0.2538116591928251
0.5997263085870681
0.2537402752842609
0.26826196473551633
0.3524904214559387
0.13588516746411483
0.2422650321074139
0.310143232972815
0.22498321020819345
0.22498321020819345
0.22498321020819345
0.22498321020819345
0.22498321020819345
0.22498321020819345
0.22498321020819345
0.22498321020819345
0.22498321020819345
0.22498321020819345
0.22498321020819345
0.22498321020819345
0.22498321020819345
0.22498321020819345
0.22498321020819345
0.22498321020819345
0.22498321020819345
0.22498321020819345
0.22468142186452045
0.225249169435216
0.22498321020819345
0.2501514233797698
0.22468142186452045
0.296028880866426
0.2251169004676019
0.275
0.22539893617021278
0.24077669902912624
0.304952926729431
0.27179646292274273
0.32621589561091335
0.2965641952983725
0.2965641952983725
0.27359693877551017
0.2251169004676019
0.2998223801065719
0.2967625899280576
0.28139754485363555
0.3054321831226512
0.2837181044957473
0.23307587460245338
0.23307587460245338
0.5022860875244938
0.2837181044957473
0.2621212121212121
0.23307587460245338
0.1925165962582981
0.22821024617431807
0.2097301717089125
0.21498864496593495
0.305327868852459
0.3054410552349547
0.22539893617021278
0.23307587460245338
0.24152886961236109
0.26463927531543185
0.3054530545305453
0.28633540372670807
0.28431372549019607
0.28431372549019607
0.28431372549019607
0.39445178335535
0.3936532913716234
0.3381795195954488
0.306064306064306
0.2282608695652174
0.2882767456758488
0.20421393841166935
0.3665443104352386
0.296028880866426
0.2966507177033493
0.33254938852304794
0.2857142857142857
0.228364295423652
0.335568669527897
0.28464419475655434
0.220620043258832
0.27424000000000004
0.1934369602763385
0.27424000000000004
0.2251169004676019
0.09134770022515282
0.3936735778841042
0.3934643995749203
