0.0
0.0
0.37861094038106946
0.0
0.37861094038106946
0.0
0.0
0.0
0.0
0.0
0.0
0.0
0.0
0.0
0.0
0.0
0.0
0.0
0.21720204142900035
0.0
0.0
0.0
0.0
0.0
0.0
0.0
0.0
0.0
0.0
0.0
0.0
0.0
0.0
0.0
0.0
0.0
0.0
0.0
0.0
0.0
0.0
0.0
0.0
0.0
0.0
0.31293929712460067
0.0
0.0
0.0
0.0
0.4162933466069355
0.40954052329291635
0.30737982396750174
0.2544250971362786
0.0
0.0
0.21720204142900035
0.21720204142900035
0.0
0.21720204142900035
0.0
0.21720204142900035
0.21720204142900035
0.3119500879859223
0.21720204142900035
0.21720204142900035
0.2259172521467604
0.0
0.21720204142900035
0.21720204142900035
0.21720204142900035
0.21720204142900035
0.21720204142900035
0.21720204142900035
0.21720204142900035
0.21720204142900035
0.0
0.21720204142900035
0.21720204142900035
0.2259172521467604
0.21720204142900035
0.0
0.21720204142900035
0.21720204142900035
0.21720204142900035
0.21720204142900035
0.21720204142900035
0.3119500879859223
0.21720204142900035
0.21720204142900035
0.21720204142900035
0.21720204142900035
0.21720204142900035
0.21720204142900035
0.21720204142900035
0.21720204142900035
0.21720204142900035
0.21720204142900035
0.21720204142900035
0.21720204142900035
0.21720204142900035
0.21720204142900035
0.2259172521467604
0.2259172521467604
0.2259172521467604
0.2259172521467604
0.21720204142900035
0.2259172521467604
0.2259172521467604
0.2259172521467604
0.21720204142900035
0.21720204142900035
0.21720204142900035
0.21720204142900035
0.21720204142900035
0.3119500879859223
0.21720204142900035
0.0
0.21720204142900035
0.21720204142900035
0.21720204142900035
0.21720204142900035
0.21720204142900035
0.21720204142900035
0.2259172521467604
0.21720204142900035
0.21720204142900035
0.2198296641491242
0.21720204142900035
0.21720204142900035
0.21720204142900035
0.0
0.2259172521467604
0.21720204142900035
0.3119500879859223
0.2259172521467604
0.0
0.21720204142900035
0.0
0.21720204142900035
0.0
0.0
0.21720204142900035
0.21720204142900035
0.21720204142900035
0.21720204142900035
0.21720204142900035
0.21720204142900035
0.21720204142900035
0.21720204142900035
0.21720204142900035
0.21720204142900035
0.21720204142900035
0.21720204142900035
0.21720204142900035
0.37861094038106946
0.21720204142900035
0.21720204142900035
0.0
0.35887780079081155
0.0
0.0
0.0
0.0
0.0
0.0
0.0
0.0
0.0
0.0
0.0
0.0
0.0
0.0
0.0
0.0
0.0
0.0
0.0
0.0
0.0
0.0
0.0
0.0
0.0
0.0
0.0
0.0
0.0
0.0
0.0
0.0
0.0
0.0
0.0
0.0
0.0
0.0
0.0
0.0
0.0
0.0
0.0
0.0
0.0
0.0
0.0
0.0
0.0
0.0
0.0
0.0
0.0
0.0
0.0
0.0
0.0
0.0
0.0
0.0
0.0
0.3778527485612224
0.0
0.0
0.0
0.0
0.0
0.0
0.0
0.0
0.0
0.377373417721519
0.0
0.0
0.0
0.0
0.0
0.0
0.0
0.0
0.0
0.0
0.0
0.0
0.0
0.0
0.0
0.0
0.0
0.0
0.0
0.0
0.0
0.0
0.0
0.0
0.0
0.0
0.0
0.0
0.0
0.0
0.0
0.0
0.0
0.0
0.0
0.0
0.0
0.0
0.0
0.0
0.0
0.0
0.0
0.3566072321279786
0.0
0.0
0.0
0.32561669829222006
0.0
0.0
0.0
0.0
0.0
0.0
0.0
0.0
0.0
0.0
0.0
0.0
0.0
0.0
0.0
0.0
0.0
0.0
0.0
0.0
0.0
0.0
0.0
0.0
0.0
0.0
0.0
0.0
0.0
0.0
0.0
0.0
0.0
0.0
0.0
0.0
0.0
0.0
0.0
0.0
0.0
0.0
0.0
0.0
0.0
0.0
0.0
0.0
0.0
0.0
0.0
0.0
0.0
0.0
0.0
0.0
0.0
0.0
0.0
0.0
0.0
0.0
0.0
0.0
0.0
0.0
0.0
0.0
0.0
0.0
0.0
0.0
0.0
0.0
0.0
0.0
0.0
0.0
0.0
0.0
0.0
0.0
0.0
0.0
0.0
0.0
0.0
0.0
0.0
0.0
0.0
0.0
0.0
0.0
0.35887780079081155
0.0
0.0
0.0
0.0
0.0
0.0
0.0
0.0
0.0
0.0
0.0
0.0
0.0
0.0
0.35887780079081155
0.0
0.0
0.0
0.0
0.0
0.0
0.0
0.0
0.0
0.0
0.0
0.0
0.0
0.3335523434077967
0.0
0.0
0.2765769739744155
0.0
0.0
0.0
0.0
0.0
0.0
0.0
0.0
0.0
0.0
0.0
0.0
0.0
0.0
0.0
0.0
0.0
0.0
0.0
0.0
0.0
0.0
0.0
0.0
0.27726675427069647
0.2777170347692981
0.2790188348664039
0.4025823858161496
0.2785087719298246
0.3336985100788782
0.2947319563703875
0.26339486717694727
0.35097171445064457
0.0
0.3378710109350591
0.2764084507042254
0.0
0.0
0.0
0.0
0.0
0.0
0.0
0.0
0.0
0.0
0.0
0.0
0.0
0.0
0.0
0.0
0.0
0.0
0.0
0.0
0.0
0.0
0.0
0.0
0.0
0.0
0.0
0.0
0.0
0.0
0.0
0.0
0.0
0.0
0.0
0.0
0.0
0.0
0.0
0.0
0.0
0.0
0.0
0.0
0.0
0.0
0.0
0.0
0.0
0.0
0.0
0.0
0.0
0.0
0.0
0.0
0.0
0.0
0.0
0.0
0.0
0.0
0.0
0.0
0.0
0.0
0.0
0.0
0.0
0.0
0.0
0.0
0.0
0.0
0.0
0.0
0.0
0.0
0.0
0.0
0.0
0.0
0.0
0.0
0.0
0.0
0.0
0.0
0.0
0.0
0.0
0.0
0.0
0.0
0.0
0.0
0.0
0.0
0.359239744072262
0.0
0.0
0.0
0.0
0.0
0.0
0.0
0.0
0.0
0.0
0.0
0.0
0.0
0.0
0.0
0.0
0.0
0.0
0.0
0.0
0.0
0.0
0.0
0.0
0.0
0.0
0.0
0.0
0.0
0.0
0.0
0.0
0.0
0.0
0.0
0.0
0.0
0.34847233691164325
0.0
0.0
0.0
0.0
0.0
0.0
0.0
0.43059173799776707
0.0
0.0
0.0
0.0
0.2436989396836433
0.0
0.0
0.0
0.0
0.0
0.0
0.0
0.0
0.0
0.0
0.0
0.0
0.0
0.0
0.0
0.0
0.0
0.0
0.0
0.0
0.0
0.0
0.0
0.0
0.0
0.0
0.0
0.0
0.0
0.0
0.0
0.0
0.0
0.0
0.0
0.0
0.0
0.37567180222142604
0.0
0.43548677343890585
0.4353386167146974
0.0
0.0
0.0
0.0
0.0
0.0
0.0
0.0
0.0
0.0
0.0
0.0
0.0
0.0
0.0
0.0
0.0
0.0
0.0
0.0
0.0
0.0
0.0
0.0
0.0
0.0
0.0
0.0
0.0
0.0
0.43548677343890585
0.0
0.0
0.0
0.23040169881436912
0.0
0.0
0.0
0.0
0.0
0.0
0.0
0.0
0.0
0.0
0.3594279262325931
0.0
0.29620135166627826
0.0
0.43548677343890585
0.43548677343890585
0.43548677343890585
0.43548677343890585
0.43548677343890585
0.43548677343890585
0.43548677343890585
0.43548677343890585
0.3779496331548682
0.0
0.0
0.0
0.0
0.0
0.0
0.0
0.0
0.0
0.0
0.0
0.21720204142900035
0.0
0.0
0.0
0.0
0.0
0.0
0.43548677343890585
0.3779496331548682
0.43548677343890585
0.3779496331548682
0.43548677343890585
0.43548677343890585
0.3779496331548682
0.3779496331548682
0.3779496331548682
0.43548677343890585
0.3779496331548682
0.0
0.0
0.0
0.0
0.0
0.0
0.0
0.0
0.0
0.0
0.0
0.0
0.0
0.0
0.0
0.0
0.0
0.0
0.0
0.0
0.0
0.43548677343890585
0.43548677343890585
0.43548677343890585
0.43548677343890585
0.43548677343890585
0.43548677343890585
0.43548677343890585
0.43548677343890585
0.43548677343890585
0.43548677343890585
0.43548677343890585
0.43548677343890585
0.43548677343890585
0.43548677343890585
0.3779496331548682
0.43548677343890585
0.43548677343890585
0.43548677343890585
0.3779496331548682
0.43548677343890585
0.43548677343890585
0.3779496331548682
0.3779496331548682
0.3779496331548682
0.3779496331548682
0.3779496331548682
0.3779496331548682
0.43548677343890585
0.43548677343890585
0.3779496331548682
0.3779496331548682
0.3779496331548682
0.43548677343890585
0.43548677343890585
0.43548677343890585
0.43548677343890585
0.43548677343890585
0.0
0.0
0.0
0.0
0.0
0.0
0.0
0.0
0.0
0.0
0.0
0.0
0.43548677343890585
0.0
0.0
0.16272247212986501
0.0
0.0
0.0
0.0
0.0
0.43548677343890585
0.3779496331548682
0.0
0.0
0.0
0.0
0.0
0.0
0.0
0.0
0.0
0.0
0.0
0.0
0.0
0.0
0.0
0.43548677343890585
0.43548677343890585
0.0
0.0
0.0
0.0
0.0
0.0
0.0
0.0
0.0
0.0
0.0
0.43548677343890585
0.0
0.0
0.0
0.0
0.0
0.0
0.0
0.0
0.0
0.0
0.0
0.0
0.0
0.0
0.0
0.0
0.0
0.0
0.0
0.0
0.0
0.2895670688431512
0.0
0.0
0.0
0.0
0.0
0.0
0.0
0.0
0.0
0.0
0.0
0.27101132525332805
0.0
0.0
0.0
0.0
0.0
0.0
0.0
0.0
0.0
0.0
0.0
0.0
0.43548677343890585
0.0
0.0
0.0
0.0
0.0
0.33736327000575705
0.0
0.0
0.0
0.0
0.3779496331548682
0.0
0.0
0.0
0.0
0.0
0.0
0.0
0.359622641509434
0.0
0.0
0.0
0.0
0.0
0.0
0.0
0.0
0.0
0.0
0.0
0.3779496331548682
0.3779496331548682
0.3779496331548682
0.3779496331548682
0.0
0.0
0.0
0.0
0.0
0.0
0.0
0.0
0.0
0.0
0.0
0.0
0.0
0.0
0.0
0.3779496331548682
0.0
0.0
0.0
0.0
0.0
0.0
0.0
0.0
0.0
0.0
0.0
0.0
0.0
0.0
0.0
0.2958607714016933
0.0
0.359622641509434
0.359622641509434
0.0
0.0
0.0
0.0
0.3779496331548682
0.0
0.0
0.0
0.0
0.21720204142900035
0.0
0.0
0.0
0.0
0.0
0.0
0.0
0.0
0.0
0.0
0.0
0.0
0.0
0.0
0.0
0.0
0.0
0.0
0.0
0.0
0.0
0.0
0.0
0.0
0.0
0.0
0.0
0.0
0.0
0.0
0.0
0.0
0.0
0.0
0.0
0.0
0.0
0.0
0.0
0.0
0.0
0.0
0.43548677343890585
0.0
0.0
0.0
0.0
0.0
0.0
0.0
0.0
0.0
0.0
0.0
0.0
0.0
0.0
0.0
0.0
0.0
0.0
0.0
0.0
0.0
0.0
0.0
0.0
0.0
0.0
0.0
0.0
0.0
0.4010426723305658
0.0
0.3710168459508829
0.0
0.0
0.43548677343890585
0.0
0.0
0.0
0.0
0.0
0.0
0.0
0.29011614126570273
0.0
0.0
0.0
0.0
0.0
0.0
0.0
0.0
0.0
0.0
0.0
0.0
0.0
0.2559668777398928
0.0
0.0
0.0
0.0
0.0
0.25524134568503165
0.0
0.0
0.0
0.0
0.0
0.0
0.0
0.0
0.0
0.0
0.0
0.0
0.0
0.0
0.0
0.0
0.0
0.0
0.0
0.0
0.0
0.0
0.0
0.0
0.0
0.0
0.0
0.0
0.0
0.0
0.0
0.0
0.0
0.0
0.0
0.0
0.0
0.0
0.0
0.0
0.0
0.0
0.0
0.0
0.0
0.0
0.0
0.0
0.0
0.0
0.0
0.0
0.0
0.0
0.0
0.0
0.0
0.0
0.0
0.0
0.0
0.0
0.0
0.0
0.0
0.0
0.0
0.0
0.0
0.0
0.0
0.0
0.0
0.0
0.0
0.0
0.0
0.0
0.0
0.0
0.0
0.0
0.0
0.0
0.0
0.0
0.0
0.0
0.0
0.0
0.0
0.0
0.0
0.0
0.0
0.0
0.0
0.0
0.0
0.0
0.0
0.0
0.0
0.0
0.0
0.0
0.0
0.0
0.0
0.0
0.0
0.0
0.0
0.0
0.0
0.0
0.0
0.0
0.0
0.0
0.0
0.0
0.0
0.0
0.0
0.43548677343890585
0.0
0.0
0.0
0.43548677343890585
0.3779496331548682
0.0
0.0
0.5417700578990902
0.0
0.0
0.0
0.0
0.0
0.0
0.0
0.0
0.26907829534192274
0.27569993588373587
0.0
0.0
0.0
0.2553035844915874
0.0
0.0
0.0
0.43548677343890585
0.25524134568503165
0.0
0.0
0.0
0.28984134501539194
0.261175996778091
0.2909952606635071
0.0
0.33867475097444777
0.0
0.43548677343890585
0.0
0.0
0.0
0.0
0.25524134568503165
0.0
0.0
0.5417700578990902
0.0
0.0
0.0
0.0
0.0
0.0
0.2553035844915874
0.0
0.0
0.0
0.0
0.0
0.0
0.0
0.40830800405268486
0.40830800405268486
0.40830800405268486
0.40770791075050705
0.41722037652270205
0.40770791075050705
0.40770791075050705
0.40770791075050705
0.0
0.2553035844915874
0.0
0.40770791075050705
0.2531181217901688
0.0
0.0
0.0
0.0
0.0
0.25305623471882643
0.25524134568503165
0.25524134568503165
0.0
0.2553035844915874
0.0
0.2528848514608397
0.0
0.0
0.0
0.0
0.0
0.2553035844915874
0.43548677343890585
0.0
0.2531181217901688
0.0
0.0
0.0
0.0
0.0
0.0
0.0
0.359622641509434
0.0
0.0
0.26907829534192274
0.0
0.0
0.0
0.0
0.0
0.0
0.0
0.0
0.0
0.43548677343890585
0.0
0.0
0.0
0.0
0.0
0.0
0.0
0.0
0.0
0.0
0.0
0.0
0.0
0.0
0.0
0.0
0.0
0.0
0.0
0.0
0.0
0.0
0.0
0.0
0.0
0.0
0.0
0.0
0.16272247212986501
0.0
0.0
0.0
0.0
0.0
0.0
0.0
0.0
0.28984134501539194
0.0
0.0
0.0
0.0
0.0
0.0
0.0
0.43548677343890585
0.2909952606635071
0.0
0.0
0.0
0.0
0.3779496331548682
0.0
0.0
0.0
0.0
0.0
0.0
0.0
0.0
0.0
0.0
0.0
0.0
0.0
0.0
0.0
0.0
0.0
0.0
0.0
0.0
0.0
0.0
0.0
0.0
0.0
0.0
0.0
0.0
0.0
0.0
0.0
0.0
0.0
0.0
0.0
0.0
0.0
0.0
0.0
0.0
0.0
0.0
0.0
0.0
0.0
0.0
0.0
0.0
0.0
0.0
0.28084163898117387
0.0
0.0
0.0
0.0
0.0
0.0
0.298339957914426
0.0
0.0
0.0
0.0
0.0
0.0
0.2909952606635071
0.2984097287184284
