0.4814814814814815
0.5
0.4814814814814815
0.4814814814814815
0.4814814814814815
0.4814814814814815
0.4814814814814815
0.4814814814814815
0.5
0.4814814814814815
0.4814814814814815
0.4814814814814815
0.4814814814814815
0.4814814814814815
0.4814814814814815
0.4814814814814815
0.4814814814814815
0.4814814814814815
0.4814814814814815
0.4814814814814815
0.4814814814814815
0.4814814814814815
0.4814814814814815
0.4814814814814815
0.4814814814814815
0.4814814814814815
0.4814814814814815
0.4814814814814815
0.4814814814814815
0.4814814814814815
0.4814814814814815
0.4814814814814815
0.4814814814814815
0.4814814814814815
0.5
0.4814814814814815
0.4814814814814815
0.4814814814814815
0.4814814814814815
0.4814814814814815
0.4814814814814815
0.4814814814814815
0.4814814814814815
0.4814814814814815
0.4814814814814815
0.4814814814814815
0.4814814814814815
0.4814814814814815
0.4814814814814815
0.5
0.4814814814814815
0.4814814814814815
0.4814814814814815
0.4814814814814815
