0.375
0.0
0.21866666666666668
0.2436781609195402
0.23665893271461713
0.21753246753246758
0.3044871794871795
0.23488372093023258
0.31832797427652737
0.2467948717948718
0.0
0.3793103448275862
0.1690962099125365
0.2467948717948718
0.23488372093023258
0.2467948717948718
0.0
0.23323615160349853
0.20058139534883723
0.23546511627906974
0.2071611253196931
0.19239904988123513
0.247588424437299
0.23665893271461713
0.1690962099125365
0.2071611253196931
0.25396825396825395
0.0
0.0
0.18333333333333335
0.23546511627906974
0.15775401069518713
0.21866666666666668
0.3793103448275862
0.21657754010695185
0.23665893271461713
0.0
0.0
0.0
0.21657754010695185
0.247588424437299
0.3044871794871795
0.2505694760820045
0.0
0.3044871794871795
0.24018475750577373
0.1678486997635934
0.2467948717948718
0.34384858044164035
0.2467948717948718
0.2773722627737226
0.2573363431151241
0.25396825396825395
0.0
0.0
0.2773722627737226
0.0
0.25396825396825395
0.3044871794871795
0.0
0.25396825396825395
0.14964370546318295
0.23488372093023258
0.23488372093023258
0.21657754010695185
0.2071611253196931
0.25396825396825395
0.24920127795527158
0.17730496453900713
0.3044871794871795
0.247588424437299
0.3793103448275862
0.0
0.3793103448275862
0.0
0.2331002331002331
0.247588424437299
0.247588424437299
0.0
0.375
0.0
0.28205128205128205
0.3305555555555556
0.0
0.2331002331002331
0.2467948717948718
0.2467948717948718
0.23571428571428577
0.25396825396825395
0.23571428571428577
0.247588424437299
0.15775401069518713
0.31832797427652737
0.0
0.247588424437299
0.17151162790697672
0.3793103448275862
0.2467948717948718
0.3044871794871795
0.2467948717948718
0.2467948717948718
0.2467948717948718
0.0
0.1554959785522788
0.2467948717948718
0.3793103448275862
0.2596153846153846
0.25396825396825395
0.21753246753246758
0.3993808049535603
0.0
0.0
0.3793103448275862
0.2467948717948718
0.16000000000000003
0.25396825396825395
0.14014251781472686
0.3793103448275862
0.15775401069518713
0.15089514066496168
0.18527315914489306
0.2467948717948718
0.17151162790697672
0.24920127795527158
0.2773722627737226
0.25396825396825395
0.1690962099125365
0.0
0.0
0.0
0.25396825396825395
0.247588424437299
0.3793103448275862
0.1678486997635934
0.0
0.24920127795527158
0.2331002331002331
0.2467948717948718
0.25396825396825395
0.26045016077170413
0.21657754010695185
0.2467948717948718
0.247588424437299
0.16389548693586697
0.18604651162790697
0.2467948717948718
0.24920127795527158
0.28888888888888886
0.2467948717948718
0.375
0.247588424437299
0.30670926517571884
0.0
0.3044871794871795
0.25396825396825395
0.23752969121140144
0.21657754010695185
0.2467948717948718
0.2467948717948718
0.23906705539358597
0.2467948717948718
0.24920127795527158
0.2467948717948718
0.247588424437299
0.2467948717948718
0.0
0.24018475750577373
0.23488372093023258
0.2467948717948718
0.3993808049535603
0.2467948717948718
0.2773722627737226
0.0
0.3793103448275862
0.1943127962085308
0.23665893271461713
0.1690962099125365
0.17151162790697672
0.24018475750577373
0.0
0.21657754010695185
0.0
0.3793103448275862
0.2272727272727273
0.3044871794871795
0.1678486997635934
0.33757961783439494
0.3188854489164087
0.21447721179624668
0.2331002331002331
0.2467948717948718
0.14218009478672988
0.2467948717948718
0.23488372093023258
0.3793103448275862
0.21753246753246758
0.2331002331002331
0.335423197492163
0.28205128205128205
0.3793103448275862
0.23488372093023258
0.1690962099125365
0.0
0.0
0.1690962099125365
0.2467948717948718
0.3044871794871795
0.3993808049535603
0.21657754010695185
0.3044871794871795
0.1690962099125365
0.15601023017902815
0.25396825396825395
0.3793103448275862
0.0
0.0
0.1690962099125365
0.3793103448275862
0.17151162790697672
0.21657754010695185
0.2573363431151241
0.21753246753246758
0.2467948717948718
0.2467948717948718
0.23488372093023258
0.3793103448275862
0.2571428571428571
0.247588424437299
0.23752969121140144
0.23323615160349853
0.1690962099125365
0.2071611253196931
0.28205128205128205
0.21657754010695185
0.23488372093023258
0.3044871794871795
0.23752969121140144
0.1690962099125365
0.25396825396825395
0.3044871794871795
0.1690962099125365
0.23571428571428577
0.3305555555555556
0.25396825396825395
0.0
0.17151162790697672
0.18333333333333335
0.247588424437299
0.247588424437299
0.21753246753246758
0.25396825396825395
0.247588424437299
0.23665893271461713
0.0
0.2071611253196931
0.2467948717948718
0.17151162790697672
0.1690962099125365
0.0
0.3044871794871795
0.2596153846153846
0.23488372093023258
0.2331002331002331
0.0
0.31832797427652737
0.25396825396825395
0.1690962099125365
0.25396825396825395
0.0
0.23752969121140144
0.247588424437299
0.3793103448275862
0.23323615160349853
0.3993808049535603
0.2467948717948718
0.25396825396825395
0.23488372093023258
0.0
0.34384858044164035
0.23488372093023258
0.2467948717948718
0.0
0.23488372093023258
0.3479623824451411
0.2467948717948718
0.2467948717948718
0.2467948717948718
0.17151162790697672
0.23488372093023258
0.19999999999999996
0.14014251781472686
0.2467948717948718
0.2272727272727273
0.2071611253196931
0.1678486997635934
0.15775401069518713
0.17730496453900713
0.14454976303317535
0.19239904988123513
0.2467948717948718
0.2467948717948718
0.28205128205128205
0.0
0.19239904988123513
0.0
0.3793103448275862
0.2596153846153846
0.2071611253196931
0.0
0.25396825396825395
0.3305555555555556
0.1943127962085308
0.0
0.0
0.2730496453900709
0.2467948717948718
0.2467948717948718
0.1690962099125365
0.247588424437299
0.24292452830188682
0.17151162790697672
0.23323615160349853
0.23488372093023258
0.2467948717948718
0.26415094339622647
0.30670926517571884
0.2467948717948718
0.17151162790697672
0.24354243542435428
0.2467948717948718
0.2467948717948718
0.17732558139534882
0.2596153846153846
0.247588424437299
0.23488372093023258
0.23323615160349853
0.0
0.18333333333333335
0.14014251781472686
0.25396825396825395
0.14014251781472686
0.24354243542435428
0.15775401069518713
0.3793103448275862
0.3793103448275862
0.23665893271461713
0.3793103448275862
0.0
0.23488372093023258
0.3044871794871795
0.23488372093023258
0.2467948717948718
0.25396825396825395
0.0
0.267379679144385
0.2295081967213115
0.23488372093023258
0.3305555555555556
0.3044871794871795
0.15775401069518713
0.3793103448275862
0.3173076923076923
0.3793103448275862
0.25396825396825395
0.25396825396825395
0.2467948717948718
0.2467948717948718
0.25396825396825395
0.34384858044164035
0.2467948717948718
0.25396825396825395
0.19239904988123513
0.21866666666666668
0.21657754010695185
0.3044871794871795
0.23488372093023258
0.0
0.0
0.34384858044164035
0.23546511627906974
0.3793103448275862
0.0
0.2467948717948718
0.23323615160349853
0.39252336448598135
0.23323615160349853
0.0
0.0
0.2467948717948718
0.1690962099125365
0.2596153846153846
0.3793103448275862
0.3793103448275862
0.23571428571428577
0.2596153846153846
0.2467948717948718
0.23323615160349853
0.2228116710875332
0.0
0.25396825396825395
0.0
0.19239904988123513
0.2467948717948718
0.23488372093023258
0.0
0.2467948717948718
0.334375
0.23665893271461713
0.17151162790697672
0.3305555555555556
0.2467948717948718
0.3769968051118211
0.21657754010695185
0.2467948717948718
0.3793103448275862
0.1678486997635934
0.0
0.390625
0.0
0.23488372093023258
0.17151162790697672
0.23665893271461713
0.2467948717948718
0.2467948717948718
0.2467948717948718
0.2467948717948718
0.21753246753246758
0.3793103448275862
0.2467948717948718
0.2467948717948718
0.24018475750577373
0.3793103448275862
0.0
0.2467948717948718
0.0
0.3793103448275862
0.20190023752969122
0.3793103448275862
0.1690962099125365
0.24920127795527158
0.17151162790697672
0.3188854489164087
0.25396825396825395
0.3044871794871795
0.18333333333333335
0.21447721179624668
0.2505694760820045
0.0
0.0
0.3793103448275862
0.15775401069518713
0.2467948717948718
0.2467948717948718
0.0
0.23488372093023258
0.3993808049535603
0.0
0.1690962099125365
0.3793103448275862
0.21657754010695185
0.0
0.305993690851735
0.3793103448275862
0.2505694760820045
0.2467948717948718
0.28205128205128205
0.0
0.3044871794871795
0.23488372093023258
0.2071611253196931
0.1690962099125365
0.247588424437299
0.1678486997635934
0.25396825396825395
0.17151162790697672
0.3993808049535603
0.2467948717948718
0.3044871794871795
0.14014251781472686
0.17151162790697672
0.2467948717948718
0.2467948717948718
0.0
0.247588424437299
0.19239904988123513
0.3044871794871795
0.0
0.2467948717948718
0.2467948717948718
0.0
0.2505694760820045
0.32165605095541405
0.25396825396825395
0.1690962099125365
0.2467948717948718
0.2467948717948718
0.17730496453900713
0.0
0.21866666666666668
0.14014251781472686
0.15775401069518713
0.2331002331002331
0.2467948717948718
0.2467948717948718
0.3793103448275862
0.24354243542435428
0.19239904988123513
0.0
0.3793103448275862
0.0
0.2505694760820045
0.25396825396825395
0.247588424437299
0.17151162790697672
0.19239904988123513
0.2467948717948718
0.23488372093023258
0.3793103448275862
0.2467948717948718
0.2467948717948718
0.3793103448275862
0.25
0.2693333333333333
0.2467948717948718
0.17151162790697672
0.25396825396825395
0.22448979591836737
0.25396825396825395
0.2331002331002331
0.25396825396825395
0.0
0.24354243542435428
0.2571428571428571
0.2071611253196931
0.2467948717948718
0.2467948717948718
0.3305555555555556
0.247588424437299
0.23488372093023258
0.3793103448275862
0.2467948717948718
0.0
0.27884615384615385
0.20190023752969122
0.2071611253196931
0.2505694760820045
0.1678486997635934
0.19239904988123513
0.19476744186046513
0.23488372093023258
0.247588424437299
0.0
0.0
0.0
0.23323615160349853
0.25396825396825395
0.0
0.19239904988123513
0.1690962099125365
0.23323615160349853
0.335423197492163
0.17151162790697672
0.23665893271461713
0.17151162790697672
0.247588424437299
0.23323615160349853
0.24632352941176472
0.25396825396825395
0.0
0.23752969121140144
0.18114143920595538
0.0
0.2467948717948718
0.2467948717948718
0.0
0.2467948717948718
0.0
0.21657754010695185
0.23323615160349853
0.3044871794871795
0.2467948717948718
0.23323615160349853
0.2331002331002331
0.3793103448275862
0.1690962099125365
0.0
0.1690962099125365
0.0
0.33644859813084116
0.3793103448275862
0.15775401069518713
0.2467948717948718
0.3793103448275862
0.18912529550827428
0.2467948717948718
0.17151162790697672
0.15775401069518713
0.34384858044164035
0.247588424437299
0.23571428571428577
0.1678486997635934
0.15601023017902815
0.2571428571428571
0.23546511627906974
0.0
0.0
0.0
0.0
0.2571428571428571
0.1678486997635934
0.2797427652733119
0.3793103448275862
0.3793103448275862
0.3044871794871795
0.1690962099125365
0.19239904988123513
0.23323615160349853
0.0
0.0
0.23752969121140144
0.3793103448275862
0.2467948717948718
0.2467948717948718
0.0
0.0
0.23877068557919623
0.2467948717948718
0.23323615160349853
0.3769968051118211
0.0
0.2467948717948718
0.23933649289099523
0.25396825396825395
0.3793103448275862
0.0
0.2467948717948718
0.0
0.25396825396825395
0.21753246753246758
0.23488372093023258
0.23665893271461713
0.2467948717948718
0.2467948717948718
0.0
0.24920127795527158
0.0
0.17730496453900713
0.267379679144385
0.14014251781472686
0.0
0.3993808049535603
0.0
0.2467948717948718
0.28205128205128205
0.2467948717948718
0.0
0.23752969121140144
0.0
0.2467948717948718
0.25396825396825395
0.247588424437299
0.25396825396825395
0.0
0.0
0.0
0.3044871794871795
0.1678486997635934
0.19239904988123513
0.23323615160349853
0.14014251781472686
0.22133333333333338
0.0
0.2467948717948718
0.23665893271461713
0.1690962099125365
0.3793103448275862
0.2467948717948718
0.2467948717948718
0.19239904988123513
0.305993690851735
0.15089514066496168
0.0
0.23665893271461713
0.2505694760820045
0.23752969121140144
0.1678486997635934
0.335423197492163
0.14014251781472686
0.247588424437299
0.0
0.24354243542435428
0.2114014251781473
0.247588424437299
0.0
0.3793103448275862
0.2467948717948718
0.2467948717948718
0.25396825396825395
0.2797427652733119
0.0
0.2467948717948718
0.2467948717948718
0.0
0.0
0.23752969121140144
0.2467948717948718
0.2071611253196931
0.18333333333333335
0.25396825396825395
0.23546511627906974
0.1690962099125365
0.17151162790697672
0.0
0.3793103448275862
0.1690962099125365
0.2573363431151241
0.2467948717948718
0.2596153846153846
0.3044871794871795
0.23933649289099523
0.2467948717948718
0.23488372093023258
0.3793103448275862
0.23488372093023258
0.247588424437299
0.3305555555555556
0.14014251781472686
0.3044871794871795
0.3793103448275862
0.23323615160349853
0.23752969121140144
0.1678486997635934
0.0
0.31832797427652737
0.0
0.31832797427652737
0.16000000000000003
0.2467948717948718
0.1678486997635934
0.3793103448275862
0.23488372093023258
0.2467948717948718
0.0
