0.6028513238289206
0.0
0.37259100642398285
0.42782608695652175
0.4258289703315881
0.5071574642126789
0.5373134328358209
0.42280701754385963
0.5517970401691332
0.4789356984478936
0.0
0.6
0.2892768079800499
0.4789356984478936
0.42280701754385963
0.4789356984478936
0.0
0.37825059101654845
0.34988179669030733
0.3954022988505747
0.359504132231405
0.33852140077821014
0.4811529933481153
0.4238178633975482
0.2892768079800499
0.359504132231405
0.43373493975903615
0.0
0.0
0.32612966601178783
0.3954022988505747
0.29213483146067415
0.37791932059447986
0.6
0.36989247311827955
0.4238178633975482
0.0
0.0
0.0
0.36989247311827955
0.4811529933481153
0.5373134328358209
0.43373493975903615
0.0
0.5373134328358209
0.4258289703315881
0.30158730158730157
0.4789356984478936
0.5693581780538303
0.4789356984478936
0.49056603773584906
0.43567753001715265
0.43373493975903615
0.0
0.0
0.49056603773584906
0.0
0.43373493975903615
0.5373134328358209
0.0
0.43373493975903615
0.2782258064516129
0.42280701754385963
0.42482517482517484
0.36989247311827955
0.359504132231405
0.43373493975903615
0.48008849557522126
0.31496062992125984
0.5373134328358209
0.4811529933481153
0.6
0.0
0.6
0.0
0.421792618629174
0.4811529933481153
0.4811529933481153
0.0
0.6028513238289206
0.0
0.5161987041036717
0.5537037037037037
0.0
0.4238178633975482
0.4789356984478936
0.4789356984478936
0.3954802259887006
0.43567753001715265
0.3954802259887006
0.4811529933481153
0.28893905191873587
0.5517970401691332
0.0
0.4811529933481153
0.3099273607748184
0.6
0.4789356984478936
0.5373134328358209
0.4789356984478936
0.4789356984478936
0.4789356984478936
0.0
0.27251732101616627
0.4789356984478936
0.6
0.49230769230769234
0.43567753001715265
0.5061475409836066
0.614314115308151
0.0
0.0
0.6
0.4789356984478936
0.29213483146067415
0.43567753001715265
0.26422764227642276
0.6
0.28893905191873587
0.2813852813852814
0.3313840155945419
0.4789356984478936
0.3099273607748184
0.48008849557522126
0.49056603773584906
0.43373493975903615
0.2892768079800499
0.0
0.0
0.0
0.43373493975903615
0.4811529933481153
0.6
0.30158730158730157
0.0
0.48008849557522126
0.421792618629174
0.4789356984478936
0.43373493975903615
0.4945054945054945
0.36989247311827955
0.4789356984478936
0.4811529933481153
0.29880478087649404
0.3317422434367542
0.4789356984478936
0.48008849557522126
0.5182795698924731
0.4789356984478936
0.6028513238289206
0.4811529933481153
0.5382978723404256
0.0
0.5373134328358209
0.43373493975903615
0.3966165413533835
0.36989247311827955
0.4789356984478936
0.4789356984478936
0.4288840262582057
0.4789356984478936
0.48008849557522126
0.4789356984478936
0.4811529933481153
0.4789356984478936
0.0
0.4258289703315881
0.42280701754385963
0.4789356984478936
0.6135458167330677
0.4789356984478936
0.49056603773584906
0.0
0.6
0.3253968253968254
0.4238178633975482
0.2892768079800499
0.3099273607748184
0.4258289703315881
0.0
0.36989247311827955
0.0
0.6
0.3837953091684435
0.5373134328358209
0.30158730158730157
0.5666666666666667
0.5387840670859538
0.35320088300220753
0.421792618629174
0.4789356984478936
0.2657200811359026
0.4789356984478936
0.42280701754385963
0.6
0.5051334702258727
0.421792618629174
0.5601659751037344
0.5161987041036717
0.6
0.42280701754385963
0.2892768079800499
0.0
0.0
0.2892768079800499
0.4789356984478936
0.5373134328358209
0.614314115308151
0.36989247311827955
0.5373134328358209
0.2892768079800499
0.3319838056680162
0.43373493975903615
0.6
0.0
0.0
0.2892768079800499
0.6
0.3099273607748184
0.36989247311827955
0.43567753001715265
0.5061475409836066
0.4789356984478936
0.4789356984478936
0.42280701754385963
0.6
0.4857142857142857
0.4811529933481153
0.398876404494382
0.3811764705882353
0.2892768079800499
0.359504132231405
0.5161987041036717
0.36989247311827955
0.42280701754385963
0.5373134328358209
0.3966165413533835
0.2892768079800499
0.43373493975903615
0.5373134328358209
0.2892768079800499
0.3954802259887006
0.5537037037037037
0.43373493975903615
0.0
0.3099273607748184
0.32612966601178783
0.4811529933481153
0.4811529933481153
0.5061475409836066
0.43373493975903615
0.4811529933481153
0.4258289703315881
0.0
0.359504132231405
0.4789356984478936
0.3099273607748184
0.2892768079800499
0.0
0.5373134328358209
0.49230769230769234
0.42280701754385963
0.421792618629174
0.0
0.5517970401691332
0.43373493975903615
0.2892768079800499
0.43373493975903615
0.0
0.3966165413533835
0.4811529933481153
0.6
0.37825059101654845
0.6135458167330677
0.4789356984478936
0.43373493975903615
0.42280701754385963
0.0
0.5693581780538303
0.42482517482517484
0.4789356984478936
0.0
0.42280701754385963
0.5711340206185567
0.4789356984478936
0.4789356984478936
0.4789356984478936
0.3099273607748184
0.42280701754385963
0.3548387096774194
0.26422764227642276
0.4789356984478936
0.3851063829787234
0.359504132231405
0.30158730158730157
0.28893905191873587
0.31496062992125984
0.25413223140495866
0.33852140077821014
0.4789356984478936
0.4789356984478936
0.5161987041036717
0.0
0.33852140077821014
0.0
0.6
0.49230769230769234
0.359504132231405
0.0
0.43373493975903615
0.5537037037037037
0.32673267326732675
0.0
0.0
0.5130641330166271
0.4789356984478936
0.4789356984478936
0.29280397022332505
0.4811529933481153
0.4022346368715084
0.3099273607748184
0.37825059101654845
0.42280701754385963
0.4789356984478936
0.49019607843137253
0.5382978723404256
0.4789356984478936
0.3099273607748184
0.49877750611246946
0.4789356984478936
0.4789356984478936
0.36404494382022473
0.49230769230769234
0.4811529933481153
0.42482517482517484
0.37825059101654845
0.0
0.3287671232876712
0.26422764227642276
0.43373493975903615
0.26422764227642276
0.49877750611246946
0.28893905191873587
0.6
0.6
0.4238178633975482
0.6
0.0
0.42482517482517484
0.5373134328358209
0.42280701754385963
0.4789356984478936
0.43373493975903615
0.0
0.44646464646464645
0.421792618629174
0.42482517482517484
0.5537037037037037
0.5373134328358209
0.28893905191873587
0.6
0.5496828752642706
0.6
0.43373493975903615
0.43373493975903615
0.4789356984478936
0.4789356984478936
0.43373493975903615
0.5693581780538303
0.4789356984478936
0.43567753001715265
0.33852140077821014
0.37259100642398285
0.36989247311827955
0.5373134328358209
0.42280701754385963
0.0
0.0
0.5693581780538303
0.3967889908256881
0.6
0.0
0.4789356984478936
0.37825059101654845
0.61
0.37971698113207547
0.0
0.0
0.4789356984478936
0.2892768079800499
0.49230769230769234
0.6
0.6
0.3954802259887006
0.49230769230769234
0.4789356984478936
0.37825059101654845
0.37393162393162394
0.0
0.43373493975903615
0.0
0.33852140077821014
0.4789356984478936
0.42482517482517484
0.0
0.4789356984478936
0.5571725571725572
0.4238178633975482
0.3099273607748184
0.5537037037037037
0.4789356984478936
0.6036585365853658
0.36989247311827955
0.4789356984478936
0.6
0.30158730158730157
0.0
0.6092184368737475
0.0
0.42280701754385963
0.3099273607748184
0.4238178633975482
0.4789356984478936
0.4789356984478936
0.4789356984478936
0.4789356984478936
0.5061475409836066
0.6
0.4789356984478936
0.4789356984478936
0.4258289703315881
0.6
0.0
0.4789356984478936
0.0
0.6
0.35135135135135137
0.6
0.2892768079800499
0.48008849557522126
0.3099273607748184
0.5387840670859538
0.43373493975903615
0.5373134328358209
0.32612966601178783
0.35320088300220753
0.43373493975903615
0.0
0.0
0.6
0.28893905191873587
0.4789356984478936
0.4789356984478936
0.0
0.42280701754385963
0.614314115308151
0.0
0.2892768079800499
0.6
0.36989247311827955
0.0
0.5329087048832272
0.6
0.43373493975903615
0.4789356984478936
0.5161987041036717
0.0
0.5373134328358209
0.42280701754385963
0.359504132231405
0.2892768079800499
0.4811529933481153
0.30158730158730157
0.43373493975903615
0.3099273607748184
0.614314115308151
0.4789356984478936
0.5373134328358209
0.26422764227642276
0.3099273607748184
0.4789356984478936
0.4789356984478936
0.0
0.4811529933481153
0.33852140077821014
0.5373134328358209
0.0
0.4789356984478936
0.4789356984478936
0.0
0.43373493975903615
0.5515789473684211
0.43567753001715265
0.29455445544554454
0.4789356984478936
0.4789356984478936
0.31496062992125984
0.0
0.37259100642398285
0.26422764227642276
0.28893905191873587
0.421792618629174
0.4789356984478936
0.4789356984478936
0.6
0.49877750611246946
0.33852140077821014
0.0
0.6
0.0
0.43373493975903615
0.43373493975903615
0.4811529933481153
0.3099273607748184
0.33852140077821014
0.4789356984478936
0.42280701754385963
0.6
0.4789356984478936
0.4789356984478936
0.6
0.43103448275862066
0.448692152917505
0.4789356984478936
0.3099273607748184
0.43567753001715265
0.3870967741935484
0.43567753001715265
0.421792618629174
0.43373493975903615
0.0
0.49877750611246946
0.4857142857142857
0.359504132231405
0.4789356984478936
0.4789356984478936
0.5537037037037037
0.4811529933481153
0.42280701754385963
0.6
0.4789356984478936
0.0
0.5119305856832972
0.35135135135135137
0.359504132231405
0.43373493975903615
0.30158730158730157
0.33852140077821014
0.34360189573459715
0.42280701754385963
0.4811529933481153
0.0
0.0
0.0
0.37825059101654845
0.43373493975903615
0.0
0.33852140077821014
0.2892768079800499
0.37825059101654845
0.5601659751037344
0.3099273607748184
0.4238178633975482
0.3099273607748184
0.4811529933481153
0.37825059101654845
0.5
0.43373493975903615
0.0
0.4
0.3319838056680162
0.0
0.4789356984478936
0.4789356984478936
0.0
0.4789356984478936
0.0
0.36989247311827955
0.37825059101654845
0.5373134328358209
0.4789356984478936
0.37825059101654845
0.421792618629174
0.6
0.2892768079800499
0.0
0.29280397022332505
0.0
0.558091286307054
0.6
0.28893905191873587
0.4789356984478936
0.6
0.330078125
0.4789356984478936
0.3099273607748184
0.28893905191873587
0.5693581780538303
0.4811529933481153
0.3954802259887006
0.30158730158730157
0.3319838056680162
0.4857142857142857
0.3954022988505747
0.0
0.0
0.0
0.0
0.4857142857142857
0.30158730158730157
0.5140997830802603
0.6
0.6
0.5373134328358209
0.2892768079800499
0.33852140077821014
0.37825059101654845
0.0
0.0
0.3966165413533835
0.6
0.4789356984478936
0.4789356984478936
0.0
0.0
0.3970037453183521
0.4789356984478936
0.37971698113207547
0.6036585365853658
0.0
0.4789356984478936
0.3977485928705441
0.43373493975903615
0.6
0.0
0.4789356984478936
0.0
0.43373493975903615
0.5091649694501018
0.42482517482517484
0.4238178633975482
0.4789356984478936
0.4789356984478936
0.0
0.48008849557522126
0.0
0.31496062992125984
0.44646464646464645
0.26422764227642276
0.0
0.614314115308151
0.0
0.4789356984478936
0.5161987041036717
0.4789356984478936
0.0
0.4
0.0
0.4789356984478936
0.43373493975903615
0.4811529933481153
0.43567753001715265
0.0
0.0
0.0
0.5373134328358209
0.30158730158730157
0.33852140077821014
0.37825059101654845
0.26422764227642276
0.3747323340471092
0.0
0.4789356984478936
0.4238178633975482
0.2892768079800499
0.6
0.4789356984478936
0.4789356984478936
0.33852140077821014
0.5329087048832272
0.2813852813852814
0.0
0.4238178633975482
0.43373493975903615
0.3966165413533835
0.30158730158730157
0.5601659751037344
0.26422764227642276
0.4811529933481153
0.0
0.49877750611246946
0.36398467432950193
0.4811529933481153
0.0
0.6
0.4789356984478936
0.4789356984478936
0.43373493975903615
0.5140997830802603
0.0
0.4789356984478936
0.4789356984478936
0.0
0.0
0.3966165413533835
0.4789356984478936
0.359504132231405
0.3287671232876712
0.43373493975903615
0.3954022988505747
0.2892768079800499
0.3099273607748184
0.0
0.6
0.2892768079800499
0.43567753001715265
0.4789356984478936
0.49230769230769234
0.5373134328358209
0.3977485928705441
0.4789356984478936
0.42280701754385963
0.6
0.42482517482517484
0.4811529933481153
0.5537037037037037
0.26422764227642276
0.5373134328358209
0.6
0.37825059101654845
0.3966165413533835
0.30158730158730157
0.0
0.5517970401691332
0.0
0.5517970401691332
0.2984409799554566
0.4789356984478936
0.30158730158730157
0.6
0.42482517482517484
0.4789356984478936
0.0
