0.6028513238289206
0.0
0.3725910064239829
0.4278260869565217
0.4258289703315882
0.5071574642126789
0.5373134328358209
0.42280701754385963
0.5517970401691332
0.4789356984478935
0.0
0.6
0.28927680798004984
0.4789356984478935
0.42280701754385963
0.4789356984478935
0.0
0.37825059101654845
0.3498817966903073
0.39540229885057476
0.359504132231405
0.33852140077821014
0.48115299334811534
0.4238178633975481
0.28927680798004984
0.359504132231405
0.4337349397590361
0.0
0.0
0.32612966601178783
0.39540229885057476
0.2921348314606742
0.37791932059447986
0.6
0.36989247311827955
0.4238178633975481
0.0
0.0
0.0
0.36989247311827955
0.48115299334811534
0.5373134328358209
0.4337349397590361
0.0
0.5373134328358209
0.4258289703315882
0.3015873015873016
0.4789356984478935
0.5693581780538302
0.4789356984478935
0.49056603773584906
0.4356775300171527
0.4337349397590361
0.0
0.0
0.49056603773584906
0.0
0.4337349397590361
0.5373134328358209
0.0
0.4337349397590361
0.2782258064516129
0.42280701754385963
0.4248251748251748
0.36989247311827955
0.359504132231405
0.4337349397590361
0.48008849557522126
0.31496062992125984
0.5373134328358209
0.48115299334811534
0.6
0.0
0.6
0.0
0.42179261862917394
0.48115299334811534
0.48115299334811534
0.0
0.6028513238289206
0.0
0.5161987041036717
0.5537037037037037
0.0
0.4238178633975481
0.4789356984478935
0.4789356984478935
0.3954802259887006
0.4356775300171527
0.3954802259887006
0.48115299334811534
0.2889390519187359
0.5517970401691332
0.0
0.48115299334811534
0.3099273607748184
0.6
0.4789356984478935
0.5373134328358209
0.4789356984478935
0.4789356984478935
0.4789356984478935
0.0
0.2725173210161663
0.4789356984478935
0.6
0.49230769230769234
0.4356775300171527
0.5061475409836065
0.614314115308151
0.0
0.0
0.6
0.4789356984478935
0.2921348314606742
0.4356775300171527
0.2642276422764228
0.6
0.2889390519187359
0.2813852813852814
0.3313840155945419
0.4789356984478935
0.3099273607748184
0.48008849557522126
0.49056603773584906
0.4337349397590361
0.28927680798004984
0.0
0.0
0.0
0.4337349397590361
0.48115299334811534
0.6
0.3015873015873016
0.0
0.48008849557522126
0.42179261862917394
0.4789356984478935
0.4337349397590361
0.4945054945054945
0.36989247311827955
0.4789356984478935
0.48115299334811534
0.298804780876494
0.3317422434367542
0.4789356984478935
0.48008849557522126
0.5182795698924731
0.4789356984478935
0.6028513238289206
0.48115299334811534
0.5382978723404255
0.0
0.5373134328358209
0.4337349397590361
0.3966165413533834
0.36989247311827955
0.4789356984478935
0.4789356984478935
0.42888402625820565
0.4789356984478935
0.48008849557522126
0.4789356984478935
0.48115299334811534
0.4789356984478935
0.0
0.4258289703315882
0.42280701754385963
0.4789356984478935
0.6135458167330677
0.4789356984478935
0.49056603773584906
0.0
0.6
0.32539682539682535
0.4238178633975481
0.28927680798004984
0.3099273607748184
0.4258289703315882
0.0
0.36989247311827955
0.0
0.6
0.3837953091684435
0.5373134328358209
0.3015873015873016
0.5666666666666667
0.5387840670859538
0.35320088300220753
0.42179261862917394
0.4789356984478935
0.2657200811359026
0.4789356984478935
0.42280701754385963
0.6
0.5051334702258727
0.42179261862917394
0.5601659751037344
0.5161987041036717
0.6
0.42280701754385963
0.28927680798004984
0.0
0.0
0.28927680798004984
0.4789356984478935
0.5373134328358209
0.614314115308151
0.36989247311827955
0.5373134328358209
0.28927680798004984
0.3319838056680162
0.4337349397590361
0.6
0.0
0.0
0.28927680798004984
0.6
0.3099273607748184
0.36989247311827955
0.4356775300171527
0.5061475409836065
0.4789356984478935
0.4789356984478935
0.42280701754385963
0.6
0.48571428571428577
0.48115299334811534
0.398876404494382
0.38117647058823534
0.28927680798004984
0.359504132231405
0.5161987041036717
0.36989247311827955
0.42280701754385963
0.5373134328358209
0.3966165413533834
0.28927680798004984
0.4337349397590361
0.5373134328358209
0.28927680798004984
0.3954802259887006
0.5537037037037037
0.4337349397590361
0.0
0.3099273607748184
0.32612966601178783
0.48115299334811534
0.48115299334811534
0.5061475409836065
0.4337349397590361
0.48115299334811534
0.4258289703315882
0.0
0.359504132231405
0.4789356984478935
0.3099273607748184
0.28927680798004984
0.0
0.5373134328358209
0.49230769230769234
0.42280701754385963
0.42179261862917394
0.0
0.5517970401691332
0.4337349397590361
0.28927680798004984
0.4337349397590361
0.0
0.3966165413533834
0.48115299334811534
0.6
0.37825059101654845
0.6135458167330677
0.4789356984478935
0.4337349397590361
0.42280701754385963
0.0
0.5693581780538302
0.4248251748251748
0.4789356984478935
0.0
0.42280701754385963
0.5711340206185567
0.4789356984478935
0.4789356984478935
0.4789356984478935
0.3099273607748184
0.42280701754385963
0.3548387096774194
0.2642276422764228
0.4789356984478935
0.38510638297872335
0.359504132231405
0.3015873015873016
0.2889390519187359
0.31496062992125984
0.25413223140495866
0.33852140077821014
0.4789356984478935
0.4789356984478935
0.5161987041036717
0.0
0.33852140077821014
0.0
0.6
0.49230769230769234
0.359504132231405
0.0
0.4337349397590361
0.5537037037037037
0.3267326732673267
0.0
0.0
0.513064133016627
0.4789356984478935
0.4789356984478935
0.29280397022332505
0.48115299334811534
0.4022346368715084
0.3099273607748184
0.37825059101654845
0.42280701754385963
0.4789356984478935
0.4901960784313726
0.5382978723404255
0.4789356984478935
0.3099273607748184
0.4987775061124694
0.4789356984478935
0.4789356984478935
0.3640449438202247
0.49230769230769234
0.48115299334811534
0.4248251748251748
0.37825059101654845
0.0
0.3287671232876712
0.2642276422764228
0.4337349397590361
0.2642276422764228
0.4987775061124694
0.2889390519187359
0.6
0.6
0.4238178633975481
0.6
0.0
0.4248251748251748
0.5373134328358209
0.42280701754385963
0.4789356984478935
0.4337349397590361
0.0
0.44646464646464645
0.42179261862917394
0.4248251748251748
0.5537037037037037
0.5373134328358209
0.2889390519187359
0.6
0.5496828752642706
0.6
0.4337349397590361
0.4337349397590361
0.4789356984478935
0.4789356984478935
0.4337349397590361
0.5693581780538302
0.4789356984478935
0.4356775300171527
0.33852140077821014
0.3725910064239829
0.36989247311827955
0.5373134328358209
0.42280701754385963
0.0
0.0
0.5693581780538302
0.3967889908256881
0.6
0.0
0.4789356984478935
0.37825059101654845
0.61
0.3797169811320755
0.0
0.0
0.4789356984478935
0.28927680798004984
0.49230769230769234
0.6
0.6
0.3954802259887006
0.49230769230769234
0.4789356984478935
0.37825059101654845
0.37393162393162394
0.0
0.4337349397590361
0.0
0.33852140077821014
0.4789356984478935
0.4248251748251748
0.0
0.4789356984478935
0.5571725571725572
0.4238178633975481
0.3099273607748184
0.5537037037037037
0.4789356984478935
0.6036585365853658
0.36989247311827955
0.4789356984478935
0.6
0.3015873015873016
0.0
0.6092184368737474
0.0
0.42280701754385963
0.3099273607748184
0.4238178633975481
0.4789356984478935
0.4789356984478935
0.4789356984478935
0.4789356984478935
0.5061475409836065
0.6
0.4789356984478935
0.4789356984478935
0.4258289703315882
0.6
0.0
0.4789356984478935
0.0
0.6
0.3513513513513513
0.6
0.28927680798004984
0.48008849557522126
0.3099273607748184
0.5387840670859538
0.4337349397590361
0.5373134328358209
0.32612966601178783
0.35320088300220753
0.4337349397590361
0.0
0.0
0.6
0.2889390519187359
0.4789356984478935
0.4789356984478935
0.0
0.42280701754385963
0.614314115308151
0.0
0.28927680798004984
0.6
0.36989247311827955
0.0
0.5329087048832272
0.6
0.4337349397590361
0.4789356984478935
0.5161987041036717
0.0
0.5373134328358209
0.42280701754385963
0.359504132231405
0.28927680798004984
0.48115299334811534
0.3015873015873016
0.4337349397590361
0.3099273607748184
0.614314115308151
0.4789356984478935
0.5373134328358209
0.2642276422764228
0.3099273607748184
0.4789356984478935
0.4789356984478935
0.0
0.48115299334811534
0.33852140077821014
0.5373134328358209
0.0
0.4789356984478935
0.4789356984478935
0.0
0.4337349397590361
0.5515789473684211
0.4356775300171527
0.2945544554455446
0.4789356984478935
0.4789356984478935
0.31496062992125984
0.0
0.3725910064239829
0.2642276422764228
0.2889390519187359
0.42179261862917394
0.4789356984478935
0.4789356984478935
0.6
0.4987775061124694
0.33852140077821014
0.0
0.6
0.0
0.4337349397590361
0.4337349397590361
0.48115299334811534
0.3099273607748184
0.33852140077821014
0.4789356984478935
0.42280701754385963
0.6
0.4789356984478935
0.4789356984478935
0.6
0.43103448275862066
0.4486921529175051
0.4789356984478935
0.3099273607748184
0.4356775300171527
0.3870967741935484
0.4356775300171527
0.42179261862917394
0.4337349397590361
0.0
0.4987775061124694
0.48571428571428577
0.359504132231405
0.4789356984478935
0.4789356984478935
0.5537037037037037
0.48115299334811534
0.42280701754385963
0.6
0.4789356984478935
0.0
0.5119305856832972
0.3513513513513513
0.359504132231405
0.4337349397590361
0.3015873015873016
0.33852140077821014
0.3436018957345972
0.42280701754385963
0.48115299334811534
0.0
0.0
0.0
0.37825059101654845
0.4337349397590361
0.0
0.33852140077821014
0.28927680798004984
0.37825059101654845
0.5601659751037344
0.3099273607748184
0.4238178633975481
0.3099273607748184
0.48115299334811534
0.37825059101654845
0.5
0.4337349397590361
0.0
0.4
0.3319838056680162
0.0
0.4789356984478935
0.4789356984478935
0.0
0.4789356984478935
0.0
0.36989247311827955
0.37825059101654845
0.5373134328358209
0.4789356984478935
0.37825059101654845
0.42179261862917394
0.6
0.28927680798004984
0.0
0.29280397022332505
0.0
0.558091286307054
0.6
0.2889390519187359
0.4789356984478935
0.6
0.330078125
0.4789356984478935
0.3099273607748184
0.2889390519187359
0.5693581780538302
0.48115299334811534
0.3954802259887006
0.3015873015873016
0.3319838056680162
0.48571428571428577
0.39540229885057476
0.0
0.0
0.0
0.0
0.48571428571428577
0.3015873015873016
0.5140997830802603
0.6
0.6
0.5373134328358209
0.28927680798004984
0.33852140077821014
0.37825059101654845
0.0
0.0
0.3966165413533834
0.6
0.4789356984478935
0.4789356984478935
0.0
0.0
0.39700374531835203
0.4789356984478935
0.3797169811320755
0.6036585365853658
0.0
0.4789356984478935
0.3977485928705441
0.4337349397590361
0.6
0.0
0.4789356984478935
0.0
0.4337349397590361
0.5091649694501018
0.4248251748251748
0.4238178633975481
0.4789356984478935
0.4789356984478935
0.0
0.48008849557522126
0.0
0.31496062992125984
0.44646464646464645
0.2642276422764228
0.0
0.614314115308151
0.0
0.4789356984478935
0.5161987041036717
0.4789356984478935
0.0
0.4
0.0
0.4789356984478935
0.4337349397590361
0.48115299334811534
0.4356775300171527
0.0
0.0
0.0
0.5373134328358209
0.3015873015873016
0.33852140077821014
0.37825059101654845
0.2642276422764228
0.37473233404710926
0.0
0.4789356984478935
0.4238178633975481
0.28927680798004984
0.6
0.4789356984478935
0.4789356984478935
0.33852140077821014
0.5329087048832272
0.2813852813852814
0.0
0.4238178633975481
0.4337349397590361
0.3966165413533834
0.3015873015873016
0.5601659751037344
0.2642276422764228
0.48115299334811534
0.0
0.4987775061124694
0.3639846743295019
0.48115299334811534
0.0
0.6
0.4789356984478935
0.4789356984478935
0.4337349397590361
0.5140997830802603
0.0
0.4789356984478935
0.4789356984478935
0.0
0.0
0.3966165413533834
0.4789356984478935
0.359504132231405
0.3287671232876712
0.4337349397590361
0.39540229885057476
0.28927680798004984
0.3099273607748184
0.0
0.6
0.28927680798004984
0.4356775300171527
0.4789356984478935
0.49230769230769234
0.5373134328358209
0.3977485928705441
0.4789356984478935
0.42280701754385963
0.6
0.4248251748251748
0.48115299334811534
0.5537037037037037
0.2642276422764228
0.5373134328358209
0.6
0.37825059101654845
0.3966165413533834
0.3015873015873016
0.0
0.5517970401691332
0.0
0.5517970401691332
0.2984409799554566
0.4789356984478935
0.3015873015873016
0.6
0.4248251748251748
0.4789356984478935
0.0
