0.4314868804664723
0.0
0.22894736842105268
0.27212389380530977
0.270509977827051
0.3397260273972603
0.36734693877551017
0.26807563959955505
0.381021897810219
0.314868804664723
0.0
0.4285714285714286
0.1690962099125365
0.314868804664723
0.26807563959955505
0.314868804664723
0.0
0.23323615160349853
0.21203438395415475
0.24641833810888247
0.21914357682619645
0.20374707259953162
0.31678832116788325
0.26888888888888884
0.1690962099125365
0.21914357682619645
0.27692307692307694
0.0
0.0
0.19483568075117375
0.24641833810888247
0.17105263157894735
0.23298429319371727
0.4285714285714286
0.22691292875989444
0.26888888888888884
0.0
0.0
0.0
0.22691292875989444
0.31678832116788325
0.36734693877551017
0.27692307692307694
0.0
0.36734693877551017
0.270509977827051
0.17757009345794394
0.314868804664723
0.3979739507959479
0.314868804664723
0.32499999999999996
0.2785087719298246
0.27692307692307694
0.0
0.0
0.32499999999999996
0.0
0.27692307692307694
0.36734693877551017
0.0
0.27692307692307694
0.1615925058548009
0.26807563959955505
0.26970033296337403
0.22691292875989444
0.21914357682619645
0.27692307692307694
0.3158660844250364
0.1869158878504673
0.36734693877551017
0.31678832116788325
0.4285714285714286
0.0
0.4285714285714286
0.0
0.267260579064588
0.31678832116788325
0.31678832116788325
0.0
0.4314868804664723
0.0
0.34788937409024745
0.382842509603073
0.0
0.26888888888888884
0.314868804664723
0.314868804664723
0.24647887323943662
0.2785087719298246
0.24647887323943662
0.31678832116788325
0.16886543535620058
0.381021897810219
0.0
0.31678832116788325
0.18338108882521487
0.4285714285714286
0.314868804664723
0.36734693877551017
0.314868804664723
0.314868804664723
0.314868804664723
0.0
0.15775401069518713
0.314868804664723
0.4285714285714286
0.326530612244898
0.2785087719298246
0.3388203017832647
0.4433285509325682
0.0
0.0
0.4285714285714286
0.314868804664723
0.17105263157894735
0.2785087719298246
0.15222482435597184
0.4285714285714286
0.16886543535620058
0.16372795969773302
0.19859813084112155
0.314868804664723
0.18338108882521487
0.3158660844250364
0.32499999999999996
0.27692307692307694
0.1690962099125365
0.0
0.0
0.0
0.27692307692307694
0.31678832116788325
0.4285714285714286
0.17757009345794394
0.0
0.3158660844250364
0.267260579064588
0.314868804664723
0.27692307692307694
0.3284671532846716
0.22691292875989444
0.314868804664723
0.31678832116788325
0.17564402810304447
0.19885550786838335
0.314868804664723
0.3158660844250364
0.3497822931785196
0.314868804664723
0.4314868804664723
0.31678832116788325
0.3682678311499272
0.0
0.36734693877551017
0.27692307692307694
0.24736225087924968
0.22691292875989444
0.314868804664723
0.314868804664723
0.27298050139275765
0.314868804664723
0.3158660844250364
0.314868804664723
0.31678832116788325
0.314868804664723
0.0
0.270509977827051
0.26807563959955505
0.314868804664723
0.44252873563218387
0.314868804664723
0.32499999999999996
0.0
0.4285714285714286
0.1943127962085308
0.26888888888888884
0.1690962099125365
0.18338108882521487
0.270509977827051
0.0
0.22691292875989444
0.0
0.4285714285714286
0.237467018469657
0.36734693877551017
0.17757009345794394
0.39534883720930236
0.3687230989956959
0.21447721179624668
0.267260579064588
0.314868804664723
0.1532163742690058
0.314868804664723
0.26807563959955505
0.4285714285714286
0.33791208791208793
0.267260579064588
0.3890489913544669
0.34788937409024745
0.4285714285714286
0.26807563959955505
0.1690962099125365
0.0
0.0
0.1690962099125365
0.314868804664723
0.36734693877551017
0.4433285509325682
0.22691292875989444
0.36734693877551017
0.1690962099125365
0.19902912621359226
0.27692307692307694
0.4285714285714286
0.0
0.0
0.1690962099125365
0.4285714285714286
0.18338108882521487
0.22691292875989444
0.2785087719298246
0.3388203017832647
0.314868804664723
0.314868804664723
0.26807563959955505
0.4285714285714286
0.3207547169811321
0.31678832116788325
0.24912280701754386
0.23546511627906974
0.1690962099125365
0.21914357682619645
0.34788937409024745
0.22691292875989444
0.26807563959955505
0.36734693877551017
0.24736225087924968
0.1690962099125365
0.27692307692307694
0.36734693877551017
0.1690962099125365
0.24647887323943662
0.382842509603073
0.27692307692307694
0.0
0.18338108882521487
0.19483568075117375
0.31678832116788325
0.31678832116788325
0.3388203017832647
0.27692307692307694
0.31678832116788325
0.270509977827051
0.0
0.21914357682619645
0.314868804664723
0.18338108882521487
0.1690962099125365
0.0
0.36734693877551017
0.326530612244898
0.26807563959955505
0.267260579064588
0.0
0.381021897810219
0.27692307692307694
0.1690962099125365
0.27692307692307694
0.0
0.24736225087924968
0.31678832116788325
0.4285714285714286
0.23323615160349853
0.44252873563218387
0.314868804664723
0.27692307692307694
0.26807563959955505
0.0
0.3979739507959479
0.26970033296337403
0.314868804664723
0.0
0.26807563959955505
0.3997113997113997
0.314868804664723
0.314868804664723
0.314868804664723
0.18338108882521487
0.26807563959955505
0.21568627450980393
0.15222482435597184
0.314868804664723
0.23847167325428198
0.21914357682619645
0.17757009345794394
0.16886543535620058
0.1869158878504673
0.14556213017751485
0.20374707259953162
0.314868804664723
0.314868804664723
0.34788937409024745
0.0
0.20374707259953162
0.0
0.4285714285714286
0.326530612244898
0.21914357682619645
0.0
0.27692307692307694
0.382842509603073
0.1952662721893491
0.0
0.0
0.34504792332268375
0.314868804664723
0.314868804664723
0.17151162790697672
0.31678832116788325
0.2517482517482518
0.18338108882521487
0.23323615160349853
0.26807563959955505
0.314868804664723
0.3246753246753247
0.3682678311499272
0.314868804664723
0.18338108882521487
0.33224755700325737
0.314868804664723
0.314868804664723
0.22252747252747251
0.326530612244898
0.31678832116788325
0.26970033296337403
0.23323615160349853
0.0
0.19672131147540983
0.15222482435597184
0.27692307692307694
0.15222482435597184
0.33224755700325737
0.16886543535620058
0.4285714285714286
0.4285714285714286
0.26888888888888884
0.4285714285714286
0.0
0.26970033296337403
0.36734693877551017
0.26807563959955505
0.314868804664723
0.27692307692307694
0.0
0.28738621586475943
0.267260579064588
0.26970033296337403
0.382842509603073
0.36734693877551017
0.16886543535620058
0.4285714285714286
0.37900874635568516
0.4285714285714286
0.27692307692307694
0.27692307692307694
0.314868804664723
0.314868804664723
0.27692307692307694
0.3979739507959479
0.314868804664723
0.2785087719298246
0.20374707259953162
0.22894736842105268
0.22691292875989444
0.36734693877551017
0.26807563959955505
0.0
0.0
0.3979739507959479
0.24749642346208867
0.4285714285714286
0.0
0.314868804664723
0.23323615160349853
0.4388489208633094
0.23435225618631728
0.0
0.0
0.314868804664723
0.1690962099125365
0.326530612244898
0.4285714285714286
0.4285714285714286
0.24647887323943662
0.326530612244898
0.314868804664723
0.23323615160349853
0.22996057818659654
0.0
0.27692307692307694
0.0
0.20374707259953162
0.314868804664723
0.26970033296337403
0.0
0.314868804664723
0.3861671469740634
0.26888888888888884
0.18338108882521487
0.382842509603073
0.314868804664723
0.43231441048034935
0.22691292875989444
0.314868804664723
0.4285714285714286
0.17757009345794394
0.0
0.43804034582132567
0.0
0.26807563959955505
0.18338108882521487
0.26888888888888884
0.314868804664723
0.314868804664723
0.314868804664723
0.314868804664723
0.3388203017832647
0.4285714285714286
0.314868804664723
0.314868804664723
0.270509977827051
0.4285714285714286
0.0
0.314868804664723
0.0
0.4285714285714286
0.21311475409836067
0.4285714285714286
0.1690962099125365
0.3158660844250364
0.18338108882521487
0.3687230989956959
0.27692307692307694
0.36734693877551017
0.19483568075117375
0.21447721179624668
0.27692307692307694
0.0
0.0
0.4285714285714286
0.16886543535620058
0.314868804664723
0.314868804664723
0.0
0.26807563959955505
0.4433285509325682
0.0
0.1690962099125365
0.4285714285714286
0.22691292875989444
0.0
0.3632416787264834
0.4285714285714286
0.27692307692307694
0.314868804664723
0.34788937409024745
0.0
0.36734693877551017
0.26807563959955505
0.21914357682619645
0.1690962099125365
0.31678832116788325
0.17757009345794394
0.27692307692307694
0.18338108882521487
0.4433285509325682
0.314868804664723
0.36734693877551017
0.15222482435597184
0.18338108882521487
0.314868804664723
0.314868804664723
0.0
0.31678832116788325
0.20374707259953162
0.36734693877551017
0.0
0.314868804664723
0.314868804664723
0.0
0.27692307692307694
0.3808139534883721
0.2785087719298246
0.17271407837445574
0.314868804664723
0.314868804664723
0.1869158878504673
0.0
0.22894736842105268
0.15222482435597184
0.16886543535620058
0.267260579064588
0.314868804664723
0.314868804664723
0.4285714285714286
0.33224755700325737
0.20374707259953162
0.0
0.4285714285714286
0.0
0.27692307692307694
0.27692307692307694
0.31678832116788325
0.18338108882521487
0.20374707259953162
0.314868804664723
0.26807563959955505
0.4285714285714286
0.314868804664723
0.314868804664723
0.4285714285714286
0.27472527472527475
0.28923476005188065
0.314868804664723
0.18338108882521487
0.2785087719298246
0.24
0.2785087719298246
0.267260579064588
0.27692307692307694
0.0
0.33224755700325737
0.3207547169811321
0.21914357682619645
0.314868804664723
0.314868804664723
0.382842509603073
0.31678832116788325
0.26807563959955505
0.4285714285714286
0.314868804664723
0.0
0.3440233236151603
0.21311475409836067
0.21914357682619645
0.27692307692307694
0.17757009345794394
0.20374707259953162
0.20743919885550788
0.26807563959955505
0.31678832116788325
0.0
0.0
0.0
0.23323615160349853
0.27692307692307694
0.0
0.20374707259953162
0.1690962099125365
0.23323615160349853
0.3890489913544669
0.18338108882521487
0.26888888888888884
0.18338108882521487
0.31678832116788325
0.23323615160349853
0.33333333333333337
0.27692307692307694
0.0
0.25
0.19902912621359226
0.0
0.314868804664723
0.314868804664723
0.0
0.314868804664723
0.0
0.22691292875989444
0.23323615160349853
0.36734693877551017
0.314868804664723
0.23323615160349853
0.267260579064588
0.4285714285714286
0.1690962099125365
0.0
0.17151162790697672
0.0
0.38705035971223023
0.4285714285714286
0.16886543535620058
0.314868804664723
0.4285714285714286
0.19766081871345031
0.314868804664723
0.18338108882521487
0.16886543535620058
0.3979739507959479
0.31678832116788325
0.24647887323943662
0.17757009345794394
0.19902912621359226
0.3207547169811321
0.24641833810888247
0.0
0.0
0.0
0.0
0.3207547169811321
0.17757009345794394
0.345985401459854
0.4285714285714286
0.4285714285714286
0.36734693877551017
0.1690962099125365
0.20374707259953162
0.23323615160349853
0.0
0.0
0.24736225087924968
0.4285714285714286
0.314868804664723
0.314868804664723
0.0
0.0
0.24766355140186913
0.314868804664723
0.23435225618631728
0.43231441048034935
0.0
0.314868804664723
0.2482435597189696
0.27692307692307694
0.4285714285714286
0.0
0.314868804664723
0.0
0.27692307692307694
0.3415300546448088
0.26970033296337403
0.26888888888888884
0.314868804664723
0.314868804664723
0.0
0.3158660844250364
0.0
0.1869158878504673
0.28738621586475943
0.15222482435597184
0.0
0.4433285509325682
0.0
0.314868804664723
0.34788937409024745
0.314868804664723
0.0
0.25
0.0
0.314868804664723
0.27692307692307694
0.31678832116788325
0.2785087719298246
0.0
0.0
0.0
0.36734693877551017
0.17757009345794394
0.20374707259953162
0.23323615160349853
0.15222482435597184
0.23056653491436097
0.0
0.314868804664723
0.26888888888888884
0.1690962099125365
0.4285714285714286
0.314868804664723
0.314868804664723
0.20374707259953162
0.3632416787264834
0.16372795969773302
0.0
0.26888888888888884
0.27692307692307694
0.24736225087924968
0.17757009345794394
0.3890489913544669
0.15222482435597184
0.31678832116788325
0.0
0.33224755700325737
0.22248243559718972
0.31678832116788325
0.0
0.4285714285714286
0.314868804664723
0.314868804664723
0.27692307692307694
0.345985401459854
0.0
0.314868804664723
0.314868804664723
0.0
0.0
0.24736225087924968
0.314868804664723
0.21914357682619645
0.19672131147540983
0.27692307692307694
0.24641833810888247
0.1690962099125365
0.18338108882521487
0.0
0.4285714285714286
0.1690962099125365
0.2785087719298246
0.314868804664723
0.326530612244898
0.36734693877551017
0.2482435597189696
0.314868804664723
0.26807563959955505
0.4285714285714286
0.26970033296337403
0.31678832116788325
0.382842509603073
0.15222482435597184
0.36734693877551017
0.4285714285714286
0.23323615160349853
0.24736225087924968
0.17757009345794394
0.0
0.381021897810219
0.0
0.381021897810219
0.17539267015706805
0.314868804664723
0.17757009345794394
0.4285714285714286
0.26970033296337403
0.314868804664723
0.0
