0.64
0.9428571428571428
0.9436619718309859
0.9545454545454546
0.9705882352941176
0.9705882352941176
0.9436619718309859
0.9705882352941176
0.9705882352941176
0.9428571428571428
0.9705882352941176
0.9705882352941176
0.9428571428571428
0.9178082191780822
0.6733067729083666
0.9705882352941176
0.9705882352941176
0.9178082191780822
0.64
0.64
0.64
0.64
0.64
0.9130434782608696
0.9130434782608696
0.8461538461538461
0.8181818181818181
0.64
0.9130434782608696
0.64
0.64
0.8775510204081632
0.64
0.64
0.64
0.64
0.9705882352941176
0.9705882352941176
0.9705882352941176
0.9705882352941176
0.8961038961038961
0.8987341772151899
0.8987341772151899
0.9545454545454546
0.6464646464646464
0.6464646464646464
0.6464646464646464
0.64
0.64
0.64
0.64
0.6464646464646464
0.64
0.64
0.64
0.8461538461538461
0.6464646464646464
0.8461538461538461
0.64
0.9130434782608696
0.64
0.9130434782608696
0.9705882352941176
0.88
0.5487804878048781
0.6464646464646464
0.88
0.9178082191780822
0.9178082191780822
0.9178082191780822
0.9436619718309859
0.9178082191780822
0.9436619718309859
0.9178082191780822
0.9178082191780822
0.9436619718309859
0.9130434782608696
0.9428571428571428
0.9428571428571428
0.9705882352941176
0.9130434782608696
0.9130434782608696
0.8734177215189873
0.9178082191780822
0.9178082191780822
0.9178082191780822
0.8947368421052632
0.9428571428571428
0.6685714285714286
0.9436619718309859
0.8961038961038961
0.9428571428571428
0.9428571428571428
0.9705882352941176
0.9428571428571428
0.9428571428571428
0.9428571428571428
0.6626506024096386
0.9428571428571428
0.9428571428571428
0.9428571428571428
0.9705882352941176
0.9428571428571428
0.9130434782608696
0.9705882352941176
0.9130434782608696
0.9428571428571428
0.9428571428571428
0.9428571428571428
0.9428571428571428
0.9428571428571428
0.9428571428571428
0.9428571428571428
0.9428571428571428
0.9428571428571428
0.9428571428571428
0.9428571428571428
0.9428571428571428
0.9428571428571428
0.9705882352941176
0.9428571428571428
0.9428571428571428
0.9428571428571428
0.9130434782608696
0.9428571428571428
0.9130434782608696
0.8947368421052632
0.9178082191780822
0.8734177215189873
0.9436619718309859
0.8961038961038961
0.8961038961038961
0.8987341772151899
0.8987341772151899
0.8987341772151899
0.8987341772151899
0.8987341772151899
0.8987341772151899
0.8987341772151899
0.7081545064377682
0.9545454545454546
0.9130434782608696
0.9178082191780822
0.9178082191780822
0.9178082191780822
0.9178082191780822
0.9178082191780822
0.9130434782608696
0.9428571428571428
0.9428571428571428
0.9545454545454546
0.9130434782608696
0.8461538461538461
0.8461538461538461
0.8461538461538461
0.8461538461538461
0.8461538461538461
0.8461538461538461
0.8461538461538461
0.8461538461538461
0.8461538461538461
0.8461538461538461
0.8461538461538461
0.8461538461538461
0.8461538461538461
0.8461538461538461
0.8461538461538461
0.9178082191780822
0.8461538461538461
0.8461538461538461
0.8461538461538461
0.8461538461538461
0.8461538461538461
0.8490566037735849
0.6464646464646464
0.9436619718309859
0.9705882352941176
0.9705882352941176
0.8961038961038961
0.88
0.88
0.88
0.88
0.88
0.88
0.88
0.88
0.88
0.88
0.88
0.8461538461538461
0.9130434782608696
0.9130434782608696
0.9130434782608696
0.9130434782608696
0.9130434782608696
0.9130434782608696
0.9545454545454546
0.8775510204081632
0.9705882352941176
0.9705882352941176
0.9705882352941176
0.9705882352941176
0.9705882352941176
0.9428571428571428
0.9705882352941176
0.8734177215189873
0.8734177215189873
0.8734177215189873
0.8734177215189873
0.8734177215189873
0.8734177215189873
0.8734177215189873
0.8734177215189873
0.8734177215189873
0.8734177215189873
0.8734177215189873
0.8734177215189873
0.8734177215189873
0.8734177215189873
0.8961038961038961
0.9545454545454546
0.9705882352941176
0.8961038961038961
0.9705882352941176
0.8961038961038961
0.9705882352941176
0.9705882352941176
0.9705882352941176
0.9545454545454546
0.9705882352941176
0.8961038961038961
0.8987341772151899
0.8987341772151899
0.8987341772151899
0.9705882352941176
0.9705882352941176
0.8961038961038961
0.9705882352941176
0.9428571428571428
0.8987341772151899
0.8987341772151899
0.8987341772151899
0.8987341772151899
0.9148936170212766
0.8987341772151899
0.8987341772151899
0.9705882352941176
0.8987341772151899
0.8987341772151899
0.9705882352941176
0.88
0.9178082191780822
0.9705882352941176
0.9436619718309859
0.9436619718309859
0.9148936170212766
0.8961038961038961
0.9705882352941176
0.6239316239316239
0.9705882352941176
0.9705882352941176
0.6464646464646464
0.9705882352941176
0.8961038961038961
0.8987341772151899
0.8765432098765432
0.9436619718309859
0.9545454545454546
0.9705882352941176
0.9436619718309859
0.9436619718309859
0.9705882352941176
0.9436619718309859
0.8765432098765432
0.8987341772151899
0.8765432098765432
0.9545454545454546
0.9545454545454546
0.9705882352941176
0.9705882352941176
0.9705882352941176
0.6302521008403361
0.9705882352941176
0.6302521008403361
0.6198347107438016
0.8987341772151899
0.8987341772151899
0.6239316239316239
0.8987341772151899
0.6302521008403361
0.9130434782608696
0.9545454545454546
0.9545454545454546
0.9545454545454546
0.9545454545454546
0.9545454545454546
0.9545454545454546
0.9130434782608696
0.9130434782608696
0.9545454545454546
0.9545454545454546
0.9545454545454546
0.9545454545454546
0.9545454545454546
0.9130434782608696
0.9130434782608696
0.9545454545454546
0.9545454545454546
0.9545454545454546
0.9545454545454546
0.9545454545454546
0.9545454545454546
0.9545454545454546
0.9130434782608696
0.9705882352941176
0.9130434782608696
0.8734177215189873
0.8961038961038961
0.8961038961038961
0.8961038961038961
0.8961038961038961
0.8961038961038961
0.8961038961038961
0.8961038961038961
0.8961038961038961
0.8961038961038961
0.8961038961038961
0.8961038961038961
0.8961038961038961
0.8961038961038961
0.9130434782608696
0.9545454545454546
0.9428571428571428
0.9705882352941176
0.9705882352941176
0.9130434782608696
0.9130434782608696
0.9130434782608696
0.9705882352941176
0.9545454545454546
0.9545454545454546
0.9130434782608696
0.9545454545454546
0.9545454545454546
0.9545454545454546
0.9545454545454546
0.9130434782608696
0.9130434782608696
0.9545454545454546
0.9130434782608696
0.9545454545454546
0.9130434782608696
0.88
0.9130434782608696
0.9545454545454546
0.9545454545454546
0.88
0.88
0.88
0.9545454545454546
0.88
0.88
0.88
0.8461538461538461
0.8461538461538461
0.88
0.88
0.88
0.88
0.88
0.88
0.88
0.88
0.88
0.9545454545454546
0.9705882352941176
0.9545454545454546
0.9545454545454546
0.88
0.9705882352941176
0.9545454545454546
0.9705882352941176
0.9545454545454546
0.9545454545454546
0.9545454545454546
0.9545454545454546
0.9545454545454546
0.9545454545454546
0.88
0.8987341772151899
0.8987341772151899
0.8987341772151899
0.8987341772151899
0.8987341772151899
0.6481481481481481
0.8987341772151899
0.8765432098765432
0.8987341772151899
0.8987341772151899
0.6302521008403361
0.6198347107438016
0.5348837209302326
0.8987341772151899
0.8987341772151899
0.8734177215189873
0.8734177215189873
0.5348837209302326
0.64
0.8987341772151899
0.9705882352941176
