0.0
0.0
0.33333333333333337
0.33333333333333337
0.33333333333333337
0.33333333333333337
0.33333333333333337
0.33333333333333337
0.33333333333333337
0.19999999999999996
0.0
0.0
0.0
0.0
0.11111111111111116
0.0
0.0
0.19999999999999996
0.0
0.19999999999999996
0.0
0.0
0.0
0.0
0.0
0.0
0.0
0.0
0.0
0.0
0.0
0.0
0.0
0.0
0.0
0.0
0.33333333333333337
0.33333333333333337
0.33333333333333337
0.33333333333333337
0.33333333333333337
0.33333333333333337
0.33333333333333337
0.33333333333333337
0.33333333333333337
0.33333333333333337
0.33333333333333337
0.0
0.0
0.0
0.0
0.0
0.0
0.0
0.0
0.0
0.0
0.0
0.0
0.0
0.0
0.0
0.0
0.0
0.5
0.0
0.0
0.0
0.0
0.0
0.0
0.0
0.0
0.0
0.0
0.0
0.0
0.0
0.0
0.0
0.0
0.0
0.0
0.0
0.0
0.0
0.0
0.0
0.0
0.33333333333333337
0.33333333333333337
0.0
0.0
0.0
0.0
0.0
0.0
0.0
0.0
0.0
0.0
0.0
0.0
0.0
0.0
0.0
0.0
0.0
0.0
0.0
0.0
0.0
0.0
0.0
0.0
0.0
0.0
0.0
0.0
0.0
0.0
0.0
0.19999999999999996
0.0
0.0
0.0
0.0
0.0
0.0
0.33333333333333337
0.33333333333333337
0.33333333333333337
0.33333333333333337
0.33333333333333337
0.33333333333333337
0.33333333333333337
0.33333333333333337
0.33333333333333337
0.33333333333333337
0.33333333333333337
0.33333333333333337
0.0
0.0
0.0
0.0
0.0
0.0
0.0
0.0
0.0
0.0
0.0
0.0
0.0
0.0
0.0
0.0
0.0
0.0
0.0
0.0
0.0
0.0
0.0
0.0
0.0
0.0
0.0
0.0
0.0
0.0
0.0
0.0
0.33333333333333337
0.33333333333333337
0.33333333333333337
0.33333333333333337
0.33333333333333337
0.33333333333333337
0.33333333333333337
0.33333333333333337
0.33333333333333337
0.33333333333333337
0.33333333333333337
0.33333333333333337
0.33333333333333337
0.33333333333333337
0.33333333333333337
0.33333333333333337
0.33333333333333337
0.19999999999999996
0.0
0.0
0.0
0.0
0.0
0.0
0.0
0.0
0.0
0.0
0.0
0.0
0.0
0.0
0.0
0.0
0.0
0.0
0.0
0.0
0.0
0.0
0.0
0.0
0.0
0.0
0.0
0.0
0.0
0.0
0.33333333333333337
0.33333333333333337
0.33333333333333337
0.0
0.0
0.0
0.0
0.0
0.0
0.0
0.0
0.0
0.0
0.0
0.0
0.0
0.0
0.0
0.0
0.0
0.9166666666666666
0.0
0.0
0.9166666666666666
0.0
0.0
0.0
0.0
0.0
0.0
0.0
0.0
0.0
0.0
0.0
0.0
0.0
0.0
0.5
0.33333333333333337
0.0
0.0
0.0
0.0
0.0
0.0
0.0
0.0
0.0
0.0
0.0
0.0
0.0
0.0
0.33333333333333337
0.0
0.0
0.0
0.33333333333333337
0.0
0.0
0.2857142857142857
0.0
0.2857142857142857
0.2727272727272727
0.0
0.0
0.2857142857142857
0.0
0.2857142857142857
0.0
0.0
0.0
0.0
0.0
0.0
0.0
0.0
0.0
0.33333333333333337
0.0
0.0
0.0
0.0
0.0
0.0
0.0
0.0
0.0
0.0
0.0
0.0
0.0
0.0
0.0
0.0
0.0
0.0
0.0
0.0
0.0
0.0
0.0
0.0
0.0
0.0
0.0
0.0
0.0
0.0
0.0
0.0
0.0
0.0
0.33333333333333337
0.0
0.0
0.0
0.0
0.0
0.0
0.0
0.0
0.0
0.0
0.0
0.0
0.0
0.0
0.0
0.0
0.0
0.33333333333333337
0.0
0.0
0.0
0.33333333333333337
0.0
0.0
0.0
0.0
0.0
0.0
0.0
0.0
0.0
0.0
0.0
0.0
0.0
0.0
0.0
0.0
0.0
0.0
0.0
0.0
0.0
0.0
0.0
0.33333333333333337
0.0
0.0
0.0
0.0
0.0
0.0
0.0
0.0
0.0
0.0
0.33333333333333337
0.0
0.0
0.5
0.0
0.0
0.0
0.0
0.5
0.4838709677419355
0.4838709677419355
0.0
0.0
0.0
0.0
0.4838709677419355
0.19999999999999996
0.0
0.0
