0.33371625502584723
0.33371625502584723
0.33448176859029577
0.3256134546457127
0.3758542141230068
0.33448176859029577
0.3758542141230068
0.3758542141230068
0.33448350226439505
0.33371625502584723
0.33352468427095294
0.33409873708381166
0.33371625502584723
0.33409873708381166
0.33371625502584723
0.33333333333333337
0.33371625502584723
0.33829611248966085
0.32928847214561496
0.33371625502584723
0.3248758963044678
0.33371625502584723
0.3248758963044678
0.33371625502584723
0.33371625502584723
0.33614627285513365
0.33371625502584723
0.33371625502584723
0.3204633204633205
0.33371625502584723
0.3346727898966705
0.33448176859029577
0.3346727898966705
0.33448176859029577
0.3346727898966705
0.33448176859029577
0.33448176859029577
0.3212020953956438
0.33448176859029577
0.33448176859029577
0.33448176859029577
0.33371625502584723
0.335243553008596
0.33371625502584723
0.33371625502584723
0.3339080459770115
0.33371625502584723
0.33371625502584723
0.33371625502584723
0.3293642355943015
0.3339080459770115
0.3293642355943015
0.33371625502584723
0.3273239436619718
0.33371625502584723
0.3329512893982808
0.3339080459770115
0.33434060004316857
0.3339080459770115
0.3339080459770115
0.32950436077430334
0.33371625502584723
0.33811362382790955
0.33371625502584723
0.3339080459770115
0.33352468427095294
0.33409939672507905
0.33371625502584723
0.33371625502584723
0.3339080459770115
0.33371625502584723
0.33419633225458467
0.33371625502584723
0.33434060004316857
0.3204633204633205
0.33811362382790955
0.33371625502584723
0.33352468427095294
0.33811362382790955
0.33371625502584723
0.33390755096181457
0.33371625502584723
0.33371625502584723
0.33448176859029577
0.3346727898966705
0.3751898734177215
0.3751898734177215
0.37537993920972645
0.3751898734177215
0.3751898734177215
0.3751898734177215
0.3751898734177215
0.3751898734177215
0.3751898734177215
0.3751898734177215
0.37537993920972645
0.35706751054852326
0.35706751054852326
0.37537993920972645
0.35706751054852326
0.3751898734177215
0.3572370155549697
0.3751898734177215
0.3751898734177215
0.3572370155549697
0.3751898734177215
0.3751898734177215
0.3751898734177215
0.3751898734177215
0.33371625502584723
0.3751898734177215
0.3751898734177215
0.35706751054852326
0.37537993920972645
0.3751898734177215
0.3751898734177215
0.3755060728744939
0.33371625502584723
0.33371625502584723
0.3337159253945481
0.3751898734177215
0.3751898734177215
0.33390755096181457
0.3756962025316456
0.3342906375646181
0.33448176859029577
0.3342906375646181
0.33448176859029577
0.33448176859029577
0.33448176859029577
0.3342906375646181
0.3342906375646181
0.3342906375646181
0.3342906375646181
0.3342906375646181
0.375348013161225
0.33352468427095294
0.33371625502584723
0.33811362382790955
0.33352468427095294
0.33352468427095294
0.3673024523160763
0.35529045643153523
0.3375183092697217
0.3339080459770115
0.33847802786709535
0.33419633225458467
0.33419633225458467
0.3375183092697217
0.3293642355943015
0.33419633225458467
0.3293642355943015
0.3293642355943015
0.3293642355943015
0.3293642355943015
0.3293642355943015
0.3293642355943015
0.3293642355943015
0.3293642355943015
0.33419633225458467
0.33419633225458467
0.33419633225458467
0.3293642355943015
0.33419633225458467
0.3308223477715003
0.33419633225458467
0.3293642355943015
0.3353065539112051
0.33477135461604834
0.33477135461604834
0.33477135461604834
0.33477135461604834
0.33904843549078445
0.33477135461604834
0.33477135461604834
0.33477135461604834
0.33477135461604834
0.33477135461604834
0.33477135461604834
0.33477135461604834
0.33673469387755106
0.33477135461604834
0.33477135461604834
0.33477135461604834
0.33448350226439505
0.3273239436619718
0.3273239436619718
0.331830985915493
0.3329512893982808
0.33408450704225356
0.3329512893982808
0.3339080459770115
0.3314947600661886
0.3363114231014678
0.3363114231014678
0.3363114231014678
0.3375183092697217
0.33434060004316857
0.3751898734177215
0.3320180383314544
-1.0
0.3386198028289755
0.3386198028289755
0.33448350226439505
0.3418090871196332
-1.0
0.33448350226439505
0.33448350226439505
-1.0
-1.0
-1.0
0.3386198028289755
0.3386198028289755
0.3386198028289755
0.3387650085763293
0.3342906375646181
0.3758542141230068
0.33051801801801806
0.33371625502584723
0.3339080459770115
0.4938423645320197
-1.0
0.35984534658934
0.4454814477577965
0.3339080459770115
0.3339080459770115
0.3339080459770115
0.3339080459770115
-1.0
0.4454814477577965
-1.0
0.4938423645320197
0.3550919231563726
-1.0
0.34612129760225674
0.39351125065410775
0.4257532281205165
0.3459367945823928
0.4261648745519713
0.4938423645320197
0.4257532281205165
0.4227510365963584
0.4454814477577965
0.38400212596332717
0.33371625502584723
0.4454814477577965
0.3339080459770115
0.3339080459770115
0.33652762119503943
0.3386232039459576
0.4938423645320197
-1.0
0.3575949367088608
-1.0
0.3339080459770115
0.3339080459770115
-1.0
0.3459367945823928
0.39330543933054396
0.33371625502584723
0.38383838383838387
0.3339080459770115
0.4454814477577965
0.3339080459770115
0.40419235511713936
0.38400212596332717
0.34574168076706147
0.3575949367088608
0.35706751054852326
0.33448176859029577
0.39596977329974814
0.39596977329974814
0.3344842468709538
0.3459367945823928
0.3339080459770115
0.33371625502584723
0.3339080459770115
0.3339080459770115
0.33434060004316857
0.34355044699872284
0.3541361256544503
0.35925006892748823
0.3630810092961487
0.3618866901599349
0.38383838383838387
0.3801005025125628
0.33434060004316857
0.35068153655514245
0.33616840314692753
0.33419633225458467
0.33352435530085955
0.3813206424747174
0.33434060004316857
0.38383838383838387
0.355638166047088
0.33419633225458467
0.35650406504065035
0.3566490443269622
0.3566490443269622
0.355638166047088
0.3550381207500515
0.3534591194968554
0.3801005025125628
0.3566490443269622
0.36186931348221674
0.3383647798742139
0.37994775969459516
0.33371625502584723
0.3339080459770115
0.39351125065410775
0.3831825439063331
0.3339080459770115
0.3293918918918919
0.3339080459770115
0.3948586118251928
0.38383838383838387
0.36325013276686136
0.3459367945823928
0.33652762119503943
0.3704508419337317
0.39351125065410775
0.37994775969459516
0.3801005025125628
0.3357385398981324
0.3344842468709538
0.33477135461604834
0.33419633225458467
0.334170328520611
0.33419633225458467
0.3621509824198552
0.38383838383838387
0.38383838383838387
0.37994775969459516
0.3621509824198552
0.3801005025125628
0.3801005025125628
0.3534591194968554
0.36186931348221674
0.33371625502584723
0.33652762119503943
0.33371625502584723
0.33371625502584723
0.3384870237437879
0.3392216395252553
0.33371625502584723
0.3339080459770115
0.33802024746906634
0.33448176859029577
0.3337159253945481
0.33802024746906634
0.3339080459770115
0.33802024746906634
0.33802024746906634
0.338206353668822
0.33371625502584723
0.33371625502584723
0.33802024746906634
0.33652762119503943
0.33352468427095294
0.3339080459770115
0.3339080459770115
0.33802024746906634
0.3339080459770115
0.3339080459770115
0.3339080459770115
0.3802250803858521
0.4938423645320197
0.39351125065410775
0.39389193422083
0.3805541035023523
-1.0
0.3390392048591938
0.33409939672507905
0.33562625394095724
0.33543577981651373
0.3801005025125628
0.39351125065410775
0.39351125065410775
0.39351125065410775
0.35068153655514245
0.4257532281205165
0.3726606997558991
0.33477135461604834
0.4257532281205165
-1.0
-1.0
0.3725091500610004
0.34574168076706147
0.37027981526759035
0.3459367945823928
0.34612129760225674
0.3459261347617705
0.35612306454856224
0.3339080459770115
0.33559753767777545
0.3350329296792012
0.34574168076706147
0.33409873708381166
0.37027981526759035
