0.33314203730272596
0.33314203730272596
0.33518987341772155
0.3273082559843674
0.35851851851851857
0.3339070567986231
0.35851851851851857
0.35851851851851857
0.33405172413793105
0.3345150671055963
0.33434573525689704
0.33143345682530634
0.33314203730272596
0.33352451964439345
0.33314203730272596
0.33276010318142735
0.33314203730272596
0.33351708930540247
0.3268965517241379
0.33314203730272596
0.3243317718379719
0.33314203730272596
0.3243317718379719
0.33314203730272596
0.33314203730272596
0.3337084974676421
0.33314203730272596
0.33314203730272596
0.31992284375861124
0.33314203730272596
0.3320034197777144
0.33181299885974913
0.3320034197777144
0.33181299885974913
0.3320034197777144
0.33388022969647246
0.3343419062027232
0.3210148924434638
0.3339070567986231
0.3339070567986231
0.3339070567986231
0.33314203730272596
0.3339065634852393
0.33314203730272596
0.33314203730272596
0.33333333333333337
0.33314203730272596
0.33314203730272596
0.33314203730272596
0.32894177645558864
0.33333333333333337
0.32894177645558864
0.33314203730272596
0.3269501548859476
0.33314203730272596
0.33237904380188954
0.33333333333333337
0.3339085418464194
0.33333333333333337
0.33333333333333337
0.32908163265306123
0.3345150671055963
0.33447349132665527
0.3345150671055963
0.33468457055991896
0.33434573525689704
0.3348530901722391
0.3345150671055963
0.3345150671055963
0.33468457055991896
0.33333333333333337
0.3347706781654253
0.3342029741716671
0.3349019607843138
0.3227461519667726
0.3335172413793104
0.33314203730272596
0.3329509607112131
0.33314962799669334
0.33314203730272596
0.33314220183486243
0.33105218135158254
0.3335248491812698
0.3339070567986231
0.3320034197777144
0.35786613978760184
0.35786613978760184
0.3580429948109711
0.35786613978760184
0.35786613978760184
0.35786613978760184
0.35786613978760184
0.35786613978760184
0.35786613978760184
0.35786613978760184
0.3580429948109711
0.3460036448841447
0.34618390205782756
0.3580429948109711
0.3460036448841447
0.35786613978760184
0.34635416666666663
0.35786613978760184
0.35786613978760184
0.34635416666666663
0.35786613978760184
0.35786613978760184
0.35786613978760184
0.35786613978760184
0.33314203730272596
0.35786613978760184
0.35786613978760184
0.3458235753317721
0.3580429948109711
0.35786613978760184
0.35786613978760184
0.35818316465070354
0.33333333333333337
0.3345150671055963
0.33333333333333337
0.35822002472187886
0.35822002472187886
0.3312428734321551
0.35836008891084215
0.3316224693470202
0.3321917808219178
0.3320011418783899
0.3321917808219178
0.3321917808219178
0.3321917808219178
0.3320011418783899
0.3320011418783899
0.33374358974358975
0.33424118626115906
0.33390755096181457
0.3583786455758774
0.33434573525689704
0.3345150671055963
0.33447349132665527
0.33434573525689704
0.33434573525689704
0.38326693227091635
0.34464421372499365
0.334731223789554
0.3337165852256395
0.33833619210977706
0.33376455368693403
0.33376455368693403
0.3337515683814304
0.32894177645558864
0.33376455368693403
0.32894177645558864
0.32894177645558864
0.32894177645558864
0.32894177645558864
0.32894177645558864
0.32894177645558864
0.32894177645558864
0.32894177645558864
0.33376455368693403
0.33376455368693403
0.33218884120171677
0.32894177645558864
0.33376455368693403
0.328732747804266
0.33376455368693403
0.32894177645558864
0.33488273822100145
0.33419521654815776
0.334339297262341
0.33276121004076376
0.33276121004076376
0.33709739509816505
0.334339297262341
0.334339297262341
0.334339297262341
0.334339297262341
0.334339297262341
0.334339297262341
0.334339297262341
0.33460803059273425
0.334339297262341
0.334339297262341
0.334339297262341
0.33405172413793105
0.3269501548859476
0.3269501548859476
0.3292030413967897
0.3325694643368662
0.3314559279076317
0.3325694643368662
0.3335248491812698
0.329103448275862
0.3351393188854489
0.3351393188854489
0.3351393188854489
0.334731223789554
0.3349019607843138
0.35786613978760184
0.3292030413967897
-1.0
0.3368407545232901
0.3368407545232901
1.0
0.33678233438485805
-1.0
0.3343637300360639
0.3343637300360639
-1.0
-1.0
-1.0
0.3368407545232901
0.3368407545232901
0.3368407545232901
0.33692722371967654
0.33390755096181457
0.35851851851851857
0.3279284316466312
0.33314203730272596
0.3316195372750642
0.47736873868436935
-1.0
0.35800604229607247
0.43513513513513513
0.33333333333333337
0.3316195372750642
0.3334701415965524
0.3340396549114576
-1.0
0.43474347434743477
-1.0
0.47736873868436935
0.3517071164129988
-1.0
0.3422438234102876
0.37718120805369126
0.3879556622100332
0.3421105934778206
0.388235294117647
0.47736873868436935
0.3879556622100332
0.3859206603989911
0.4262428687856561
0.38383838383838387
0.3345150671055963
0.42821368948247074
0.33468457055991896
0.33468457055991896
0.334085142373837
0.3368915456874466
0.47736873868436935
-1.0
0.346344002081707
-1.0
0.33333333333333337
0.33468457055991896
-1.0
0.3421105934778206
0.3770366110791643
0.3345150671055963
0.38326693227091635
0.33468457055991896
0.4262428687856561
0.33468457055991896
0.39237451737451734
0.3791962174940898
0.3419720591212796
0.34117984785416966
0.3408927802497488
0.33518987341772155
0.39119496855345914
0.39119496855345914
0.33436412833397755
0.34536227798139274
0.3340396549114576
0.3339385686185504
0.3340396549114576
0.3340396549114576
0.33427835051546395
0.3398083067092652
0.3462414578587699
0.35710796287249635
0.3568052930056711
0.35755534167468717
0.37904942066682434
0.3766997427416391
0.3349019607843138
0.34978338670182707
0.3350096711798839
0.3347706781654253
0.33434420015163
0.3764065335753176
0.3349019607843138
0.37904942066682434
0.3527971369372763
0.3347706781654253
0.352144050491925
0.35227483751160626
0.35227483751160626
0.3527971369372763
0.3522556390977444
0.3523009356501814
0.3766997427416391
0.35227483751160626
0.35998491419950973
0.33333333333333337
0.3765613519470977
0.33143020268341417
0.3316195372750642
0.3911007025761124
0.3807885684043397
0.3316195372750642
0.32717604254128185
0.3316195372750642
0.3904372283303503
0.38144329896907214
0.35674676524953786
0.3436185133239832
0.33202577752871953
0.36807993518768567
0.3911007025761124
0.3765613519470977
0.3766997427416391
0.3323473484048173
0.33276047261009667
0.3330470259823921
0.3347706781654253
0.3316812809759817
0.3347706781654253
0.3603789126853377
0.37904942066682434
0.37904942066682434
0.3765613519470977
0.3602414183327046
0.3766997427416391
0.3766997427416391
0.3523009356501814
0.35998491419950973
0.3345150671055963
0.33499377334993774
0.3345150671055963
0.3345150671055963
0.33480068476400093
0.3354523227383863
0.3345150671055963
0.33468457055991896
0.3356556357302811
0.33518987341772155
0.3345141700404858
0.3356556357302811
0.33468457055991896
0.3356556357302811
0.3356556357302811
0.33582089552238803
0.3345150671055963
0.3345150671055963
0.3356556357302811
0.33499377334993774
0.33434573525689704
0.33468457055991896
0.33468457055991896
0.3356556357302811
0.33468457055991896
0.33468457055991896
0.33468457055991896
0.37681425684365244
0.47736873868436935
0.3877360690137561
0.3875174662319516
0.3743303051479152
-1.0
0.33528980190755686
0.3348530901722391
0.3355263157894737
0.3353581371804606
0.3766997427416391
0.3877360690137561
0.3877360690137561
0.3877360690137561
0.34978338670182707
0.3879556622100332
0.3577023498694517
0.33453561767357975
0.3879556622100332
-1.0
-1.0
0.3576134244872592
0.3419720591212796
0.3598738667717777
0.3421105934778206
0.3422438234102876
0.3421052631578947
0.3426607756504664
0.3334701415965524
0.3340137790252615
0.33367372989532806
0.34516765285996054
0.33352451964439345
0.3598738667717777
