0.0076857386848847575
0.0076857386848847575
0.03171091445427732
0.0357142857142857
0.10660247592847316
0.009385665529010212
0.10660247592847316
0.10660247592847316
0.008980115458627314
0.030258302583025865
0.030235988200589925
0.00929054054054057
0.0076857386848847575
0.009377664109121886
0.0076857386848847575
0.007672634271099765
0.0076857386848847575
0.02657004830917875
0.01692183722804186
0.0076857386848847575
0.013676588897827857
0.0076857386848847575
0.013676588897827857
0.0076857386848847575
0.0076857386848847575
0.01742738589211623
0.0076857386848847575
0.0076857386848847575
0.007240547063555924
0.0076857386848847575
0.009298393913778513
0.009298393913778513
0.009298393913778513
0.009298393913778513
0.009298393913778513
0.016353725015142317
0.014778325123152691
0.008856682769726287
0.009385665529010212
0.009385665529010212
0.009385665529010212
0.0076857386848847575
0.0076857386848847575
0.0076857386848847575
0.0076857386848847575
0.007692307692307665
0.0076857386848847575
0.0076857386848847575
0.0076857386848847575
0.007542426147077341
0.007692307692307665
0.007542426147077341
0.0076857386848847575
0.007475083056478371
0.0076857386848847575
0.007659574468085073
0.007692307692307665
0.007712082262210762
0.007692307692307665
0.007692307692307665
0.007547169811320753
0.030258302583025865
0.04555010511562718
0.030258302583025865
0.030280649926144765
0.030235988200589925
0.030280649926144765
0.030258302583025865
0.030258302583025865
0.030280649926144765
0.007692307692307665
0.0252728317059161
0.025210084033613467
0.025287356321839094
0.028731604765241725
0.026591458501208698
0.0076857386848847575
0.007679180887371961
0.026548672566371723
0.0076857386848847575
0.007679180887371961
0.0076142131979695105
0.007698887938408894
0.009385665529010212
0.009298393913778513
0.10529938059187882
0.10529938059187882
0.10537190082644632
0.10529938059187882
0.10529938059187882
0.10529938059187882
0.10529938059187882
0.10529938059187882
0.10529938059187882
0.10529938059187882
0.10537190082644632
0.06893995552260934
0.06899109792284863
0.10537190082644632
0.06893995552260934
0.10529938059187882
0.06899109792284863
0.10529938059187882
0.10529938059187882
0.06899109792284863
0.10529938059187882
0.10529938059187882
0.10529938059187882
0.10529938059187882
0.0076857386848847575
0.10529938059187882
0.10529938059187882
0.06888888888888889
0.10537190082644632
0.10529938059187882
0.10529938059187882
0.10652920962199308
0.007692307692307665
0.030258302583025865
0.0076857386848847575
0.10544452101998625
0.10544452101998625
0.0076142131979695105
0.10660247592847316
0.009298393913778513
0.009314140558848383
0.009314140558848383
0.009314140558848383
0.009314140558848383
0.009314140558848383
0.009314140558848383
0.009314140558848383
0.016353725015142317
0.014778325123152691
0.009393680614859123
0.10544452101998625
0.030235988200589925
0.030258302583025865
0.04555010511562718
0.030235988200589925
0.030235988200589925
0.007692307692307665
0.0776906628652887
0.037506894649751765
0.0077054794520547976
0.007717041800643032
0.0077071290944122905
0.0077071290944122905
0.02209944751381221
0.007542426147077341
0.0077071290944122905
0.007542426147077341
0.007542426147077341
0.007542426147077341
0.007542426147077341
0.007542426147077341
0.007542426147077341
0.007542426147077341
0.007542426147077341
0.0077071290944122905
0.0077071290944122905
0.007653061224489832
0.007542426147077341
0.0077071290944122905
0.014732965009208066
0.0077071290944122905
0.007542426147077341
0.011306532663316604
0.008980115458627314
0.00898587933247752
0.008922880815806278
0.008922880815806278
0.013745704467353903
0.00898587933247752
0.00898587933247752
0.00898587933247752
0.00898587933247752
0.00898587933247752
0.00898587933247752
0.00898587933247752
0.01633165829145733
0.00898587933247752
0.00898587933247752
0.00898587933247752
0.008980115458627314
0.007475083056478371
0.007475083056478371
0.010797342192691017
0.0076660988074956915
0.014119601328903664
0.0076660988074956915
0.007698887938408894
0.02014504431909747
0.031567080045095786
0.031567080045095786
0.031567080045095786
0.037506894649751765
0.025287356321839094
0.10529938059187882
0.010797342192691017
-1.0
0.012987012987012991
0.012987012987012991
1.0
0.021593447505584562
-1.0
0.012987012987012991
0.012987012987012991
-1.0
-1.0
-1.0
0.012987012987012991
0.012987012987012991
0.012987012987012991
0.012991975544516587
0.009393680614859123
0.10660247592847316
0.01232539030402624
0.0076857386848847575
0.007633587786259555
0.4532828282828283
-1.0
0.12008281573498969
0.3569230769230769
0.007692307692307665
0.007633587786259555
0.015160703456640334
0.013895114298520861
-1.0
0.35655737704918034
-1.0
0.4532828282828283
0.09268854346574551
-1.0
0.0519556333917105
0.1843294826720241
0.21212121212121215
0.0519556333917105
0.21212121212121215
0.4532828282828283
0.21212121212121215
0.21212121212121215
0.34082397003745324
0.20068965517241377
0.030258302583025865
0.3444976076555024
0.030280649926144765
0.030280649926144765
0.017470881863560717
0.007667731629392938
0.4532828282828283
-1.0
0.07031828275351593
-1.0
0.007692307692307665
0.030280649926144765
-1.0
0.0519556333917105
0.18423694779116462
0.030258302583025865
0.20041322314049592
0.030280649926144765
0.34082397003745324
0.030280649926144765
0.2271332105586249
0.19743276283618583
0.05192532088681445
0.04850746268656714
0.04769805060141019
0.03171091445427732
0.2385147891755821
0.2385147891755821
0.012991975544516587
0.05915721231766613
0.013895114298520861
0.01388888888888884
0.013895114298520861
0.013895114298520861
0.012991975544516587
0.036553524804177506
0.06345177664974622
0.12149532710280375
0.1314613911933631
0.12688031393067367
0.19743276283618583
0.1853986551392891
0.025287356321839094
0.0986945169712794
0.031549295774647934
0.0252728317059161
0.03161764705882353
0.18809073724007563
0.025287356321839094
0.19743276283618583
0.10287206266318538
0.0252728317059161
0.1069600818833163
0.10701484895033286
0.10701484895033286
0.10287206266318538
0.10260416666666672
0.09643047416089501
0.1853986551392891
0.10701484895033286
0.1261585993820803
0.02204531537048382
0.18530964954392704
0.007627118644067843
0.007633587786259555
0.23076923076923073
0.19698009608785172
0.007633587786259555
0.010699588477366295
0.007633587786259555
0.23344051446945335
0.19917864476386038
0.125
0.058728881737731276
0.01731244847485569
0.15217391304347827
0.23076923076923073
0.18530964954392704
0.1853986551392891
0.014962593516209433
0.007667731629392938
0.00893426930440333
0.0252728317059161
0.03309431880860447
0.0252728317059161
0.12061155152887881
0.19743276283618583
0.19743276283618583
0.18530964954392704
0.12622359608449252
0.1853986551392891
0.1853986551392891
0.09643047416089501
0.1261585993820803
0.030258302583025865
0.03818443804034577
0.030258302583025865
0.030258302583025865
0.04561403508771933
0.046984572230014066
0.030258302583025865
0.030280649926144765
0.03818443804034577
0.03171091445427732
0.030235988200589925
0.03818443804034577
0.030280649926144765
0.03818443804034577
0.03818443804034577
0.03818443804034577
0.030258302583025865
0.030258302583025865
0.03818443804034577
0.03818443804034577
0.030235988200589925
0.030280649926144765
0.030280649926144765
0.03818443804034577
0.030280649926144765
0.030280649926144765
0.030280649926144765
0.1853986551392891
0.4532828282828283
0.22582547169811318
0.22464622641509435
0.19387755102040816
-1.0
0.046984572230014066
0.030280649926144765
0.030280649926144765
0.030280649926144765
0.1853986551392891
0.22582547169811318
0.22582547169811318
0.22582547169811318
0.0986945169712794
0.21212121212121215
0.10900310451879958
0.013745704467353903
0.21212121212121215
-1.0
-1.0
0.10896551724137926
0.05192532088681445
0.12216216216216214
0.0519556333917105
0.0519556333917105
0.05192532088681445
0.04220314735336195
0.015160703456640334
0.017319277108433728
0.017319277108433728
0.059109311740890735
0.009377664109121886
0.12216216216216214
