0.008547008547008517
0.008547008547008517
0.010247651579846306
0.016090104585679832
0.15141087405368203
0.010247651579846306
0.15141087405368203
0.15141087405368203
0.009627727856225898
0.008547008547008517
0.00853970964987194
0.010238907849829393
0.008547008547008517
0.010238907849829393
0.008547008547008517
0.008532423208191142
0.008547008547008517
0.033816425120772986
0.020933977455716568
0.008547008547008517
0.01449275362318836
0.008547008547008517
0.01449275362318836
0.008547008547008517
0.008547008547008517
0.021558872305140975
0.008547008547008517
0.008547008547008517
0.008051529790660261
0.008547008547008517
0.010247651579846306
0.010247651579846306
0.010247651579846306
0.010247651579846306
0.010247651579846306
0.010247651579846306
0.010247651579846306
0.0096540627514079
0.010247651579846306
0.010247651579846306
0.010247651579846306
0.008547008547008517
0.008547008547008517
0.008547008547008517
0.008547008547008517
0.008554319931565413
0.008547008547008517
0.008547008547008517
0.008547008547008517
0.008176100628930816
0.008554319931565413
0.008176100628930816
0.008547008547008517
0.00830564784053156
0.008547008547008517
0.008517887563884163
0.008554319931565413
0.00836012861736335
0.008554319931565413
0.008554319931565413
0.00818124606670867
0.008547008547008517
0.033816425120772986
0.008547008547008517
0.008554319931565413
0.00853970964987194
0.008554319931565413
0.008547008547008517
0.008547008547008517
0.008554319931565413
0.008547008547008517
0.008354755784061751
0.008547008547008517
0.00836012861736335
0.008051529790660261
0.033816425120772986
0.008547008547008517
0.00853970964987194
0.033816425120772986
0.008547008547008517
0.008547008547008517
0.008547008547008517
0.008547008547008517
0.010247651579846306
0.010247651579846306
0.15013774104683197
0.15013774104683197
0.15024121295658166
0.15013774104683197
0.15013774104683197
0.15013774104683197
0.15013774104683197
0.15013774104683197
0.15013774104683197
0.15013774104683197
0.15024121295658166
0.09636767976278726
0.09636767976278726
0.15024121295658166
0.09636767976278726
0.15013774104683197
0.09636767976278726
0.15013774104683197
0.15013774104683197
0.09636767976278726
0.15013774104683197
0.15013774104683197
0.15013774104683197
0.15013774104683197
0.008547008547008517
0.15013774104683197
0.15013774104683197
0.09636767976278726
0.15024121295658166
0.15013774104683197
0.15013774104683197
0.15130674002751032
0.008547008547008517
0.008547008547008517
0.00853970964987194
0.15013774104683197
0.15013774104683197
0.008547008547008517
0.15141087405368203
0.010247651579846306
0.010247651579846306
0.010247651579846306
0.010247651579846306
0.010247651579846306
0.010247651579846306
0.010247651579846306
0.010247651579846306
0.010247651579846306
0.010247651579846306
0.010247651579846306
0.15013774104683197
0.00853970964987194
0.008547008547008517
0.033816425120772986
0.00853970964987194
0.00853970964987194
0.00853970964987194
0.11277658815132052
0.027641277641277662
0.008554319931565413
0.008354755784061751
0.008354755784061751
0.008354755784061751
0.027641277641277662
0.008176100628930816
0.008354755784061751
0.008176100628930816
0.008176100628930816
0.008176100628930816
0.008176100628930816
0.008176100628930816
0.008176100628930816
0.008176100628930816
0.008176100628930816
0.008354755784061751
0.008354755784061751
0.008354755784061751
0.008176100628930816
0.008354755784061751
0.017813267813267863
0.008354755784061751
0.008176100628930816
0.011942174732872401
0.009633911368015391
0.009633911368015391
0.009633911368015391
0.009633911368015391
0.009633911368015391
0.009633911368015391
0.009633911368015391
0.009633911368015391
0.009633911368015391
0.009633911368015391
0.009633911368015391
0.009633911368015391
0.019484600879949743
0.009633911368015391
0.009633911368015391
0.009633911368015391
0.009627727856225898
0.00830564784053156
0.00830564784053156
0.014950166112956853
0.008517887563884163
0.01827242524916939
0.008517887563884163
0.008554319931565413
0.024154589371980673
0.018250471994965434
0.018250471994965434
0.018250471994965434
0.027641277641277662
0.00836012861736335
0.15013774104683197
0.014962593516209433
-1.0
0.008354755784061751
0.008354755784061751
0.008354755784061751
0.027709359605911366
-1.0
0.008354755784061751
0.008354755784061751
-1.0
-1.0
-1.0
0.008354755784061751
0.008354755784061751
0.008354755784061751
0.00836012861736335
0.010247651579846306
0.15141087405368203
0.01327800829875514
0.008547008547008517
0.008554319931565413
0.48084210526315785
-1.0
0.11526717557251909
0.3757047667862634
0.008554319931565413
0.008554319931565413
0.008554319931565413
0.008554319931565413
-1.0
0.3757047667862634
-1.0
0.48084210526315785
0.09612044006948461
-1.0
0.06001622060016221
0.23295830575777632
0.31493367565254604
0.06001622060016221
0.31493367565254604
0.48084210526315785
0.31493367565254604
0.31493367565254604
0.3757047667862634
0.20124052377670576
0.008547008547008517
0.3757047667862634
0.008554319931565413
0.008554319931565413
0.021612635078969267
0.00836012861736335
0.48084210526315785
-1.0
0.09777777777777774
-1.0
0.008554319931565413
0.008554319931565413
-1.0
0.06001622060016221
0.2328042328042328
0.008547008547008517
0.20124052377670576
0.008554319931565413
0.3757047667862634
0.008554319931565413
0.25752919483712355
0.20124052377670576
0.05996758508914102
0.09777777777777774
0.09636767976278726
0.010247651579846306
0.2444864524259609
0.2444864524259609
0.00836012861736335
0.06001622060016221
0.008554319931565413
0.008547008547008517
0.008554319931565413
0.008554319931565413
0.00836012861736335
0.04756022235948121
0.09080188679245282
0.11500380807311505
0.13241678726483352
0.12425595238095233
0.20124052377670576
0.1871375856615709
0.00836012861736335
0.09132947976878614
0.01823899371069182
0.008354755784061751
0.010212765957446801
0.19212843086483689
0.00836012861736335
0.20124052377670576
0.09826589595375723
0.008354755784061751
0.105144149236857
0.10520361990950222
0.10520361990950222
0.09826589595375723
0.09798270893371763
0.08865248226950351
0.1871375856615709
0.10520361990950222
0.12179852020489468
0.027726432532347522
0.18703898840885147
0.008547008547008517
0.008554319931565413
0.23295830575777632
0.19903248099516235
0.008554319931565413
0.011618257261410747
0.008554319931565413
0.23818770226537211
0.20124052377670576
0.13241678726483352
0.06001622060016221
0.021612635078969267
0.15401459854014599
0.23295830575777632
0.18703898840885147
0.1871375856615709
0.018193224592220836
0.00836012861736335
0.009633911368015391
0.008354755784061751
0.022727272727272707
0.008354755784061751
0.12186788154897499
0.20124052377670576
0.20124052377670576
0.18703898840885147
0.12186788154897499
0.1871375856615709
0.1871375856615709
0.08865248226950351
0.12179852020489468
0.008547008547008517
0.021612635078969267
0.008547008547008517
0.008547008547008517
0.03387096774193543
0.035455278001611634
0.008547008547008517
0.008554319931565413
0.021612635078969267
0.010247651579846306
0.00853970964987194
0.021612635078969267
0.008554319931565413
0.021612635078969267
0.021612635078969267
0.021612635078969267
0.008547008547008517
0.008547008547008517
0.021612635078969267
0.021612635078969267
0.00853970964987194
0.008554319931565413
0.008554319931565413
0.021612635078969267
0.008554319931565413
0.008554319931565413
0.008554319931565413
0.1871375856615709
0.48084210526315785
0.23295830575777632
0.23163467902051627
0.19986495611073596
-1.0
0.035455278001611634
0.008554319931565413
0.008554319931565413
0.008554319931565413
0.1871375856615709
0.23295830575777632
0.23295830575777632
0.23295830575777632
0.09132947976878614
0.31493367565254604
0.160587915078933
0.009633911368015391
0.31493367565254604
-1.0
-1.0
0.16050054406964087
0.05996758508914102
0.15401459854014599
0.06001622060016221
0.06001622060016221
0.05996758508914102
0.07670126874279126
0.008554319931565413
0.018193224592220836
0.018193224592220836
0.05996758508914102
0.010238907849829393
0.15401459854014599
