0.5004306632213609
0.5004306632213609
0.5012908777969018
0.49126455906821964
0.5463576158940397
0.5012908777969018
0.5463576158940397
0.5463576158940397
0.5012928248222366
0.5004306632213609
0.5002152389151959
0.5008605851979346
0.5004306632213609
0.5008605851979346
0.5004306632213609
0.5
0.5004306632213609
0.5055624227441285
0.4954356846473029
0.5004306632213609
0.49042464612822645
0.5004306632213609
0.49042464612822645
0.5004306632213609
0.5004306632213609
0.503157894736842
0.5004306632213609
0.5004306632213609
0.48538011695906436
0.5004306632213609
0.501505376344086
0.5012908777969018
0.501505376344086
0.5012908777969018
0.501505376344086
0.5012908777969018
0.5012908777969018
0.48622704507512526
0.5012908777969018
0.5012908777969018
0.5012908777969018
0.5004306632213609
0.502145922746781
0.5004306632213609
0.5004306632213609
0.5006462731581215
0.5004306632213609
0.5004306632213609
0.5004306632213609
0.49552143314139474
0.5006462731581215
0.49552143314139474
0.5004306632213609
0.49320882852292025
0.5004306632213609
0.4995700773860705
0.5006462731581215
0.5011323196376577
0.5006462731581215
0.5006462731581215
0.49568
0.5004306632213609
0.505358615004122
0.5004306632213609
0.5006462731581215
0.5002152389151959
0.5008613264427217
0.5004306632213609
0.5004306632213609
0.5006462731581215
0.5004306632213609
0.5009702457956016
0.5004306632213609
0.5011323196376577
0.48538011695906436
0.505358615004122
0.5004306632213609
0.5002152389151959
0.505358615004122
0.5004306632213609
0.5006457167455876
0.5004306632213609
0.5004306632213609
0.5012908777969018
0.501505376344086
0.5456553755522828
0.5456553755522828
0.5458563535911602
0.5456553755522828
0.5456553755522828
0.5456553755522828
0.5456553755522828
0.5456553755522828
0.5456553755522828
0.5456553755522828
0.5458563535911602
0.5262339681305869
0.5262339681305869
0.5458563535911602
0.5262339681305869
0.5456553755522828
0.5264180264180265
0.5456553755522828
0.5456553755522828
0.5264180264180265
0.5456553755522828
0.5456553755522828
0.5456553755522828
0.5456553755522828
0.5004306632213609
0.5456553755522828
0.5456553755522828
0.5262339681305869
0.5458563535911602
0.5456553755522828
0.5456553755522828
0.5459896983075792
0.5004306632213609
0.5004306632213609
0.5004302925989673
0.5456553755522828
0.5456553755522828
0.5006457167455876
0.5461906514538093
0.5010761945759794
0.5012908777969018
0.5010761945759794
0.5012908777969018
0.5012908777969018
0.5012908777969018
0.5010761945759794
0.5010761945759794
0.5010761945759794
0.5010761945759794
0.5010761945759794
0.5458225984541774
0.5002152389151959
0.5004306632213609
0.505358615004122
0.5002152389151959
0.5002152389151959
0.5372658429653248
0.5243015690776884
0.5046933667083855
0.5006462731581215
0.5057655349135171
0.5009702457956016
0.5009702457956016
0.5046933667083855
0.49552143314139474
0.5009702457956016
0.49552143314139474
0.49552143314139474
0.49552143314139474
0.49552143314139474
0.49552143314139474
0.49552143314139474
0.49552143314139474
0.49552143314139474
0.5009702457956016
0.5009702457956016
0.5009702457956016
0.49552143314139474
0.5009702457956016
0.49716981132075466
0.5009702457956016
0.49552143314139474
0.5022165927802407
0.5016160310277957
0.5016160310277957
0.5016160310277957
0.5016160310277957
0.5064020486555698
0.5016160310277957
0.5016160310277957
0.5016160310277957
0.5016160310277957
0.5016160310277957
0.5016160310277957
0.5016160310277957
0.5038167938931297
0.5016160310277957
0.5016160310277957
0.5016160310277957
0.5012928248222366
0.49320882852292025
0.49320882852292025
0.49830795262267347
0.4995700773860705
0.5008445945945945
0.4995700773860705
0.5006462731581215
0.49792874896437445
0.5033428844317096
0.5033428844317096
0.5033428844317096
0.5046933667083855
0.5011323196376577
0.5456553755522828
0.498518831993229
-1.0
0.5059237912263849
0.5059237912263849
0.5012928248222366
0.5094749922336129
-1.0
0.5012928248222366
0.5012928248222366
-1.0
-1.0
-1.0
0.5059237912263849
0.5059237912263849
0.5059237912263849
0.5060858424087123
0.5010761945759794
0.5463576158940397
0.49682606855691913
0.5004306632213609
0.5006462731581215
0.6611706512778236
-1.0
0.5292445166531276
0.6163779527559055
0.5006462731581215
0.5006462731581215
0.5006462731581215
0.5006462731581215
-1.0
0.6163779527559055
-1.0
0.6611706512778236
0.5240853658536586
-1.0
0.5142497904442582
0.5647765677806984
0.5972327044025157
0.5140461215932914
0.597637597386278
0.6611706512778236
0.5972327044025157
0.5942726811961481
0.6163779527559055
0.5549155145929339
0.5004306632213609
0.6163779527559055
0.5006462731581215
0.5006462731581215
0.5035849852382961
0.505927587311759
0.6611706512778236
-1.0
0.5268065268065267
-1.0
0.5006462731581215
0.5006462731581215
-1.0
0.5140461215932914
0.5645645645645645
0.5004306632213609
0.5547445255474452
0.5006462731581215
0.6163779527559055
0.5006462731581215
0.5756937126800141
0.5549155145929339
0.5138306789606035
0.5268065268065267
0.5262339681305869
0.5012908777969018
0.5673042223024178
0.5673042223024178
0.5012936610608021
0.5140461215932914
0.5006462731581215
0.5004306632213609
0.5006462731581215
0.5006462731581215
0.5011323196376577
0.5114068441064639
0.5230436127435818
0.5286004056795132
0.5327357755261106
0.5314490445859872
0.5547445255474452
0.550830177687154
0.5011323196376577
0.5192660550458715
0.503182686187142
0.5009702457956016
0.5002148689299527
0.5521102497846684
0.5011323196376577
0.5547445255474452
0.5246800731261426
0.5009702457956016
0.5256218160023973
0.525779376498801
0.525779376498801
0.5246800731261426
0.5240267639902676
0.5223048327137547
0.550830177687154
0.525779376498801
0.5314303067112056
0.5056390977443609
0.5506697728596389
0.5004306632213609
0.5006462731581215
0.5647765677806984
0.5540592535590612
0.5006462731581215
0.49555273189326554
0.5006462731581215
0.5661629192775526
0.5547445255474452
0.5329178028827425
0.5140461215932914
0.5035849852382961
0.5406262386048355
0.5647765677806984
0.5506697728596389
0.550830177687154
0.5027009850651414
0.5012936610608021
0.5016160310277957
0.5009702457956016
0.5009410288582183
0.5009702457956016
0.5317339811721834
0.5547445255474452
0.5547445255474452
0.5506697728596389
0.5317339811721834
0.550830177687154
0.550830177687154
0.5223048327137547
0.5314303067112056
0.5004306632213609
0.5035849852382961
0.5004306632213609
0.5004306632213609
0.5057755775577557
0.5065952184666117
0.5004306632213609
0.5006462731581215
0.505254308532997
0.5012908777969018
0.5004302925989673
0.505254308532997
0.5006462731581215
0.505254308532997
0.505254308532997
0.5054621848739496
0.5004306632213609
0.5004306632213609
0.505254308532997
0.5035849852382961
0.5002152389151959
0.5006462731581215
0.5006462731581215
0.505254308532997
0.5006462731581215
0.5006462731581215
0.5006462731581215
0.5509609784507863
0.6611706512778236
0.5647765677806984
0.5651685393258428
0.5513063233623627
-1.0
0.5063917525773196
0.5008613264427217
0.5025751072961373
0.5023615285530271
0.550830177687154
0.5647765677806984
0.5647765677806984
0.5647765677806984
0.5192660550458715
0.5972327044025157
0.5429756965026675
0.5016160310277957
0.5972327044025157
-1.0
-1.0
0.5428148148148149
0.5138306789606035
0.5404440919904838
0.5140461215932914
0.5142497904442582
0.5140343527440301
0.5252075919335706
0.5006462731581215
0.5025429116338207
0.5019096117122852
0.5138306789606035
0.5008605851979346
0.5404440919904838
