0.7804878048780488
0.9705882352941176
0.9710144927536232
0.9767441860465116
0.9850746268656716
0.9850746268656716
0.9710144927536232
0.9850746268656716
0.9850746268656716
0.9705882352941176
0.9850746268656716
0.9850746268656716
0.9705882352941176
0.9571428571428572
0.8047619047619048
0.9850746268656716
0.9850746268656716
0.9571428571428572
0.7804878048780488
0.7804878048780488
0.7804878048780488
0.7804878048780488
0.7804878048780488
0.9545454545454546
0.9545454545454546
0.9166666666666666
0.9
0.7804878048780488
0.9545454545454546
0.7804878048780488
0.7804878048780488
0.9347826086956522
0.7804878048780488
0.7804878048780488
0.7804878048780488
0.7804878048780488
0.9850746268656716
0.9850746268656716
0.9850746268656716
0.9850746268656716
0.9452054794520548
0.9466666666666667
0.9466666666666667
0.9767441860465116
0.7852760736196319
0.7852760736196319
0.7852760736196319
0.7804878048780488
0.7804878048780488
0.7804878048780488
0.7804878048780488
0.7852760736196319
0.7804878048780488
0.7804878048780488
0.7804878048780488
0.9166666666666666
0.7852760736196319
0.9166666666666666
0.7804878048780488
0.9545454545454546
0.7804878048780488
0.9545454545454546
0.9850746268656716
0.9361702127659575
0.7086614173228347
0.7852760736196319
0.9361702127659575
0.9571428571428572
0.9571428571428572
0.9571428571428572
0.9710144927536232
0.9571428571428572
0.9710144927536232
0.9571428571428572
0.9571428571428572
0.9710144927536232
0.9545454545454546
0.9705882352941176
0.9705882352941176
0.9850746268656716
0.9545454545454546
0.9545454545454546
0.9324324324324325
0.9571428571428572
0.9571428571428572
0.9571428571428572
0.9444444444444444
0.9705882352941176
0.8013698630136986
0.9710144927536232
0.9452054794520548
0.9705882352941176
0.9705882352941176
0.9850746268656716
0.9705882352941176
0.9705882352941176
0.9705882352941176
0.7971014492753623
0.9705882352941176
0.9705882352941176
0.9705882352941176
0.9850746268656716
0.9705882352941176
0.9545454545454546
0.9850746268656716
0.9545454545454546
0.9705882352941176
0.9705882352941176
0.9705882352941176
0.9705882352941176
0.9705882352941176
0.9705882352941176
0.9705882352941176
0.9705882352941176
0.9705882352941176
0.9705882352941176
0.9705882352941176
0.9705882352941176
0.9705882352941176
0.9850746268656716
0.9705882352941176
0.9705882352941176
0.9705882352941176
0.9545454545454546
0.9705882352941176
0.9545454545454546
0.9444444444444444
0.9571428571428572
0.9324324324324325
0.9710144927536232
0.9452054794520548
0.9452054794520548
0.9466666666666667
0.9466666666666667
0.9466666666666667
0.9466666666666667
0.9466666666666667
0.9466666666666667
0.9466666666666667
0.8291457286432161
0.9767441860465116
0.9545454545454546
0.9571428571428572
0.9571428571428572
0.9571428571428572
0.9571428571428572
0.9571428571428572
0.9545454545454546
0.9705882352941176
0.9705882352941176
0.9767441860465116
0.9545454545454546
0.9166666666666666
0.9166666666666666
0.9166666666666666
0.9166666666666666
0.9166666666666666
0.9166666666666666
0.9166666666666666
0.9166666666666666
0.9166666666666666
0.9166666666666666
0.9166666666666666
0.9166666666666666
0.9166666666666666
0.9166666666666666
0.9166666666666666
0.9571428571428572
0.9166666666666666
0.9166666666666666
0.9166666666666666
0.9166666666666666
0.9166666666666666
0.9183673469387755
0.7852760736196319
0.9710144927536232
0.9850746268656716
0.9850746268656716
0.9452054794520548
0.9361702127659575
0.9361702127659575
0.9361702127659575
0.9361702127659575
0.9361702127659575
0.9361702127659575
0.9361702127659575
0.9361702127659575
0.9361702127659575
0.9361702127659575
0.9361702127659575
0.9166666666666666
0.9545454545454546
0.9545454545454546
0.9545454545454546
0.9545454545454546
0.9545454545454546
0.9545454545454546
0.9767441860465116
0.9347826086956522
0.9850746268656716
0.9850746268656716
0.9850746268656716
0.9850746268656716
0.9850746268656716
0.9705882352941176
0.9850746268656716
0.9324324324324325
0.9324324324324325
0.9324324324324325
0.9324324324324325
0.9324324324324325
0.9324324324324325
0.9324324324324325
0.9324324324324325
0.9324324324324325
0.9324324324324325
0.9324324324324325
0.9324324324324325
0.9324324324324325
0.9324324324324325
0.9452054794520548
0.9767441860465116
0.9850746268656716
0.9452054794520548
0.9850746268656716
0.9452054794520548
0.9850746268656716
0.9850746268656716
0.9850746268656716
0.9767441860465116
0.9850746268656716
0.9452054794520548
0.9466666666666667
0.9466666666666667
0.9466666666666667
0.9850746268656716
0.9850746268656716
0.9452054794520548
0.9850746268656716
0.9705882352941176
0.9466666666666667
0.9466666666666667
0.9466666666666667
0.9466666666666667
0.9555555555555556
0.9466666666666667
0.9466666666666667
0.9850746268656716
0.9466666666666667
0.9466666666666667
0.9850746268656716
0.9361702127659575
0.9571428571428572
0.9850746268656716
0.9710144927536232
0.9710144927536232
0.9555555555555556
0.9452054794520548
0.9850746268656716
0.7684210526315789
0.9850746268656716
0.9850746268656716
0.7852760736196319
0.9850746268656716
0.9452054794520548
0.9466666666666667
0.9342105263157895
0.9710144927536232
0.9767441860465116
0.9850746268656716
0.9710144927536232
0.9710144927536232
0.9850746268656716
0.9710144927536232
0.9342105263157895
0.9466666666666667
0.9342105263157895
0.9767441860465116
0.9767441860465116
0.9850746268656716
0.9850746268656716
0.9850746268656716
0.7731958762886598
0.9850746268656716
0.7731958762886598
0.7653061224489796
0.9466666666666667
0.9466666666666667
0.7684210526315789
0.9466666666666667
0.7731958762886598
0.9545454545454546
0.9767441860465116
0.9767441860465116
0.9767441860465116
0.9767441860465116
0.9767441860465116
0.9767441860465116
0.9545454545454546
0.9545454545454546
0.9767441860465116
0.9767441860465116
0.9767441860465116
0.9767441860465116
0.9767441860465116
0.9545454545454546
0.9545454545454546
0.9767441860465116
0.9767441860465116
0.9767441860465116
0.9767441860465116
0.9767441860465116
0.9767441860465116
0.9767441860465116
0.9545454545454546
0.9850746268656716
0.9545454545454546
0.9324324324324325
0.9452054794520548
0.9452054794520548
0.9452054794520548
0.9452054794520548
0.9452054794520548
0.9452054794520548
0.9452054794520548
0.9452054794520548
0.9452054794520548
0.9452054794520548
0.9452054794520548
0.9452054794520548
0.9452054794520548
0.9545454545454546
0.9767441860465116
0.9705882352941176
0.9850746268656716
0.9850746268656716
0.9545454545454546
0.9545454545454546
0.9545454545454546
0.9850746268656716
0.9767441860465116
0.9767441860465116
0.9545454545454546
0.9767441860465116
0.9767441860465116
0.9767441860465116
0.9767441860465116
0.9545454545454546
0.9545454545454546
0.9767441860465116
0.9545454545454546
0.9767441860465116
0.9545454545454546
0.9361702127659575
0.9545454545454546
0.9767441860465116
0.9767441860465116
0.9361702127659575
0.9361702127659575
0.9361702127659575
0.9767441860465116
0.9361702127659575
0.9361702127659575
0.9361702127659575
0.9166666666666666
0.9166666666666666
0.9361702127659575
0.9361702127659575
0.9361702127659575
0.9361702127659575
0.9361702127659575
0.9361702127659575
0.9361702127659575
0.9361702127659575
0.9361702127659575
0.9767441860465116
0.9850746268656716
0.9767441860465116
0.9767441860465116
0.9361702127659575
0.9850746268656716
0.9767441860465116
0.9850746268656716
0.9767441860465116
0.9767441860465116
0.9767441860465116
0.9767441860465116
0.9767441860465116
0.9767441860465116
0.9361702127659575
0.9466666666666667
0.9466666666666667
0.9466666666666667
0.9466666666666667
0.9466666666666667
0.7865168539325843
0.9466666666666667
0.9342105263157895
0.9466666666666667
0.9466666666666667
0.7731958762886598
0.7653061224489796
0.696969696969697
0.9466666666666667
0.9466666666666667
0.9324324324324325
0.9324324324324325
0.696969696969697
0.7804878048780488
0.9466666666666667
0.9850746268656716
