0.49978476108480413
0.49978476108480413
0.5020857034508912
0.493191019506809
0.5278080697928026
0.5006451612903225
0.5278080697928026
0.5278080697928026
0.5008077544426495
0.5013282732447818
0.5011380880121397
0.4978595890410959
0.49978476108480413
0.5002150537634409
0.49978476108480413
0.4993548387096774
0.49978476108480413
0.5002066969822241
0.49272349272349275
0.49978476108480413
0.48980441115272577
0.49978476108480413
0.48980441115272577
0.49978476108480413
0.49978476108480413
0.5004219409282701
0.49978476108480413
0.49978476108480413
0.4847599164926931
0.49978476108480413
0.4985023534445871
0.4982876712328767
0.4985023534445871
0.4982876712328767
0.4985023534445871
0.5006150061500615
0.5011337868480725
0.4860125260960334
0.5006451612903225
0.5006451612903225
0.5006451612903225
0.49978476108480413
0.5006446067898582
0.49978476108480413
0.49978476108480413
0.5
0.49978476108480413
0.49978476108480413
0.49978476108480413
0.4950431723696834
0.5
0.4950431723696834
0.49978476108480413
0.49278438030560273
0.49978476108480413
0.49892565535023636
0.5
0.500646830530401
0.5
0.5
0.4952015355086372
0.5013282732447818
0.5012815818381545
0.5013282732447818
0.5015186028853454
0.5011380880121397
0.501707779886148
0.5013282732447818
0.5013282732447818
0.5015186028853454
0.5
0.5016152716593245
0.5009777082518576
0.5017626321974148
0.48799408939785743
0.5002068680182044
0.49978476108480413
0.4995697074010327
0.4997933030177759
0.49978476108480413
0.4997849462365591
0.4974293059125964
0.5002154243860405
0.5006451612903225
0.4985023534445871
0.5271007639141506
0.5271007639141506
0.527292576419214
0.5271007639141506
0.5271007639141506
0.5271007639141506
0.5271007639141506
0.5271007639141506
0.5271007639141506
0.5271007639141506
0.527292576419214
0.5141199226305609
0.5143188854489165
0.527292576419214
0.5141199226305609
0.5271007639141506
0.5145067698259188
0.5271007639141506
0.5271007639141506
0.5145067698259188
0.5271007639141506
0.5271007639141506
0.5271007639141506
0.5271007639141506
0.49978476108480413
0.5271007639141506
0.5271007639141506
0.5139211136890951
0.527292576419214
0.5271007639141506
0.5271007639141506
0.5274445656125045
0.5
0.5013282732447818
0.5
0.5274845285766291
0.5274845285766291
0.497644539614561
0.5276363636363637
0.4980728051391863
0.4987146529562982
0.4984997856836691
0.4987146529562982
0.4987146529562982
0.4987146529562982
0.4984997856836691
0.4984997856836691
0.5004613964933866
0.5010206396008166
0.5006457167455876
0.5276564774381368
0.5011380880121397
0.5013282732447818
0.5012815818381545
0.5011380880121397
0.5011380880121397
0.554147465437788
0.5126177024482109
0.50157097972008
0.5004310344827586
0.5056071771867992
0.5004849660523764
0.5004849660523764
0.5004703668861712
0.4950431723696834
0.5004849660523764
0.4950431723696834
0.4950431723696834
0.4950431723696834
0.4950431723696834
0.4950431723696834
0.4950431723696834
0.4950431723696834
0.4950431723696834
0.5004849660523764
0.5004849660523764
0.49871134020618557
0.4950431723696834
0.5004849660523764
0.4948064211520302
0.5004849660523764
0.4950431723696834
0.5017410572966129
0.500968992248062
0.5011308562197092
0.4993560849967804
0.4993560849967804
0.5042226487523992
0.5011308562197092
0.5011308562197092
0.5011308562197092
0.5011308562197092
0.5011308562197092
0.5011308562197092
0.5011308562197092
0.501432664756447
0.5011308562197092
0.5011308562197092
0.5011308562197092
0.5008077544426495
0.49278438030560273
0.49278438030560273
0.49533898305084745
0.499140154772141
0.4978849407783418
0.499140154772141
0.5002154243860405
0.49522623495226237
0.5020289855072464
0.5020289855072464
0.5020289855072464
0.50157097972008
0.5017626321974148
0.5271007639141506
0.49533898305084745
-1.0
0.5039354962564792
0.5039354962564792
1.0
0.5038701151595243
-1.0
0.5011583011583012
0.5011583011583012
-1.0
-1.0
-1.0
0.5039354962564792
0.5039354962564792
0.5039354962564792
0.5040322580645161
0.5006457167455876
0.5278080697928026
0.4938947368421053
0.49978476108480413
0.4980694980694981
0.6462418300653595
-1.0
0.5272525027808677
0.6064030131826742
0.5
0.4980694980694981
0.5001538935056941
0.5007941910596778
-1.0
0.6060225846925973
-1.0
0.6462418300653595
0.5203895313451005
-1.0
0.5099577549788775
0.5477582846003899
0.5590317800098797
0.5098098400241473
0.559322033898305
0.6462418300653595
0.5590317800098797
0.5569159497021839
0.5977142857142858
0.5547445255474452
0.5013282732447818
0.5996493278784336
0.5015186028853454
0.5015186028853454
0.5008453085376162
0.5039923347173427
0.6462418300653595
-1.0
0.5144955546965597
-1.0
0.5
0.5015186028853454
-1.0
0.5098098400241473
0.5476057906458798
0.5013282732447818
0.554147465437788
0.5015186028853454
0.5977142857142858
0.5015186028853454
0.5636048526863084
0.5498800137127186
0.5096560048280024
0.5087756849315068
0.5084564333119247
0.5020857034508912
0.5623869801084991
0.5623869801084991
0.5011587485515643
0.5134115674769488
0.5007941910596778
0.5006805807622504
0.5007941910596778
0.5007941910596778
0.5010623913463396
0.5072491415490271
0.5143824027072758
0.5262778977681786
0.5259491466388018
0.5267635590216235
0.5497256515775034
0.5472504004271223
0.5017626321974148
0.5182807703042144
0.5018835120254999
0.5016152716593245
0.5011363636363636
0.5469409282700421
0.5017626321974148
0.5497256515775034
0.5215817321080479
0.5016152716593245
0.5208676551345415
0.5210107113430377
0.5210107113430377
0.5215817321080479
0.5209897136502641
0.5210392544478961
0.5472504004271223
0.5210107113430377
0.5293954520244037
0.5
0.547104350146784
0.4978559176672384
0.4980694980694981
0.5622895622895623
0.5515523188961288
0.4980694980694981
0.4930409110080135
0.4980694980694981
0.5616035307098198
0.5522388059701493
0.5258855585831063
0.511482254697286
0.4985275557425326
0.5380971180418476
0.5622895622895623
0.547104350146784
0.5472504004271223
0.49888994608309545
0.4993552546744036
0.4996778350515464
0.5016152716593245
0.4981391354136845
0.5016152716593245
0.529821374508023
0.5497256515775034
0.5497256515775034
0.547104350146784
0.5296727676095396
0.5472504004271223
0.5472504004271223
0.5210392544478961
0.5293954520244037
0.5013282732447818
0.5018656716417911
0.5013282732447818
0.5013282732447818
0.5016489556614144
0.5023800805565727
0.5013282732447818
0.5015186028853454
0.5026080476900149
0.5020857034508912
0.5013272658323853
0.5026080476900149
0.5015186028853454
0.5026080476900149
0.5026080476900149
0.5027932960893855
0.5013282732447818
0.5013282732447818
0.5026080476900149
0.5018656716417911
0.5011380880121397
0.5015186028853454
0.5015186028853454
0.5026080476900149
0.5015186028853454
0.5015186028853454
0.5015186028853454
0.5473712303175874
0.6462418300653595
0.5588037634408602
0.5585767035918093
0.5447457627118644
-1.0
0.5021978021978022
0.501707779886148
0.5024630541871922
0.5022744503411676
0.5472504004271223
0.5588037634408602
0.5588037634408602
0.5588037634408602
0.5182807703042144
0.5590317800098797
0.5269230769230769
0.5013513513513513
0.5590317800098797
-1.0
-1.0
0.526826588536898
0.5096560048280024
0.5292753623188405
0.5098098400241473
0.5099577549788775
0.5098039215686274
0.5104204753199268
0.5001538935056941
0.5007651109410864
0.5003828483920367
0.5131964809384164
0.5002150537634409
0.5292753623188405
