0.6149176062445794
0.41208791208791207
0.4899792674498963
0.6149176062445794
0.41208791208791207
0.4899792674498963
0.6149176062445794
0.41208791208791207
0.4899792674498963
0.6149176062445794
0.5940257976917855
0.6149176062445794
0.6149176062445794
0.6149176062445794
0.6149176062445794
0.6149176062445794
0.6149176062445794
0.6149176062445794
0.6149176062445794
0.6149176062445794
0.6149176062445794
0.6149176062445794
0.6149176062445794
0.6149176062445794
0.4717887154861945
0.49485861182519275
0.6137152777777778
0.6071733561058924
0.6142484795829714
0.48
0.5050167224080268
0.367741935483871
0.5934738273283481
0.6135770234986946
0.6135770234986946
0.6135770234986946
0.6135770234986946
0.6135770234986946
0.6135770234986946
0.6135770234986946
0.6135770234986946
0.6135770234986946
0.6135770234986946
0.6135770234986946
0.6135770234986946
0.6135770234986946
0.6135770234986946
0.6135770234986946
0.6135770234986946
0.6135770234986946
0.6095890410958904
0.6115916955017301
0.6149176062445794
0.6149176062445794
0.5929203539823009
0.6149176062445794
0.4804517810599479
0.5061179087875417
0.6142484795829714
0.4809027777777778
0.5929203539823009
0.6135770234986946
0.5039106145251397
0.6149176062445794
0.6135770234986946
0.5066666666666666
0.5934738273283481
0.6135770234986946
0.5915875169606513
0.4809027777777778
0.3374045801526717
0.47968885047536736
0.6135770234986946
0.4809027777777778
0.6120171673819743
0.5929203539823009
0.5915875169606513
0.5934738273283481
0.5061179087875417
0.6135770234986946
0.6149176062445794
