0.33784487246225925
0.3472512178148921
0.3553481694185212
0.33784487246225925
0.3472512178148921
0.3553481694185212
0.33784487246225925
0.3472512178148921
0.3553481694185212
0.3381969775924961
0.33702599062633154
0.3381969775924961
0.3381969775924961
0.3381969775924961
0.3381969775924961
0.3381969775924961
0.3381969775924961
0.3381969775924961
0.3381969775924961
0.3381969775924961
0.3381969775924961
0.3381969775924961
0.3381969775924961
0.3381969775924961
0.36451373422420197
0.37664346481051814
0.3381969775924961
0.3388859968766268
0.3381969775924961
0.3381969775924961
0.3381969775924961
0.33784487246225925
0.33702599062633154
0.3381969775924961
0.3381969775924961
0.3381969775924961
0.3381969775924961
0.3381969775924961
0.3381969775924961
0.3381969775924961
0.3381969775924961
0.3381969775924961
0.3381969775924961
0.3381969775924961
0.3381969775924961
0.3381969775924961
0.3381969775924961
0.3381969775924961
0.3381969775924961
0.3381969775924961
0.33854166666666663
0.33854166666666663
0.3381969775924961
0.3381969775924961
0.3381969775924961
0.3381969775924961
0.3381969775924961
0.3381969775924961
0.33784487246225925
0.3381969775924961
0.3381969775924961
0.3381969775924961
0.3381969775924961
0.3381969775924961
0.3381969775924961
0.3381969775924961
0.3381969775924961
0.3381969775924961
0.33784487246225925
0.3381969775924961
0.34919524142757175
0.33784487246225925
0.3381969775924961
0.3381969775924961
0.3381969775924961
0.3381969775924961
0.33784487246225925
0.3381969775924961
0.3381969775924961
0.3381969775924961
0.3381969775924961
