0.44395742016280526
0.25951557093425603
0.3244851258581236
0.44395742016280526
0.25951557093425603
0.3244851258581236
0.44395742016280526
0.25951557093425603
0.3244851258581236
0.44395742016280526
0.4225012071463061
0.44395742016280526
0.44395742016280526
0.44395742016280526
0.44395742016280526
0.44395742016280526
0.44395742016280526
0.44395742016280526
0.44395742016280526
0.44395742016280526
0.44395742016280526
0.44395742016280526
0.44395742016280526
0.44395742016280526
0.3087195600942655
0.3287788215200683
0.44270507201001874
0.43592887798896385
0.44326018808777434
0.3157894736842105
0.3378076062639821
0.22529644268774707
0.4219429676172064
0.44256120527306964
0.44256120527306964
0.44256120527306964
0.44256120527306964
0.44256120527306964
0.44256120527306964
0.44256120527306964
0.44256120527306964
0.44256120527306964
0.44256120527306964
0.44256120527306964
0.44256120527306964
0.44256120527306964
0.44256120527306964
0.44256120527306964
0.44256120527306964
0.44256120527306964
0.43842364532019706
0.4404984423676013
0.44395742016280526
0.44395742016280526
0.42138364779874216
0.44395742016280526
0.31618067467124067
0.33879374534623974
0.44326018808777434
0.3165714285714286
0.42138364779874216
0.44256120527306964
0.3368185212845407
0.44395742016280526
0.44256120527306964
0.3392857142857143
0.4219429676172064
0.44256120527306964
0.4200385356454721
0.3165714285714286
0.2029384756657484
0.3155201819215463
0.44256120527306964
0.3165714285714286
0.4409400123685838
0.42138364779874216
0.4200385356454721
0.4219429676172064
0.33879374534623974
0.44256120527306964
0.44395742016280526
