0.5050583657587548
0.515495867768595
0.524364406779661
0.5050583657587548
0.515495867768595
0.524364406779661
0.5050583657587548
0.515495867768595
0.524364406779661
0.5054517133956387
0.5041427660930529
0.5054517133956387
0.5054517133956387
0.5054517133956387
0.5054517133956387
0.5054517133956387
0.5054517133956387
0.5054517133956387
0.5054517133956387
0.5054517133956387
0.5054517133956387
0.5054517133956387
0.5054517133956387
0.5054517133956387
0.5342763873775843
0.547191011235955
0.5054517133956387
0.5062208398133748
0.5054517133956387
0.5054517133956387
0.5054517133956387
0.5050583657587548
0.5041427660930529
0.5054517133956387
0.5054517133956387
0.5054517133956387
0.5054517133956387
0.5054517133956387
0.5054517133956387
0.5054517133956387
0.5054517133956387
0.5054517133956387
0.5054517133956387
0.5054517133956387
0.5054517133956387
0.5054517133956387
0.5054517133956387
0.5054517133956387
0.5054517133956387
0.5054517133956387
0.5058365758754864
0.5058365758754864
0.5054517133956387
0.5054517133956387
0.5054517133956387
0.5054517133956387
0.5054517133956387
0.5054517133956387
0.5050583657587548
0.5054517133956387
0.5054517133956387
0.5054517133956387
0.5054517133956387
0.5054517133956387
0.5054517133956387
0.5054517133956387
0.5054517133956387
0.5054517133956387
0.5050583657587548
0.5054517133956387
0.5176348547717843
0.5050583657587548
0.5054517133956387
0.5054517133956387
0.5054517133956387
0.5054517133956387
0.5050583657587548
0.5054517133956387
0.5054517133956387
0.5054517133956387
0.5054517133956387
