0.7
0.8260869565217391
0.5238095238095238
0.5652173913043479
0.8260869565217391
0.5238095238095238
0.4736842105263158
0.8260869565217391
0.6842105263157895
0.5238095238095238
0.8260869565217391
0.7
0.6842105263157895
0.4736842105263158
0.5
0.4736842105263158
0.5652173913043479
0.8260869565217391
0.7
0.5
0.5
0.6842105263157895
0.5238095238095238
0.7
0.5652173913043479
0.5238095238095238
0.7
0.8260869565217391
0.5238095238095238
0.5652173913043479
0.5238095238095238
0.7
0.8260869565217391
0.6842105263157895
0.5
0.6842105263157895
0.4736842105263158
0.5652173913043479
0.7
0.8260869565217391
0.6842105263157895
0.5
0.31034482758620685
0.5652173913043479
0.8260869565217391
0.6842105263157895
0.8095238095238095
