0.8235294117647058
0.9047619047619048
0.6875
0.7222222222222222
0.9047619047619048
0.6875
0.6428571428571428
0.9047619047619048
0.8125
0.6875
0.9047619047619048
0.8235294117647058
0.8125
0.6428571428571428
0.6666666666666667
0.6428571428571428
0.7222222222222222
0.9047619047619048
0.8235294117647058
0.6666666666666667
0.6666666666666667
0.8125
0.6875
0.8235294117647058
0.7222222222222222
0.6875
0.8235294117647058
0.9047619047619048
0.6875
0.7222222222222222
0.6875
0.8235294117647058
0.9047619047619048
0.8125
0.6666666666666667
0.8125
0.6428571428571428
0.7222222222222222
0.8235294117647058
0.9047619047619048
0.8125
0.6666666666666667
0.4736842105263158
0.7222222222222222
0.9047619047619048
0.8125
0.8947368421052632
