0.0
0.7777777777777778
0.2857142857142857
0.4444444444444444
0.7777777777777778
0.2857142857142857
0.0
0.7777777777777778
0.0
0.2857142857142857
0.7777777777777778
0.0
0.0
0.0
0.25
0.0
0.4444444444444444
0.7777777777777778
0.25
0.41666666666666663
0.41666666666666663
0.0
0.2857142857142857
0.25
0.4444444444444444
0.2857142857142857
0.25
0.7777777777777778
0.2857142857142857
0.4444444444444444
0.2857142857142857
0.25
0.7777777777777778
0.0
0.41666666666666663
0.0
0.0
0.4444444444444444
0.25
0.7777777777777778
0.0
0.41666666666666663
0.23076923076923073
0.4444444444444444
0.7777777777777778
0.0
0.7142857142857143
