0.02857142857142858
0.0
0.02857142857142858
0.02857142857142858
0.0
0.02857142857142858
0.02857142857142858
0.027027027027026973
0.05555555555555558
0.02857142857142858
0.02857142857142858
0.02857142857142858
0.0
0.02857142857142858
0.02857142857142858
0.02857142857142858
0.027027027027026973
0.02857142857142858
0.02857142857142858
0.02857142857142858
0.02857142857142858
0.02857142857142858
0.02857142857142858
0.0
0.02857142857142858
0.0
0.02857142857142858
0.02857142857142858
0.02857142857142858
0.02857142857142858
0.02857142857142858
0.02857142857142858
0.02857142857142858
0.02857142857142858
0.0
0.02857142857142858
0.05555555555555558
0.027027027027026973
0.02857142857142858
0.02857142857142858
0.0
0.0
0.02857142857142858
0.0
0.05555555555555558
0.39682539682539686
0.02857142857142858
0.02857142857142858
0.02857142857142858
