0.05555555555555558
0.0
0.05555555555555558
0.05555555555555558
0.0
0.05555555555555558
0.05555555555555558
0.052631578947368474
0.10526315789473684
0.05555555555555558
0.05555555555555558
0.05555555555555558
0.0
0.05555555555555558
0.05555555555555558
0.05555555555555558
0.052631578947368474
0.05555555555555558
0.05555555555555558
0.05555555555555558
0.05555555555555558
0.05555555555555558
0.05555555555555558
0.0
0.05555555555555558
0.0
0.05555555555555558
0.05555555555555558
0.05555555555555558
0.05555555555555558
0.05555555555555558
0.05555555555555558
0.05555555555555558
0.05555555555555558
0.0
0.05555555555555558
0.10526315789473684
0.052631578947368474
0.05555555555555558
0.05555555555555558
0.0
0.0
0.05555555555555558
0.0
0.10526315789473684
0.5681818181818181
0.05555555555555558
0.05555555555555558
0.05555555555555558
