0.05555555555555555
0.0
0.05555555555555555
0.05555555555555555
0.0
0.05555555555555555
0.05555555555555555
0.05263157894736842
0.10526315789473684
0.05555555555555555
0.05555555555555555
0.05555555555555555
0.0
0.05555555555555555
0.05555555555555555
0.05555555555555555
0.05263157894736842
0.05555555555555555
0.05555555555555555
0.05555555555555555
0.05555555555555555
0.05555555555555555
0.05555555555555555
0.0
0.05555555555555555
0.0
0.05555555555555555
0.05555555555555555
0.05555555555555555
0.05555555555555555
0.05555555555555555
0.05555555555555555
0.05555555555555555
0.05555555555555555
0.0
0.05555555555555555
0.10526315789473684
0.05263157894736842
0.05555555555555555
0.05555555555555555
0.0
0.0
0.05555555555555555
0.0
0.10526315789473684
0.5681818181818182
0.05555555555555555
0.05555555555555555
0.05555555555555555
