0.05555555555555555
0.0
0.05555555555555555
0.05555555555555555
0.0
0.05555555555555555
0.05555555555555555
0.15384615384615385
0.05263157894736842
0.10526315789473684
0.05555555555555555
0.05555555555555555
0.05555555555555555
0.0
0.05555555555555555
0.05555555555555555
0.05555555555555555
0.16666666666666666
0.05263157894736842
0.05555555555555555
0.05555555555555555
0.05555555555555555
0.08333333333333333
0.05555555555555555
0.0
0.05555555555555555
0.05555555555555555
0.09090909090909091
0.0
0.05555555555555555
0.0
0.05555555555555555
0.05555555555555555
0.05555555555555555
0.05555555555555555
0.05555555555555555
0.05555555555555555
0.05555555555555555
0.05555555555555555
0.0
0.05555555555555555
0.10526315789473684
0.05263157894736842
0.05555555555555555
0.05555555555555555
0.0
0.0
0.05555555555555555
0.0
0.10526315789473684
0.5681818181818182
0.05555555555555555
0.05555555555555555
0.05555555555555555
