0.05133470225872694
0.0
0.04066985645933019
0.0
0.0
0.07567567567567568
0.07074829931972793
0.02083333333333337
0.11885245901639341
0.04366812227074235
0.04793028322440085
0.0
0.001506024096385561
0.004545454545454519
0.06144067796610164
0.023337222870478458
0.0
0.10216110019646363
0.001506024096385561
0.0015037593984962294
0.12409812409812415
0.022346368715083775
0.0
0.19485294117647056
0.07905138339920947
0.06456043956043955
0.0
0.07074829931972793
0.0041407867494823725
0.04210526315789476
0.020111731843575398
0.07074829931972793
0.01151079136690647
0.0014084507042253502
0.007246376811594235
0.0
0.0029985007496251548
0.08036890645586303
0.0049261083743842304
0.004545454545454519
0.0
0.07926023778071334
0.14119922630560933
0.19485294117647056
0.053537284894837445
0.0030030030030030463
0.05240174672489084
0.0013495276653171517
0.011644832605531286
0.02051282051282055
0.0720108695652174
0.019323671497584516
0.0
0.04210526315789476
0.18150684931506844
0.022630834512022635
0.0
0.10216110019646363
0.00936768149882905
0.001506024096385561
0.013081395348837233
0.0
0.0
0.0
0.0
0.18150684931506844
0.007692307692307665
0.0
0.032590051457976
0.0
0.043835616438356206
0.04475524475524473
0.038461538461538436
0.125
0.19485294117647056
0.12403100775193798
0.0
0.1417322834645669
0.0
0.036956521739130443
0.0
0.011560693641618491
0.0
0.07926023778071334
0.037444933920704804
0.004761904761904745
0.0
0.05800000000000005
0.0
0.07074829931972793
0.001506024096385561
0.001506024096385561
0.08900523560209428
0.001386962552011095
0.050912584053794396
0.07351351351351354
0.007905138339920903
0.037991858887381325
0.004878048780487809
0.12797074954296161
0.0015015015015015232
0.0026041666666666297
0.0
0.007518796992481258
0.1027667984189723
0.01867816091954022
0.0
0.0045045045045044585
0.0
0.0018214936247723523
0.01810584958217265
0.06732117812061711
0.001506024096385561
0.07074829931972793
0.0332681017612525
0.01726618705035976
0.0015015015015015232
0.04477611940298509
0.003007518796992459
0.0
0.14638783269961975
0.07074829931972793
0.011644832605531286
0.004801920768307322
0.03378378378378377
0.001506024096385561
0.21739130434782605
0.01726618705035976
0.0
0.002358490566037763
0.0
0.07351351351351354
0.01906779661016944
0.0024271844660194164
0.0015384615384614886
0.0
0.0
0.0015037593984962294
0.002587322121604174
0.15087040618955516
0.07468879668049788
0.05797101449275366
0.053941908713692976
0.0
0.0
0.0015037593984962294
0.03964757709251099
0.01403508771929829
0.08168642951251648
0.09181636726546905
0.07446808510638303
0.0029985007496251548
0.038461538461538436
0.02026049204052094
0.0010193679918450993
0.07074829931972793
0.0972447325769854
0.1454545454545455
0.0015015015015015232
0.0015015015015015232
0.001506024096385561
0.0672268907563025
0.0
0.0672268907563025
0.02026049204052094
0.0
0.09693877551020413
0.001536098310291889
0.007159904534606243
0.09448818897637801
0.0
