0.0513347022587269
0.0
0.04066985645933014
0.0
0.0
0.07567567567567568
0.0707482993197279
0.020833333333333332
0.11885245901639344
0.043668122270742356
0.04793028322440087
0.0
0.0015060240963855422
0.004545454545454545
0.0614406779661017
0.023337222870478413
0.0
0.10216110019646366
0.0015060240963855422
0.0015037593984962407
0.1240981240981241
0.0223463687150838
0.0
0.1948529411764706
0.07905138339920949
0.06456043956043957
0.0
0.0707482993197279
0.004140786749482402
0.042105263157894736
0.02011173184357542
0.0707482993197279
0.011510791366906475
0.0014084507042253522
0.007246376811594203
0.0
0.0029985007496251873
0.08036890645586298
0.0049261083743842365
0.004545454545454545
0.0
0.07926023778071334
0.14119922630560927
0.1948529411764706
0.05353728489483748
0.003003003003003003
0.05240174672489083
0.001349527665317139
0.011644832605531296
0.020512820512820513
0.07201086956521739
0.01932367149758454
0.0
0.042105263157894736
0.1815068493150685
0.02263083451202263
0.0
0.10216110019646366
0.00936768149882904
0.0015060240963855422
0.01308139534883721
0.0
0.0
0.0
0.0
0.1815068493150685
0.007692307692307693
0.0
0.032590051457975985
0.0
0.043835616438356165
0.044755244755244755
0.038461538461538464
0.125
0.1948529411764706
0.12403100775193798
0.0
0.14173228346456693
0.0
0.03695652173913044
0.0
0.011560693641618497
0.0
0.07926023778071334
0.037444933920704845
0.004761904761904762
0.0
0.058
0.0
0.0707482993197279
0.0015060240963855422
0.0015060240963855422
0.08900523560209424
0.0013869625520110957
0.05091258405379443
0.07351351351351351
0.007905138339920948
0.037991858887381276
0.004878048780487805
0.12797074954296161
0.0015015015015015015
0.0026041666666666665
0.0
0.007518796992481203
0.10276679841897234
0.01867816091954023
0.0
0.0045045045045045045
0.0
0.0018214936247723133
0.018105849582172703
0.06732117812061711
0.0015060240963855422
0.0707482993197279
0.033268101761252444
0.017266187050359712
0.0015015015015015015
0.04477611940298507
0.0030075187969924814
0.0
0.14638783269961977
0.0707482993197279
0.011644832605531296
0.004801920768307323
0.033783783783783786
0.0015060240963855422
0.21739130434782608
0.017266187050359712
0.0
0.0023584905660377358
0.0
0.07351351351351351
0.019067796610169493
0.0024271844660194173
0.0015384615384615385
0.0
0.0
0.0015037593984962407
0.00258732212160414
0.15087040618955513
0.07468879668049792
0.057971014492753624
0.05394190871369295
0.0
0.0
0.0015037593984962407
0.039647577092511016
0.014035087719298246
0.08168642951251646
0.09181636726546906
0.07446808510638298
0.0029985007496251873
0.038461538461538464
0.020260492040520984
0.0010193679918450561
0.0707482993197279
0.09724473257698542
0.14545454545454545
0.0015015015015015015
0.0015015015015015015
0.0015060240963855422
0.06722689075630252
0.0
0.06722689075630252
0.020260492040520984
0.0
0.09693877551020408
0.0015360983102918587
0.007159904534606206
0.09448818897637795
0.0
