0.0026109660574412663
0.09836065573770492
0.003831417624521105
0.0
0.0
0.0022675736961451642
0.09737827715355807
0.04966442953020134
0.09836065573770492
0.002277904328018221
0.0
0.0
0.0
0.007518796992481258
0.10794297352342164
0.0
0.004545454545454519
0.03984063745019917
0.0007147962830593713
0.0014285714285714457
0.0024691358024691024
0.002277904328018221
0.0050000000000000044
0.10794297352342164
0.0
0.0
0.0570570570570571
0.09966777408637872
0.0
0.09811320754716979
0.09981167608286257
0.0
0.0
0.12244897959183676
0.0
0.0
0.09981167608286257
0.0038610038610038533
0.07006369426751591
0.011532125205930832
0.034852546916890104
0.0007674597083653367
0.055876685934489356
0.06666666666666665
0.10794297352342164
0.0
0.11290322580645162
0.0
0.0
0.002277904328018221
0.0
0.0009115770282588365
0.11290322580645162
0.0
0.09979633401221999
0.0023866348448687846
0.002277904328018221
0.0
0.040901007705986925
0.034852546916890104
0.0024449877750610804
0.068359375
0.0013037809647978849
0.02684563758389258
0.09523809523809523
0.0
0.0022573363431150906
0.01731244847485569
0.010625737898465215
0.0
0.0
0.078974358974359
0.12195121951219512
0.03629032258064513
0.002277904328018221
0.056451612903225756
0.0007698229407235857
0.04203670811130844
0.003389830508474523
0.03879310344827591
0.12393887945670623
0.12244897959183676
0.008968609865470878
0.004587155963302725
0.0022883295194507935
0.03867403314917128
0.12273641851106643
0.00047505938242276
0.05110732538330498
0.0
0.0014285714285714457
0.0012515644555695093
0.000768639508070712
0.09195402298850575
0.11059907834101379
0.0
