0.0
0.09836065573770492
0.0
0.0
0.0
0.0
0.09737827715355807
0.048387096774193505
0.09836065573770492
0.0
0.0
0.0
0.0
0.007518796992481258
0.10612244897959189
0.0
0.004545454545454519
0.03984063745019917
0.0
0.0014285714285714457
0.0
0.0
0.0
0.10612244897959189
0.0
0.0
0.0570570570570571
0.09966777408637872
0.0
0.09811320754716979
0.09811320754716979
0.0
0.0
0.12244897959183676
0.0
0.0
0.09811320754716979
0.0
0.06921675774134795
0.00990099009900991
0.034852546916890104
0.0
0.05405405405405406
0.06451612903225812
0.10612244897959189
0.0
0.11290322580645162
0.0
0.0
0.0
0.0
0.0
0.11290322580645162
0.0
0.09795918367346934
0.0
0.0
0.0
0.04033214709371291
0.034852546916890104
0.0
0.06653620352250489
0.0
0.02684563758389258
0.09523809523809523
0.0
0.0
0.01650165016501648
0.009456264775413725
0.0
0.0
0.07802874743326493
0.12195121951219512
0.03629032258064513
0.0
0.056451612903225756
0.0
0.041469194312796165
0.0
0.03879310344827591
0.12244897959183676
0.12244897959183676
0.008968609865470878
0.0
0.0
0.03690036900369009
0.12096774193548387
0.0
0.05110732538330498
0.0
0.0
0.0
0.0
0.09195402298850575
0.11059907834101379
0.0
