0.00520833333333337
0.17910447761194026
0.007633587786259555
0.0
0.0
0.004524886877828038
0.1774744027303754
0.09462915601023014
0.17910447761194026
0.004545454545454519
0.0
0.0
0.0
0.014925373134328401
0.19485294117647056
0.0
0.009049773755656076
0.07662835249042144
0.0014285714285714457
0.0028530670470755526
0.0049261083743842304
0.004545454545454519
0.00995024875621886
0.19485294117647056
0.0
0.0
0.10795454545454541
0.18126888217522663
0.0
0.1786941580756014
0.18150684931506844
0.0
0.0
0.21818181818181814
0.0
0.0
0.18150684931506844
0.007692307692307665
0.13095238095238093
0.0228013029315961
0.06735751295336789
0.0015337423312883347
0.1058394160583942
0.125
0.19485294117647056
0.0
0.2028985507246377
0.0
0.0
0.004545454545454519
0.0
0.0018214936247723523
0.2028985507246377
0.0
0.18148148148148147
0.004761904761904745
0.004545454545454519
0.0
0.07858769931662868
0.06735751295336789
0.004878048780487809
0.12797074954296161
0.0026041666666666297
0.05228758169934644
0.17391304347826086
0.0
0.0045045045045044585
0.03403565640194495
0.0210280373831776
0.0
0.0
0.14638783269961975
0.21739130434782605
0.07003891050583655
0.004545454545454519
0.10687022900763354
0.0015384615384614886
0.08068181818181819
0.006756756756756799
0.07468879668049788
0.22054380664652573
0.21818181818181814
0.01777777777777778
0.0091324200913242
0.004566210045662156
0.07446808510638303
0.21863799283154117
0.0009496676163343043
0.0972447325769854
0.0
0.0028530670470755526
0.0024999999999999467
0.001536098310291889
0.16842105263157892
0.19917012448132776
0.0
