0.05555555555555558
0.0
0.05555555555555558
0.05555555555555558
0.0
0.05555555555555558
0.05555555555555558
0.15384615384615385
0.052631578947368474
0.10526315789473684
0.05555555555555558
0.05555555555555558
0.05555555555555558
0.0
0.05555555555555558
0.05555555555555558
0.05555555555555558
0.16666666666666663
0.052631578947368474
0.05555555555555558
0.05555555555555558
0.05555555555555558
0.08333333333333337
0.05555555555555558
0.0
0.05555555555555558
0.05555555555555558
0.09090909090909094
0.0
0.05555555555555558
0.0
0.05555555555555558
0.05555555555555558
0.05555555555555558
0.05555555555555558
0.05555555555555558
0.05555555555555558
0.05555555555555558
0.05555555555555558
0.0
0.05555555555555558
0.10526315789473684
0.052631578947368474
0.05555555555555558
0.05555555555555558
0.0
0.0
0.05555555555555558
0.0
0.10526315789473684
0.5681818181818181
0.05555555555555558
0.05555555555555558
0.05555555555555558
