0.005208333333333333
0.1791044776119403
0.007633587786259542
0.0
0.0
0.004524886877828055
0.17747440273037543
0.09462915601023018
0.1791044776119403
0.004545454545454545
0.0
0.0
0.0
0.014925373134328358
0.1948529411764706
0.0
0.00904977375565611
0.07662835249042145
0.0014285714285714286
0.0028530670470756064
0.0049261083743842365
0.004545454545454545
0.009950248756218905
0.1948529411764706
0.0
0.0
0.10795454545454546
0.18126888217522658
0.0
0.17869415807560138
0.1815068493150685
0.0
0.0
0.21818181818181817
0.0
0.0
0.1815068493150685
0.007692307692307693
0.13095238095238096
0.02280130293159609
0.06735751295336788
0.0015337423312883436
0.10583941605839416
0.125
0.1948529411764706
0.0
0.2028985507246377
0.0
0.0
0.004545454545454545
0.0
0.0018214936247723133
0.2028985507246377
0.0
0.1814814814814815
0.004761904761904762
0.004545454545454545
0.0
0.0785876993166287
0.06735751295336788
0.004878048780487805
0.12797074954296161
0.0026041666666666665
0.05228758169934641
0.17391304347826086
0.0
0.0045045045045045045
0.03403565640194489
0.02102803738317757
0.0
0.0
0.14638783269961977
0.21739130434782608
0.07003891050583658
0.004545454545454545
0.10687022900763359
0.0015384615384615385
0.08068181818181819
0.006756756756756757
0.07468879668049792
0.22054380664652568
0.21818181818181817
0.017777777777777778
0.0091324200913242
0.0045662100456621
0.07446808510638298
0.21863799283154123
0.000949667616334283
0.09724473257698542
0.0
0.0028530670470756064
0.0025
0.0015360983102918587
0.16842105263157894
0.1991701244813278
0.0
