0.026343519494204437
0.0
0.020757020757020794
0.0
0.0
0.0393258426966292
0.03667136812411853
0.010526315789473717
0.0631808278867102
0.022321428571428603
0.024553571428571397
0.0
0.0007535795026375469
0.002277904328018221
0.031693989071038264
0.011806375442739103
0.0
0.053830227743271175
0.0007535795026375469
0.0007524454477050302
0.06615384615384612
0.011299435028248594
0.0
0.10794297352342164
0.04115226337448563
0.03335699077359833
0.0
0.03667136812411853
0.0020746887966804906
0.021505376344086002
0.010158013544018019
0.03667136812411853
0.005788712011577379
0.0007047216349541641
0.0036363636363636598
0.0
0.0015015015015015232
0.04186684969114618
0.0024691358024691024
0.002277904328018221
0.0
0.04126547455295737
0.07596253902185224
0.10794297352342164
0.027504911591355596
0.0015037593984962294
0.026905829596412523
0.0006752194463200967
0.005856515373352855
0.010362694300518172
0.03735024665257225
0.009756097560975618
0.0
0.021505376344086002
0.09981167608286257
0.011444921316165924
0.0
0.053830227743271175
0.004705882352941226
0.0007535795026375469
0.006583760058522348
0.0
0.0
0.0
0.0
0.09981167608286257
0.0038610038610038533
0.0
0.016564952048823023
0.0
0.022408963585434205
0.022889842632331958
0.019607843137254943
0.06666666666666665
0.10794297352342164
0.06611570247933884
0.0
0.07627118644067798
0.0
0.018826135105204922
0.0
0.005813953488372103
0.0
0.04126547455295737
0.019079685746352437
0.0023866348448687846
0.0
0.029866117404737436
0.0
0.03667136812411853
0.0007535795026375469
0.0007535795026375469
0.046575342465753455
0.000693962526023606
0.02612124199112864
0.038159371492704874
0.003968253968253954
0.019363762102351356
0.0024449877750610804
0.068359375
0.0007513148009016257
0.0013037809647978849
0.0
0.0037735849056603765
0.054166666666666696
0.00942712110224797
0.0
0.0022573363431150906
0.0
0.0009115770282588365
0.00913562895291642
0.03483309143686497
0.0007535795026375469
0.03667136812411853
0.01691542288557213
0.00870827285921627
0.0007513148009016257
0.022900763358778664
0.001506024096385561
0.0
0.078974358974359
0.03667136812411853
0.005856515373352855
0.002406738868832692
0.01718213058419249
0.0007535795026375469
0.12195121951219512
0.00870827285921627
0.0
0.0011806375442738881
0.0
0.038159371492704874
0.009625668449197877
0.0012150668286755595
0.0007698229407235857
0.0
0.0
0.0007524454477050302
0.0012953367875647714
0.08158995815899583
0.03879310344827591
0.02985074626865669
0.02771855010660984
0.0
0.0
0.0007524454477050302
0.020224719101123556
0.007067137809187329
0.04258241758241754
0.04811715481171552
0.03867403314917128
0.0015015015015015232
0.019607843137254943
0.010233918128654929
0.0005099439061703182
0.03667136812411853
0.05110732538330498
0.07843137254901966
0.0007513148009016257
0.0007513148009016257
0.0007535795026375469
0.034782608695652195
0.0
0.034782608695652195
0.010233918128654929
0.0
0.05093833780160861
0.000768639508070712
0.003592814371257469
0.04958677685950408
0.0
