0.025316455696202556
0.0
0.019559902200488977
0.0
0.0
0.0393258426966292
0.03667136812411853
0.009036144578313254
0.0625
0.022321428571428603
0.022371364653243853
0.0
0.0
0.0
0.03063457330415753
0.007117437722419906
0.0
0.053830227743271175
0.0
0.0
0.06615384615384612
0.011299435028248594
0.0
0.10612244897959189
0.04115226337448563
0.032670454545454586
0.0
0.03667136812411853
0.0020746887966804906
0.021505376344086002
0.009039548022598876
0.03667136812411853
0.005788712011577379
0.0
0.0029112081513827937
0.0
0.0
0.04120879120879117
0.0
0.0
0.0
0.04126547455295737
0.07499999999999996
0.10612244897959189
0.027504911591355596
0.0
0.026905829596412523
0.0
0.005856515373352855
0.010362694300518172
0.03667136812411853
0.00327332242225864
0.0
0.021505376344086002
0.09811320754716979
0.011444921316165924
0.0
0.053830227743271175
0.004705882352941226
0.0
0.005856515373352855
0.0
0.0
0.0
0.0
0.09811320754716979
0.0
0.0
0.015706806282722474
0.0
0.022408963585434205
0.022889842632331958
0.017467248908296984
0.06451612903225812
0.10612244897959189
0.06611570247933884
0.0
0.07627118644067798
0.0
0.0177383592017738
0.0
0.005813953488372103
0.0
0.04126547455295737
0.017977528089887618
0.0
0.0
0.028865979381443307
0.0
0.03667136812411853
0.0
0.0
0.046575342465753455
0.0
0.02564102564102566
0.038159371492704874
0.0013262599469495706
0.019363762102351356
0.0
0.06653620352250489
0.0
0.0
0.0
0.0037735849056603765
0.054166666666666696
0.00870827285921627
0.0
0.0
0.0
0.0
0.008438818565400852
0.03483309143686497
0.0
0.03667136812411853
0.015936254980079667
0.00870827285921627
0.0
0.022900763358778664
0.001506024096385561
0.0
0.07802874743326493
0.03667136812411853
0.005856515373352855
0.002406738868832692
0.016506189821182904
0.0
0.12195121951219512
0.00870827285921627
0.0
0.0
0.0
0.038159371492704874
0.008565310492505307
0.0
0.0
0.0
0.0
0.0
0.0
0.08158995815899583
0.03879310344827591
0.02777777777777779
0.02564102564102566
0.0
0.0
0.0
0.018018018018018056
0.007067137809187329
0.04126547455295737
0.04811715481171552
0.03690036900369009
0.0015015015015015232
0.018475750577367167
0.008784773060029227
0.0
0.03667136812411853
0.05110732538330498
0.07843137254901966
0.0
0.0
0.0
0.034782608695652195
0.0
0.034782608695652195
0.008784773060029227
0.0
0.039783001808318286
0.0
0.0023980815347721673
0.04958677685950408
0.0
