0.0
0.0
0.0
0.0
0.0
0.0
0.001483679525222552
0.0
0.0
0.0
0.0
0.04081632653061224
0.0011750881316098707
0.0018181818181818182
0.0
0.09340659340659341
0.0
0.0
0.02666666666666667
0.03464566929133858
0.00625
0.0
0.01805869074492099
0.0
0.0019011406844106464
0.0
0.0
0.0
0.002936857562408223
0.03686635944700461
0.0
0.0
0.0
0.0014727540500736377
0.0
0.040268456375838924
0.0023094688221709007
0.0
0.01991465149359886
0.0
0.00101010101010101
0.0018975332068311196
0.001658374792703151
0.00702576112412178
0.07430340557275542
0.0
0.0802675585284281
0.0
0.03260869565217391
0.0
0.03815580286168521
0.00881057268722467
0.000949667616334283
0.001375515818431912
0.0
0.000949667616334283
0.0
0.000949667616334283
0.0016638935108153079
0.000949667616334283
0.0
0.04477611940298507
0.041736227045075125
0.0
0.06504065040650407
0.017857142857142856
0.0963855421686747
0.0012642225031605564
0.06741573033707865
0.026936026936026935
0.02316076294277929
0.0499219968798752
0.0014727540500736377
0.0
0.000949667616334283
0.000949667616334283
0.03709949409780776
0.03987240829346093
0.000949667616334283
0.0
0.0013717421124828531
0.0
0.0017123287671232876
0.0017064846416382253
0.0243161094224924
0.0802675585284281
0.0
0.0017331022530329288
0.08086253369272237
0.0016638935108153079
0.05040322580645161
0.001851851851851852
0.002347417840375587
0.05842911877394636
0.005319148936170213
0.0014771048744460858
0.0014727540500736377
0.0
0.0
0.04782608695652174
0.0
-1.0
0.07763975155279502
0.0009025270758122744
0.0
0.0
0.03815580286168521
0.0
0.015701668302257114
-1.0
0.08247422680412371
0.0
0.0
0.0014970059880239522
0.015050167224080268
0.0763239875389408
0.04
0.000949667616334283
0.0
0.0016638935108153079
0.009615384615384616
0.08561643835616438
0.0
0.0
0.0
0.0
0.0
0.0
0.000949667616334283
0.010471204188481676
0.0
0.026997840172786176
0.0
0.000949667616334283
0.0
0.0010111223458038423
0.0014705882352941176
0.0
0.00101010101010101
0.02316076294277929
0.047058823529411764
0.0
0.0016366612111292963
0.015701668302257114
0.0017730496453900709
0.0
0.0018975332068311196
0.014209591474245116
0.004024144869215292
0.0025906735751295338
0.0457516339869281
0.0802675585284281
0.0
0.0
0.014571948998178506
0.0
0.01391304347826087
0.0
0.03968253968253968
0.0023094688221709007
0.0016233766233766235
0.0023923444976076554
0.0013850415512465374
1.0
0.0
0.12307692307692308
0.02696629213483146
0.0
0.002347417840375587
0.06035889070146819
0.0
0.08839779005524862
0.0
0.039735099337748346
0.0
0.0
0.08142493638676845
0.0
0.0
0.0033112582781456954
0.0
0.039538714991762765
0.0023923444976076554
0.0
0.0
0.23668639053254437
0.02702702702702703
0.0017301038062283738
0.0016638935108153079
0.000949667616334283
0.04060913705583756
0.001152073732718894
0.018691588785046728
0.05536332179930796
-1.0
0.0035842293906810036
0.0023584905660377358
0.0
0.011235955056179775
0.02168021680216802
0.0
0.03180914512922465
0.0014947683109118087
0.002352941176470588
0.0
0.004966887417218543
0.0
0.0
0.016666666666666666
0.02269503546099291
0.028192371475953566
0.027210884353741496
0.0
0.005235602094240838
0.0
0.0
0.0
0.0
0.001447178002894356
0.000949667616334283
0.003316749585406302
0.0
0.0017825311942959
0.0
0.15328467153284672
0.0
0.07317073170731707
0.0016638935108153079
0.1120162932790224
0.0014947683109118087
0.06927710843373494
0.0
0.0011723329425556857
0.015701668302257114
0.0
0.0022222222222222222
0.0
0.000949667616334283
0.0
0.0
0.002531645569620253
0.0
0.1643835616438356
0.0262582056892779
0.004024144869215292
0.042042042042042045
0.0010111223458038423
0.0025575447570332483
0.0
0.0
0.0
0.0
0.03940886699507389
0.18961625282167044
0.000992063492063492
0.0
0.08247422680412371
0.0
0.02936096718480138
0.004807692307692308
0.0017301038062283738
0.02882882882882883
0.0
0.0024330900243309003
0.0
0.0
0.0
0.0380952380952381
0.0
0.0
0.0
0.019230769230769232
0.000992063492063492
0.0
0.024691358024691357
0.0
0.0
0.0016638935108153079
0.04054054054054054
0.002347417840375587
0.0
0.025477707006369428
0.0
-1.0
0.0
0.018518518518518517
0.041736227045075125
0.0010111223458038423
0.0
0.0016778523489932886
0.0016638935108153079
0.0
0.0016638935108153079
0.005385996409335727
0.0016638935108153079
0.002936857562408223
0.044424297370806894
0.0
0.0
0.0
0.0007112375533428165
0.08743169398907104
0.0
-1.0
0.0015037593984962407
0.0016666666666666668
0.02891156462585034
0.06673960612691467
0.0
0.000949667616334283
0.0326530612244898
0.0
0.03676470588235294
0.000949667616334283
0.07476635514018691
0.018306636155606407
0.001451378809869376
0.017857142857142856
0.0
0.0
0.09718670076726342
0.05752636625119847
0.016666666666666666
0.002421307506053269
0.0
0.09340659340659341
0.0
0.003883495145631068
0.0
0.0
0.0
-1.0
0.02631578947368421
0.0
0.02054794520547945
0.0
0.0
0.0
0.000949667616334283
0.0469208211143695
0.03171641791044776
0.0
0.034408602150537634
0.000992063492063492
0.06430868167202572
0.06741573033707865
0.0
0.0
0.0017985611510791368
0.000949667616334283
0.0
0.0
0.0
0.03664921465968586
0.04201680672268908
0.0021551724137931034
0.04081632653061224
0.024147727272727272
0.0
0.0
0.08791208791208792
0.0
0.011764705882352941
0.004405286343612335
0.002352941176470588
-1.0
0.0
0.039735099337748346
0.0
0.026194144838212634
0.02689075630252101
0.0
0.0
0.05584826132771338
0.0035842293906810036
0.03968253968253968
0.000949667616334283
0.0013869625520110957
0.0016666666666666668
0.04251700680272109
0.0011876484560570072
0.0
0.0
0.021709633649932156
0.041736227045075125
0.030211480362537766
0.0
-1.0
0.0
0.0017301038062283738
0.03927986906710311
0.03547297297297297
0.0018975332068311196
0.0016638935108153079
0.0016666666666666668
0.06593406593406594
0.0010193679918450561
0.0
0.030837004405286344
0.0
0.0009025270758122744
0.0
0.0
0.0397456279809221
0.057803468208092484
0.0
0.0
0.01310615989515072
0.0
0.0
0.013008130081300813
0.009615384615384616
0.07083333333333333
0.016605166051660517
0.0
0.000949667616334283
0.0
0.00510204081632653
0.010218978102189781
0.0018975332068311196
0.0010256410256410256
0.0
0.0
0.0014064697609001407
0.0015015015015015015
0.0
0.07344632768361582
0.008460236886632826
0.010101010101010102
0.0
0.0
0.001447178002894356
0.02823920265780731
0.016853932584269662
0.015202702702702704
0.060544904137235116
0.0
0.031936127744510975
0.05240174672489083
0.004024144869215292
0.010471204188481676
0.0
0.0024330900243309003
0.0
0.07228915662650602
0.10031347962382445
0.002386634844868735
0.023578363384188627
0.0016638935108153079
0.0
0.0
0.05049088359046283
0.010084033613445379
0.01761252446183953
0.01764705882352941
0.0
0.0
0.0
0.0
0.0010111223458038423
0.0017953321364452424
0.005025125628140704
0.0
0.0018975332068311196
0.06631299734748011
0.000949667616334283
0.004032258064516129
0.0
0.04
0.0014947683109118087
0.001451378809869376
0.0
0.0033222591362126247
-1.0
0.048558421851289835
0.0
0.0
0.18213058419243985
0.009237875288683603
0.07181571815718157
0.032564450474898234
0.004878048780487805
0.0019157088122605363
0.0023148148148148147
0.0
0.002347417840375587
0.0
0.003875968992248062
0.0
0.0
0.020050125313283207
0.0
0.004901960784313725
0.040955631399317405
0.0016638935108153079
0.14383561643835616
0.0
0.0
0.0
0.002352941176470588
0.0
0.000949667616334283
0.0
0.010101010101010102
0.037481259370314844
0.0
0.03762662807525326
0.0
0.0
0.032388663967611336
0.08839779005524862
0.0
0.0
0.04040404040404041
0.013493253373313344
0.013493253373313344
0.0
0.0
0.0
0.0
0.002304147465437788
0.0
0.013008130081300813
0.000949667616334283
0.0015060240963855422
0.040336134453781515
0.0021321961620469083
0.13949275362318841
0.0
0.0
0.033967391304347824
0.0
0.0
0.0
0.016666666666666666
0.0
0.04140526976160602
0.000949667616334283
0.0
0.032857142857142856
0.041050903119868636
0.0
0.01606425702811245
0.0011467889908256881
0.0262582056892779
0.0
0.000949667616334283
0.03711790393013101
0.060544904137235116
0.0016638935108153079
0.0023094688221709007
0.0020325203252032522
0.0
0.0
0.002347417840375587
0.1414790996784566
0.0
0.001976284584980237
0.0
0.0802675585284281
0.048484848484848485
0.0
0.04159733777038269
0.05150214592274678
0.0
0.0
0.0
0.0
0.0
0.0
0.0
0.05314009661835749
0.0778061224489796
0.03986710963455149
0.002352941176470588
0.026533996683250415
0.0
0.01556420233463035
0.08185053380782918
1.0
0.044642857142857144
0.008008008008008008
0.001658374792703151
0.0
-1.0
0.02275960170697013
0.0019011406844106464
0.00205761316872428
0.0
0.0
0.0016638935108153079
0.15328467153284672
0.002352941176470588
0.0
0.0
0.001451378809869376
0.002352941176470588
0.001658374792703151
0.005979073243647235
0.000949667616334283
0.0
0.05845181674565561
0.0
0.0
0.08080808080808081
0.0
0.013888888888888888
0.08839779005524862
0.0
0.06149193548387097
0.0016181229773462784
0.0018975332068311196
0.03815580286168521
0.00101010101010101
0.022788203753351208
0.1111111111111111
0.0
0.0024752475247524753
0.0
0.0
0.040955631399317405
0.0016638935108153079
0.02877697841726619
0.003875968992248062
0.0
0.0
0.0015037593984962407
0.0017889087656529517
0.019851116625310174
1.0
0.003236245954692557
0.0016666666666666668
0.0
0.0035714285714285713
0.002347417840375587
0.000949667616334283
0.001451378809869376
0.00101010101010101
0.0016638935108153079
0.03273809523809524
0.0024330900243309003
0.0023584905660377358
0.0016638935108153079
0.0
0.025936599423631124
0.0019011406844106464
0.25225225225225223
0.0
0.003590664272890485
0.003590664272890485
0.0015060240963855422
0.0018975332068311196
0.034334763948497854
0.0014641288433382138
0.00423728813559322
0.0
0.15328467153284672
0.0
0.0
0.0
0.0658682634730539
0.0025575447570332483
0.0
0.010471204188481676
0.0763239875389408
0.0
0.0
0.017937219730941704
0.051118210862619806
0.0
0.0
0.0015015015015015015
0.000949667616334283
0.0016638935108153079
0.0018975332068311196
0.0011750881316098707
0.0
0.006012024048096192
0.0
0.01601423487544484
0.0017301038062283738
0.05687203791469194
0.0
0.0018975332068311196
0.0
0.002347417840375587
0.005535055350553505
0.000949667616334283
0.0
0.0013869625520110957
0.009652509652509652
0.043557168784029036
0.012841091492776886
0.000949667616334283
0.0009891196834817012
