0.0
0.001055966209081327
0.0
0.0015151515151514694
0.011049723756906049
0.0
0.02363367799113736
0.0
0.0015649452269170805
0.0
0.0
0.02169035153328347
0.015659955257270708
0.0008733624454148048
0.007843137254901933
0.009424083769633551
0.0080971659919028
0.0
0.0
0.03137254901960784
0.0009970089730807485
0.0023866348448687846
0.014598540145985384
0.00047505938242276
0.0010537407797681642
0.000926784059314234
0.0009496676163343043
0.0
0.0
0.0010857763300760048
0.0
0.0
0.0009496676163343043
0.034288926363125305
0.017467248908296984
0.00047505938242276
0.018018018018018056
0.0
0.0007147962830593713
0.006949806949806958
0.027855153203342642
0.0
0.0004962779156327812
0.0
0.0
0.0009496676163343043
0.0049652432969214955
0.03200000000000003
0.0005058168942843055
0.0
0.0
0.0010626992561104665
0.0
0.0
0.0
0.020958083832335328
0.0
0.0017452006980802626
0.03599153140437539
0.00047505938242276
0.0
0.018050541516245522
0.02315484804630974
0.014947683109118093
0.029615004935834133
0.0
0.0010604453870625141
0.02169035153328347
0.058252427184465994
0.0
0.0
0.0
0.000841042893187538
0.05063291139240511
0.0
0.012012012012011963
0.0
0.056974459724950854
0.0
0.0
0.0
0.004784688995215336
0.0005646527385657629
0.07246376811594202
0.001055966209081327
0.0
0.00047505938242276
0.0
0.00047505938242276
0.00047505938242276
0.0025974025974025983
0.0008230452674896638
0.015683345780433178
0.0008084074373484462
0.058252427184465994
0.02608695652173909
0.03181818181818186
0.0
0.02169035153328347
0.0044296788482834915
0.0007855459544383603
0.0
0.002123142250530785
0.00047505938242276
0.0
0.030093734583127807
0.0
0.0003650967506388936
0.002004008016032066
0.0
0.016307893020221842
0.05699481865284972
0.0010582010582010914
0.0011148272017836858
0.10526315789473684
0.012903225806451646
0.0
0.0019230769230769162
0.0009496676163343043
0.0
0.007912957467853587
0.0
0.0
0.008230452674897082
0.00047505938242276
0.0006997900629811538
0.0
0.0010626992561104665
0.0
0.00047505938242276
0.002293577981651418
0.0
0.0
0.020958083832335328
0.04395604395604391
0.0
0.020679468242245203
0.0
0.02169035153328347
0.012012012012011963
0.0010582010582010914
0.0
0.004980630879911407
0.004608294930875556
0.0008149959250203231
0.00047505938242276
0.019920318725099584
0.0007147962830593713
0.0
0.008403361344537785
0.015564202334630295
0.007912957467853587
0.0
0.0
0.006420545746388395
0.0
0.0
0.0
0.0010834236186348933
0.0
0.18461538461538463
0.0
0.007448789571694592
0.000505305709954551
0.0022371364653244186
0.0
0.015659955257270708
0.0
0.020926756352765308
0.0015649452269170805
0.006420545746388395
0.0
0.0005058168942843055
0.0
0.00047505938242276
0.0
0.0
0.001055966209081327
0.0
0.02169035153328347
0.0
0.0
0.00047505938242276
0.0023419203747072626
0.0003557452863749422
0.01295896328293733
0.0
0.13422818791946312
0.012944983818770184
0.015659955257270708
0.0022471910112359383
0.00047505938242276
0.0
0.011019283746556474
0.018018018018018056
0.0
0.0
0.0
0.039867109634551534
0.0
0.0010695187165775666
0.0003650967506388936
0.0
0.012012012012011963
0.0
0.0
0.007889546351084853
0.08300395256916993
0.0006788866259335169
0.0061823802163832875
0.021307861866274758
0.004608294930875556
0.002132196162046962
0.015683345780433178
0.014302741358760418
0.0
0.0
0.0
0.0
0.0
0.004744958481613271
0.0005058168942843055
0.0
0.0
0.014681892332789603
0.010594947025264867
0.0
0.006420545746388395
0.0
0.01559792027729634
0.0061823802163832875
0.0
0.0
0.0
0.0
0.002277904328018221
0.006420545746388395
0.00047505938242276
0.0019193857965451588
0.00047505938242276
0.0007147962830593713
0.02244039270687237
0.0
0.028757460661964163
0.002132196162046962
0.0010834236186348933
0.0011001100110010764
0.014173228346456734
0.0
0.0010834236186348933
0.0
0.002132196162046962
0.0004319654427645814
0.0024330900243308973
0.0
0.0022371364653244186
0.0176730486008837
0.0
0.0023419203747072626
0.0
0.0
0.0010214504596527396
0.0
0.015659955257270708
0.014302741358760418
0.0027548209366391463
0.002277904328018221
0.0004943153732080985
0.013437849944008984
0.0
0.0
0.019960079840319334
0.001055966209081327
0.0010626992561104665
0.0
0.02169035153328347
0.0007855459544383603
0.036717062634989195
0.01941747572815533
0.001536098310291889
0.020452099031216364
0.002123142250530785
0.0
0.0
0.015683345780433178
0.0006514657980456473
0.020958083832335328
0.0018382352941176405
0.0
0.18461538461538463
0.0673234811165846
0.00047505938242276
0.0
0.025104602510460206
0.0
0.03622392974753019
0.0
0.0012004801920768582
0.0
0.018018018018018056
0.0
0.0
0.0
0.03242542153047989
0.0028011204481792618
0.04258943781942082
0.005347593582887722
0.0
0.0010834236186348933
0.0
0.029615004935834133
0.0
0.0
0.013303769401330379
0.029579067121729197
0.0010626992561104665
0.0018382352941176405
0.015659955257270708
0.016877637130801704
0.0012391573729864103
0.0
0.0
0.023076923076923106
0.0
0.016597510373444035
0.0009149130832570851
0.0
0.0
0.0
0.00047505938242276
0.0
0.0004458314757022075
0.0
0.0
0.0
0.016393442622950838
0.0
0.07791017415215395
0.0
0.016329196603527052
0.0005058168942843055
0.07441860465116279
0.020592020592020588
0.029615004935834133
0.0
0.0
0.0010649627263046302
0.0023980815347721673
0.02169035153328347
0.0
0.02819956616052066
0.013493253373313308
0.00047505938242276
0.002788622420524245
0.0007479431563200967
0.0019193857965451588
0.0
0.02315484804630974
0.005076142131979711
0.06995884773662553
0.0
0.0006997900629811538
0.001779359430605032
0.0
0.0
0.0
0.0
0.009345794392523366
0.0
0.0010111223458038054
0.0008583690987123971
0.00047505938242276
0.0
0.0
0.000926784059314234
0.0
0.0021413276231263545
0.019490254872563728
0.004608294930875556
0.0
0.0
0.0
0.0010626992561104665
0.0
0.0007369196757552876
0.0
0.0
0.0
0.0
0.0004514672686229959
0.0
0.03361344537815125
0.0010834236186348933
0.0
0.016949152542372836
0.006721433905899965
0.0
0.00047505938242276
0.0
0.015659955257270708
0.0
0.0
0.0010695187165775666
0.0
0.0
0.001055966209081327
0.010443864229765065
0.0
0.008595988538681931
0.0
0.029615004935834133
0.0
0.0
0.0003557452863749422
0.004784688995215336
0.00047505938242276
0.05108467459762067
0.0
0.0004962779156327812
0.0
0.0
0.002739726027397249
0.001071811361200381
0.0
0.0
0.001055966209081327
0.0
0.010778443113772407
0.0
0.014947683109118093
0.01200000000000001
0.02902902902902904
0.0028011204481792618
0.0061823802163832875
0.0
0.0
0.0
0.0
0.0
0.0015313935681470214
0.0
0.029717682020802383
0.0
0.008403361344537785
0.0012674271229404788
0.0
0.0007137758743754885
0.0
0.0
0.0
0.0
0.0
0.0
0.0025188916876573986
0.001122334455667784
0.046875
0.015852047556142668
0.0
0.0
0.0003650967506388936
0.0
0.0
0.0
0.0
0.0008873114463177068
0.000505305709954551
0.00047505938242276
0.012030075187969946
0.01690331304935766
0.0
0.0
0.02372262773722633
0.02657807308970095
0.0
0.001203369434416346
0.021307861866274758
0.0010834236186348933
0.0
0.0
0.0
0.00047505938242276
0.0022371364653244186
0.0
0.0
0.0
0.03266596417281353
0.0061823802163832875
0.006420545746388395
0.0
0.0
0.0
0.002457002457002422
0.02228412256267409
0.008196721311475419
0.0010582010582010914
0.0017152658662092923
0.0
0.020606060606060628
0.0
0.0
0.0007137758743754885
0.04739884393063587
0.03554661301140172
0.025000000000000022
0.0
0.0
0.0
0.0
0.01671309192200554
0.0006779661016949046
0.022556390977443663
0.0
0.03637976929902398
0.01777777777777778
0.0003557452863749422
0.0
0.0
0.0015313935681470214
0.027833001988071593
0.0
0.0
0.0
0.0
0.0
0.0019193857965451588
0.038461538461538436
0.0008396305625524292
0.0008396305625524292
0.03193033381712629
0.0
0.0
0.00047505938242276
0.00047505938242276
0.004749340369393118
0.0
0.0009049773755656076
0.0
0.0003557452863749422
0.0
0.07497565725413824
0.0
0.0
0.0010111223458038054
0.0
0.0
0.0
0.004633920296570948
0.0005058168942843055
0.013000520020800876
0.0009496676163343043
0.0019193857965451588
0.0
0.00047505938242276
0.0006788866259335169
0.0
0.08300395256916993
0.0
0.0
0.0
0.0
0.00047505938242276
0.001055966209081327
0.0010881392818280489
0.0
0.0
0.0
0.0
0.02169035153328347
0.0010952902519167917
0.0008554319931565191
0.0
0.0
0.0010626992561104665
0.0
0.0
0.0022471910112359383
0.0008688097306689402
0.0
0.0008841732979664174
0.0
0.0
0.0
0.00047505938242276
0.001536098310291889
0.0
0.0016000000000000458
0.02169035153328347
0.0
0.001697792869269965
0.052980132450331174
0.001166861143523934
0.06491499227202469
0.0
0.0
0.0
0.00047505938242276
0.0045203415369161615
0.0
0.0
0.0012300123001229846
0.0
0.0
0.007217321571772239
0.0
0.0010857763300760048
0.007217321571772239
0.014970059880239472
0.0
0.0
0.004301075268817178
0.0005058168942843055
0.0
0.0026954177897574594
0.0
0.0
0.0012391573729864103
0.0
0.01777777777777778
0.0
0.0
0.0010582010582010914
0.03923900118906065
0.036717062634989195
0.0
0.0
0.0
0.0
0.029252437703141898
0.0010604453870625141
0.0
0.0
0.0010626992561104665
0.008417508417508435
0.0
0.0
0.001071811361200381
0.0
0.0
0.09885931558935357
0.0
0.0
0.01577761081893314
0.0013774104683195176
0.015659955257270708
0.009512485136741966
0.0
0.0004948045522018552
0.010695187165775444
0.035490605427975
0.00047505938242276
0.0
0.0
0.00047505938242276
0.02169035153328347
0.030501089324618702
0.008247422680412342
0.0
0.0
0.008080808080808133
0.0
0.016813450760608473
0.0022573363431150906
0.02315484804630974
0.001055966209081327
0.0010626992561104665
0.004424778761061954
0.0
0.02162565249813575
0.005997001499250421
0.0
0.0014104372355430161
0.008247422680412342
0.000597728631201444
0.0
0.0
0.02169035153328347
0.023017902813299185
0.005707038681039944
0.030093734583127807
0.0
0.0
0.0009496676163343043
0.018018018018018056
0.0010582010582010914
0.002277904328018221
0.0014005602240896309
0.012145748987854255
0.0
0.019093078758949833
0.000841042893187538
0.0
0.00047505938242276
0.0
0.012195121951219523
0.00047505938242276
0.0
0.0
0.007217321571772239
0.0
0.0005058168942843055
0.020926756352765308
0.0007733952049496784
0.0
0.0008748906386701893
0.0
0.0
0.042718446601941795
0.0
0.08212560386473433
0.069620253164557
