0.0
0.002109704641350185
0.0
0.00302571860816947
0.021857923497267784
0.0
0.046176046176046204
0.0
0.0031250000000000444
0.0
0.0
0.04245973645680823
0.03083700440528636
0.0017452006980802626
0.015564202334630295
0.018672199170124526
0.016064257028112428
0.0
0.0
0.06083650190114065
0.0019920318725099584
0.004761904761904745
0.02877697841726623
0.0009496676163343043
0.002105263157894721
0.0018518518518518823
0.00189753320683117
0.0
0.0
0.002169197396963085
0.0
0.0
0.00189753320683117
0.06630434782608696
0.03433476394849788
0.0009496676163343043
0.03539823008849563
0.0
0.0014285714285714457
0.013803680981595123
0.054200542005420016
0.0
0.0009920634920634885
0.0
0.0
0.00189753320683117
0.00988142292490124
0.06201550387596899
0.0010111223458038054
0.0
0.0
0.002123142250530785
0.0
0.0
0.0
0.04105571847507328
0.0
0.0034843205574912606
0.06948228882833785
0.0009496676163343043
0.0
0.03546099290780147
0.04526166902404527
0.02945508100147276
0.057526366251198446
0.0
0.0021186440677966045
0.04245973645680823
0.11009174311926606
0.0
0.0
0.0
0.001680672268907557
0.09638554216867468
0.0
0.023738872403560873
0.0
0.10780669144981414
0.0
0.0
0.0
0.00952380952380949
0.0011286681715575453
0.1351351351351351
0.002109704641350185
0.0
0.0009496676163343043
0.0
0.0009496676163343043
0.0009496676163343043
0.005181347150259086
0.00164473684210531
0.030882352941176472
0.001615508885298822
0.11009174311926606
0.05084745762711862
0.06167400881057272
0.0
0.04245973645680823
0.008820286659316445
0.0015698587127158659
0.0
0.004237288135593209
0.0009496676163343043
0.0
0.05842911877394641
0.0
0.0007299270072992359
0.0040000000000000036
0.0
0.03209242618741981
0.10784313725490191
0.0021141649048626032
0.00222717149220486
0.19047619047619047
0.02547770700636942
0.0
0.0038387715930902067
0.00189753320683117
0.0
0.015701668302257166
0.0
0.0
0.01632653061224487
0.0009496676163343043
0.0013986013986013734
0.0
0.002123142250530785
0.0
0.0009496676163343043
0.004576659038901587
0.0
0.0
0.04105571847507328
0.08421052631578951
0.0
0.04052098408104199
0.0
0.04245973645680823
0.023738872403560873
0.0021141649048626032
0.0
0.009911894273127775
0.00917431192660545
0.0016286644951140072
0.0009496676163343043
0.0390625
0.0014285714285714457
0.0
0.01666666666666672
0.03065134099616862
0.015701668302257166
0.0
0.0
0.012759170653907526
0.0
0.0
0.0
0.0021645021645021467
0.0
0.3116883116883117
0.0
0.014787430683918634
0.0010101010101010166
0.004464285714285698
0.0
0.03083700440528636
0.0
0.040995607613469986
0.0031250000000000444
0.012759170653907526
0.0
0.0010111223458038054
0.0
0.0009496676163343043
0.0
0.0
0.002109704641350185
0.0
0.04245973645680823
0.0
0.0
0.0009496676163343043
0.004672897196261627
0.0007112375533427917
0.02558635394456288
0.0
0.23668639053254437
0.025559105431309903
0.03083700440528636
0.004484304932735439
0.0009496676163343043
0.0
0.021798365122615793
0.03539823008849563
0.0
0.0
0.0
0.07667731629392971
0.0
0.002136752136752129
0.0007299270072992359
0.0
0.023738872403560873
0.0
0.0
0.015655577299412915
0.15328467153284675
0.0013568521031207537
0.01228878648233489
0.04172661870503602
0.00917431192660545
0.004255319148936176
0.030882352941176472
0.02820211515863691
0.0
0.0
0.0
0.0
0.0
0.009445100354191216
0.0010111223458038054
0.0
0.0
0.02893890675241162
0.020967741935483897
0.0
0.012759170653907526
0.0
0.030716723549488067
0.01228878648233489
0.0
0.0
0.0
0.0
0.004545454545454519
0.012759170653907526
0.0009496676163343043
0.003831417624521105
0.0009496676163343043
0.0014285714285714457
0.04389574759945125
0.0
0.05590717299578063
0.004255319148936176
0.0021645021645021467
0.00219780219780219
0.02795031055900621
0.0
0.0021645021645021467
0.0
0.004255319148936176
0.0008635578583765513
0.004854368932038833
0.0
0.004464285714285698
0.0347322720694645
0.0
0.004672897196261627
0.0
0.0
0.0020408163265306367
0.0
0.03083700440528636
0.02820211515863691
0.005494505494505475
0.004545454545454519
0.0009881422924901129
0.026519337016574607
0.0
0.0
0.03913894324853229
0.002109704641350185
0.002123142250530785
0.0
0.04245973645680823
0.0015698587127158659
0.0708333333333333
0.03809523809523807
0.0030674846625766694
0.04008438818565396
0.004237288135593209
0.0
0.0
0.030882352941176472
0.0013020833333333703
0.04105571847507328
0.003669724770642202
0.0
0.3116883116883117
0.12615384615384617
0.0009496676163343043
0.0
0.048979591836734726
0.0
0.06991525423728817
0.0
0.0023980815347721673
0.0
0.03539823008849563
0.0
0.0
0.0
0.06281407035175879
0.005586592178770999
0.0816993464052288
0.010638297872340385
0.0
0.0021645021645021467
0.0
0.057526366251198446
0.0
0.0
0.026258205689277947
0.05745856353591161
0.002123142250530785
0.003669724770642202
0.03083700440528636
0.03319502074688796
0.0024752475247524774
0.0
0.0
0.045112781954887216
0.0
0.03265306122448974
0.001828153564899404
0.0
0.0
0.0
0.0009496676163343043
0.0
0.0008912655971479166
0.0
0.0
0.0
0.032258064516129004
0.0
0.1445578231292517
0.0
0.03213367609254503
0.0010111223458038054
0.1385281385281385
0.04035308953341743
0.057526366251198446
0.0
0.0
0.0021276595744680327
0.004784688995215336
0.04245973645680823
0.0
0.05485232067510548
0.026627218934911268
0.0009496676163343043
0.005561735261401579
0.001494768310911776
0.003831417624521105
0.0
0.04526166902404527
0.010101010101010055
0.13076923076923075
0.0
0.0013986013986013734
0.003552397868561319
0.0
0.0
0.0
0.0
0.01851851851851849
0.0
0.002020202020202033
0.0017152658662092923
0.0009496676163343043
0.0
0.0
0.0018518518518518823
0.0
0.004273504273504258
0.038235294117647034
0.00917431192660545
0.0
0.0
0.0
0.002123142250530785
0.0
0.0014727540500736325
0.0
0.0
0.0
0.0
0.0009025270758122872
0.0
0.06504065040650409
0.0021645021645021467
0.0
0.033333333333333326
0.013353115727002929
0.0
0.0009496676163343043
0.0
0.03083700440528636
0.0
0.0
0.002136752136752129
0.0
0.0
0.002109704641350185
0.02067183462532296
0.0
0.017045454545454586
0.0
0.057526366251198446
0.0
0.0
0.0007112375533427917
0.00952380952380949
0.0009496676163343043
0.09720372836218372
0.0
0.0009920634920634885
0.0
0.0
0.005464480874316946
0.0021413276231263545
0.0
0.0
0.002109704641350185
0.0
0.021327014218009532
0.0
0.02945508100147276
0.02371541501976282
0.05642023346303504
0.005586592178770999
0.01228878648233489
0.0
0.0
0.0
0.0
0.0
0.003058103975535187
0.0
0.05772005772005773
0.0
0.01666666666666672
0.0025316455696202667
0.0
0.0014265335235378318
0.0
0.0
0.0
0.0
0.0
0.0
0.005025125628140725
0.0022421524663677195
0.08955223880597019
0.031209362808842678
0.0
0.0
0.0007299270072992359
0.0
0.0
0.0
0.0
0.0017730496453900457
0.0010101010101010166
0.0009496676163343043
0.02377414561664193
0.0332446808510638
0.0
0.0
0.04634581105169344
0.05177993527508096
0.0
0.0024038461538461453
0.04172661870503602
0.0021645021645021467
0.0
0.0
0.0
0.0009496676163343043
0.004464285714285698
0.0
0.0
0.0
0.06326530612244896
0.01228878648233489
0.012759170653907526
0.0
0.0
0.0
0.004901960784313708
0.043596730245231585
0.016260162601625994
0.0021141649048626032
0.003424657534246589
0.0
0.040380047505938266
0.0
0.0
0.0014265335235378318
0.09050772626931569
0.06865284974093266
0.04878048780487809
0.0
0.0
0.0
0.0
0.0328767123287671
0.0013550135501354532
0.044117647058823484
0.0
0.0702054794520548
0.03493449781659386
0.0007112375533427917
0.0
0.0
0.003058103975535187
0.0541586073500967
0.0
0.0
0.0
0.0
0.0
0.003831417624521105
0.07407407407407407
0.001677852348993314
0.001677852348993314
0.061884669479606136
0.0
0.0
0.0009496676163343043
0.0009496676163343043
0.009453781512605008
0.0
0.001808318264014508
0.0
0.0007112375533427917
0.0
0.13949275362318836
0.0
0.0
0.002020202020202033
0.0
0.0
0.0
0.009225092250922495
0.0010111223458038054
0.02566735112936347
0.00189753320683117
0.003831417624521105
0.0
0.0009496676163343043
0.0013568521031207537
0.0
0.15328467153284675
0.0
0.0
0.0
0.0
0.0009496676163343043
0.002109704641350185
0.0021739130434782483
0.0
0.0
0.0
0.0
0.04245973645680823
0.002188183807439792
0.0017094017094017033
0.0
0.0
0.002123142250530785
0.0
0.0
0.004484304932735439
0.0017361111111111605
0.0
0.0017667844522968323
0.0
0.0
0.0
0.0009496676163343043
0.0030674846625766694
0.0
0.0031948881789137795
0.04245973645680823
0.0
0.003389830508474523
0.10062893081761004
0.002331002331002363
0.12191582002902757
0.0
0.0
0.0
0.0009496676163343043
0.009000000000000008
0.0
0.0
0.002457002457002422
0.0
0.0
0.014331210191082855
0.0
0.002169197396963085
0.014331210191082855
0.029498525073746285
0.0
0.0
0.008565310492505307
0.0010111223458038054
0.0
0.005376344086021501
0.0
0.0
0.0024752475247524774
0.0
0.03493449781659386
0.0
0.0
0.0021141649048626032
0.07551487414187641
0.0708333333333333
0.0
0.0
0.0
0.0
0.056842105263157916
0.0021186440677966045
0.0
0.0
0.002123142250530785
0.016694490818030094
0.0
0.0
0.0021413276231263545
0.0
0.0
0.17993079584775085
0.0
0.0
0.031065088757396442
0.0027510316368638543
0.03083700440528636
0.018845700824499434
0.0
0.0009891196834816984
0.021164021164021163
0.06854838709677424
0.0009496676163343043
0.0
0.0
0.0009496676163343043
0.04245973645680823
0.059196617336152224
0.01635991820040905
0.0
0.0
0.01603206412825653
0.0
0.03307086614173227
0.0045045045045044585
0.04526166902404527
0.002109704641350185
0.002123142250530785
0.008810572687224627
0.0
0.04233576642335768
0.011922503725782407
0.0
0.0028169014084507005
0.01635991820040905
0.0011947431302270495
0.0
0.0
0.04245973645680823
0.04500000000000004
0.011349306431273631
0.05842911877394641
0.0
0.0
0.00189753320683117
0.03539823008849563
0.0021141649048626032
0.004545454545454519
0.002797202797202747
0.02400000000000002
0.0
0.0374707259953162
0.001680672268907557
0.0
0.0009496676163343043
0.0
0.02409638554216864
0.0009496676163343043
0.0
0.0
0.014331210191082855
0.0
0.0010111223458038054
0.040995607613469986
0.0015455950540957941
0.0
0.0017482517482517723
0.0
0.0
0.08193668528864062
0.0
0.1517857142857143
0.1301775147928994
