0.0
0.0007285974499089409
0.00025284450063212116
0.0
0.0
0.0
0.0
0.0
-1.0
0.0
-1.0
0.0
0.0
0.0
0.0
0.0031746031746031633
0.0
0.0
0.0
-1.0
0.0
0.0
0.0
0.003459210147016445
0.0026460859977949225
0.0
0.0
0.0017917133258679163
0.0
0.0
0.0
0.0
0.0028659611992944978
0.0
0.0
0.0
-1.0
0.0028659611992944978
0.0
0.0
0.0
0.0
0.0
0.0
0.0
0.0
0.0
0.0
0.004709576138147598
0.0
0.0
0.0
0.0
0.0017910447761193549
-1.0
0.0
0.0
0.0010005002501251026
-1.0
0.0
0.0
0.0
0.0
0.0
0.0
-1.0
0.003459210147016445
-1.0
-1.0
0.0
0.0
0.0
0.0
-1.0
1.0
0.00025284450063212116
-1.0
0.0
-1.0
0.0
0.0
0.0
0.0
0.004208311415044741
-1.0
0.0
0.0
0.0
0.0
0.0
0.0
0.0
0.0
-1.0
0.0
0.0
0.0
0.0
0.0
-1.0
0.0026460859977949225
0.0027210884353741083
0.0
0.0
-1.0
0.0
0.0
0.0
-1.0
0.0
0.0
0.001792516244678466
0.0
0.0
-1.0
0.0
0.0
0.0
0.0
0.0
0.0
0.0026437541308658163
-1.0
0.0
-1.0
0.0
0.0
0.004811547714514863
0.0
-1.0
0.0
0.0
0.0
0.0
-1.0
1.0
0.0
0.0
1.0
1.0
0.0
0.0
-1.0
0.0
0.0
0.0
0.0
0.0
0.0
0.0
0.0
0.0
0.0
0.0
0.0
-1.0
0.0
0.0
0.0
0.0
0.0
0.0
-1.0
0.0
0.0
0.0
0.0
0.0
0.0
0.0
0.0
0.0
0.0
-1.0
0.0
0.0
0.0
0.0
0.0
0.0
0.0026437541308658163
0.0026437541308658163
0.006196746707978318
0.002393776181927043
0.0
0.0
-1.0
0.0
0.0
0.0
0.0
0.0
0.0
0.0
-1.0
0.0007544322897019562
0.0
0.0010010010010009784
0.0
0.0
0.0
0.0
-1.0
0.0
-1.0
0.0
0.0
0.0
0.0
0.0
0.0
0.0
0.0
-1.0
0.0
0.0
0.0
0.0
0.0
0.0
0.0
0.0
0.0
0.0
0.0
0.0
0.0
0.003459210147016445
0.0
0.0
0.0
0.0
0.0
0.0
0.0
0.0
0.0
0.0
0.0
0.0
0.0
0.0
0.0
0.0
0.0
0.0
0.0
0.0
-1.0
0.0
0.0
0.0
0.0
0.0
0.0
0.0
0.0
0.0
0.0
