0.00014664906877837058
0.0009105809506465556
0.00025284450063212116
0.0
0.0
0.0
0.00012766500702154904
0.0
-1.0
0.0001264382349221993
-1.0
9.747538746462947e-05
9.747538746462947e-05
0.00012815583749836712
0.0
0.003372346756595923
0.0
0.00014390559792776259
0.0
-1.0
0.0
0.0001961168856638995
0.0
0.0036028246144977905
0.0026460859977949225
0.00020052135552439676
0.00012717792191274668
0.0017917133258679163
0.00018358729575917998
0.0
0.00012815583749836712
0.0001961168856638995
0.0031955922865013475
0.0
0.0
0.00014669209329620791
-1.0
0.0031955922865013475
0.00020116676725001614
9.747538746462947e-05
0.0
0.00014390559792776259
9.747538746462947e-05
9.747538746462947e-05
0.0
9.747538746462947e-05
0.0
9.747538746462947e-05
0.004904845987836026
0.0
0.00012688745083111463
0.0
0.0
0.0017910447761193549
-1.0
9.745638826630376e-05
0.0
0.0010005002501251026
-1.0
0.0
0.0
0.00012878300064389503
0.0
0.0
9.747538746462947e-05
-1.0
0.0036028246144977905
-1.0
-1.0
0.0
0.0
9.747538746462947e-05
0.0
-1.0
1.0
0.00025284450063212116
-1.0
0.0
-1.0
0.0
9.747538746462947e-05
0.00012647021626410737
0.0
0.004339250493096691
-1.0
0.0
0.0
0.00014669209329620791
9.747538746462947e-05
0.0
0.0001378739831793263
0.00017340038148083714
0.00019102196752629474
-1.0
9.747538746462947e-05
0.0
9.747538746462947e-05
0.0
0.0
-1.0
0.0027560357182229156
0.0027210884353741083
0.0001961168856638995
0.0
-1.0
0.0
0.0
0.00018358729575917998
-1.0
0.0
0.0
0.001792516244678466
0.0
0.0001264382349221993
-1.0
0.0
0.0003016591251885359
0.0001264382349221993
0.0
0.0
0.00012708095056546131
0.0026437541308658163
-1.0
0.0
-1.0
0.0
0.0
0.004811547714514863
0.0
-1.0
0.0
9.745638826630376e-05
0.0
0.00019102196752629474
-1.0
1.0
0.0
9.747538746462947e-05
1.0
-1.0
0.0
9.745638826630376e-05
-1.0
0.0
0.0
0.0001717917883524711
0.0
9.747538746462947e-05
0.0001264382349221993
0.0
0.0
0.00012815583749836712
0.0
9.747538746462947e-05
9.745638826630376e-05
-1.0
0.00017244352474565794
0.00012714558169102386
0.0
0.0
0.0
0.00014390559792776259
-1.0
0.0
9.747538746462947e-05
0.0
9.747538746462947e-05
0.0
0.0
0.0
0.0
9.747538746462947e-05
0.00012717792191274668
-1.0
0.0
0.0
0.0
9.745638826630376e-05
0.0
0.00020052135552439676
0.0026437541308658163
0.0026437541308658163
0.006389157792836442
0.0025430067314884397
9.747538746462947e-05
0.0
-1.0
0.00018494544109493027
0.00018304960644333068
9.745638826630376e-05
0.00012721027859052825
9.745638826630376e-05
9.747538746462947e-05
9.747538746462947e-05
-1.0
0.0007544322897019562
0.0
0.0010010010010009784
0.00014390559792776259
0.00012815583749836712
0.0
0.0
-1.0
9.747538746462947e-05
-1.0
0.0
9.747538746462947e-05
0.0
0.0
0.0
0.0001908761213972321
0.0
0.0
-1.0
0.0
0.0
0.0
9.747538746462947e-05
0.0
0.0
0.0
0.0
0.0002023062917256846
0.0
9.747538746462947e-05
0.0
0.0
0.0036028246144977905
0.0
0.00018590816136832
0.0
9.747538746462947e-05
0.0002023062917256846
0.0
0.0001264382349221993
9.747538746462947e-05
0.0
0.0001264382349221993
0.0001264382349221993
0.0002738975623116646
0.0
9.747538746462947e-05
0.0
0.00013303179459889236
0.00012721027859052825
0.0
9.747538746462947e-05
0.0001295840352468769
-1.0
0.0
0.0
0.00017608733932028553
-1.0
0.0
0.0
0.00017608733932028553
9.745638826630376e-05
0.0
0.0
