0.0
0.002109704641350211
0.0
0.0030257186081694403
0.02185792349726776
0.0
0.046176046176046176
0.0
0.003125
0.0
0.0
0.0424597364568082
0.030837004405286344
0.0017452006980802793
0.01556420233463035
0.01867219917012448
0.01606425702811245
0.0
0.0
0.060836501901140684
0.00199203187250996
0.004761904761904762
0.02877697841726619
0.000949667616334283
0.002105263157894737
0.001851851851851852
0.0018975332068311196
0.0
0.0
0.0021691973969631237
0.0
0.0
0.0018975332068311196
0.06630434782608696
0.034334763948497854
0.000949667616334283
0.035398230088495575
0.0
0.0014285714285714286
0.013803680981595092
0.05420054200542006
0.0
0.000992063492063492
0.0
0.0
0.0018975332068311196
0.009881422924901186
0.06201550387596899
0.0010111223458038423
0.0
0.0
0.0021231422505307855
0.0
0.0
0.0
0.04105571847507331
0.0
0.003484320557491289
0.06948228882833787
0.000949667616334283
0.0
0.03546099290780142
0.04526166902404526
0.029455081001472753
0.05752636625119847
0.0
0.00211864406779661
0.0424597364568082
0.11009174311926606
0.0
0.0
0.0
0.0016806722689075631
0.0963855421686747
0.0
0.02373887240356083
0.0
0.10780669144981413
0.0
0.0
0.0
0.009523809523809525
0.001128668171557562
0.13513513513513514
0.002109704641350211
0.0
0.000949667616334283
0.0
0.000949667616334283
0.000949667616334283
0.0051813471502590676
0.001644736842105263
0.030882352941176472
0.0016155088852988692
0.11009174311926606
0.05084745762711865
0.06167400881057269
0.0
0.0424597364568082
0.008820286659316428
0.0015698587127158557
0.0
0.00423728813559322
0.000949667616334283
0.0
0.05842911877394636
0.0
0.00072992700729927
0.004
0.0
0.03209242618741977
0.10784313725490197
0.0021141649048625794
0.0022271714922048997
0.19047619047619047
0.025477707006369428
0.0
0.003838771593090211
0.0018975332068311196
0.0
0.015701668302257114
0.0
0.0
0.0163265306122449
0.000949667616334283
0.0013986013986013986
0.0
0.0021231422505307855
0.0
0.000949667616334283
0.004576659038901602
0.0
0.0
0.04105571847507331
0.08421052631578947
0.0
0.04052098408104197
0.0
0.0424597364568082
0.02373887240356083
0.0021141649048625794
0.0
0.009911894273127754
0.009174311926605505
0.0016286644951140066
0.000949667616334283
0.0390625
0.0014285714285714286
0.0
0.016666666666666666
0.03065134099616858
0.015701668302257114
0.0
0.0
0.012759170653907496
0.0
0.0
0.0
0.0021645021645021645
0.0
0.3116883116883117
0.0
0.014787430683918669
0.00101010101010101
0.004464285714285714
0.0
0.030837004405286344
0.0
0.040995607613469986
0.003125
0.012759170653907496
0.0
0.0010111223458038423
0.0
0.000949667616334283
0.0
0.0
0.002109704641350211
0.0
0.0424597364568082
0.0
0.0
0.000949667616334283
0.004672897196261682
0.0007112375533428165
0.0255863539445629
0.0
0.23668639053254437
0.025559105431309903
0.030837004405286344
0.004484304932735426
0.000949667616334283
0.0
0.021798365122615803
0.035398230088495575
0.0
0.0
0.0
0.07667731629392971
0.0
0.002136752136752137
0.00072992700729927
0.0
0.02373887240356083
0.0
0.0
0.015655577299412915
0.15328467153284672
0.0013568521031207597
0.01228878648233487
0.041726618705035974
0.009174311926605505
0.00425531914893617
0.030882352941176472
0.0282021151586369
0.0
0.0
0.0
0.0
0.0
0.009445100354191263
0.0010111223458038423
0.0
0.0
0.028938906752411574
0.020967741935483872
0.0
0.012759170653907496
0.0
0.030716723549488054
0.01228878648233487
0.0
0.0
0.0
0.0
0.004545454545454545
0.012759170653907496
0.000949667616334283
0.0038314176245210726
0.000949667616334283
0.0014285714285714286
0.0438957475994513
0.0
0.05590717299578059
0.00425531914893617
0.0021645021645021645
0.002197802197802198
0.027950310559006212
0.0
0.0021645021645021645
0.0
0.00425531914893617
0.0008635578583765112
0.0048543689320388345
0.0
0.004464285714285714
0.03473227206946455
0.0
0.004672897196261682
0.0
0.0
0.0020408163265306124
0.0
0.030837004405286344
0.0282021151586369
0.005494505494505495
0.004545454545454545
0.0009881422924901185
0.026519337016574586
0.0
0.0
0.03913894324853229
0.002109704641350211
0.0021231422505307855
0.0
0.0424597364568082
0.0015698587127158557
0.07083333333333333
0.0380952380952381
0.003067484662576687
0.04008438818565401
0.00423728813559322
0.0
0.0
0.030882352941176472
0.0013020833333333333
0.04105571847507331
0.003669724770642202
0.0
0.3116883116883117
0.12615384615384614
0.000949667616334283
0.0
0.04897959183673469
0.0
0.06991525423728813
0.0
0.002398081534772182
0.0
0.035398230088495575
0.0
0.0
0.0
0.06281407035175879
0.00558659217877095
0.08169934640522876
0.010638297872340425
0.0
0.0021645021645021645
0.0
0.05752636625119847
0.0
0.0
0.0262582056892779
0.057458563535911604
0.0021231422505307855
0.003669724770642202
0.030837004405286344
0.03319502074688797
0.0024752475247524753
0.0
0.0
0.045112781954887216
0.0
0.0326530612244898
0.0018281535648994515
0.0
0.0
0.0
0.000949667616334283
0.0
0.00089126559714795
0.0
0.0
0.0
0.03225806451612903
0.0
0.1445578231292517
0.0
0.032133676092544985
0.0010111223458038423
0.13852813852813853
0.0403530895334174
0.05752636625119847
0.0
0.0
0.002127659574468085
0.004784688995215311
0.0424597364568082
0.0
0.05485232067510549
0.026627218934911243
0.000949667616334283
0.0055617352614015575
0.0014947683109118087
0.0038314176245210726
0.0
0.04526166902404526
0.010101010101010102
0.13076923076923078
0.0
0.0013986013986013986
0.003552397868561279
0.0
0.0
0.0
0.0
0.018518518518518517
0.0
0.00202020202020202
0.0017152658662092624
0.000949667616334283
0.0
0.0
0.001851851851851852
0.0
0.004273504273504274
0.03823529411764706
0.009174311926605505
0.0
0.0
0.0
0.0021231422505307855
0.0
0.0014727540500736377
0.0
0.0
0.0
0.0
0.0009025270758122744
0.0
0.06504065040650407
0.0021645021645021645
0.0
0.03333333333333333
0.013353115727002967
0.0
0.000949667616334283
0.0
0.030837004405286344
0.0
0.0
0.002136752136752137
0.0
0.0
0.002109704641350211
0.020671834625323
0.0
0.017045454545454544
0.0
0.05752636625119847
0.0
0.0
0.0007112375533428165
0.009523809523809525
0.000949667616334283
0.09720372836218376
0.0
0.000992063492063492
0.0
0.0
0.00546448087431694
0.0021413276231263384
0.0
0.0
0.002109704641350211
0.0
0.02132701421800948
0.0
0.029455081001472753
0.023715415019762844
0.05642023346303502
0.00558659217877095
0.01228878648233487
0.0
0.0
0.0
0.0
0.0
0.0030581039755351682
0.0
0.05772005772005772
0.0
0.016666666666666666
0.002531645569620253
0.0
0.0014265335235378032
0.0
0.0
0.0
0.0
0.0
0.0
0.005025125628140704
0.002242152466367713
0.08955223880597014
0.031209362808842653
0.0
0.0
0.00072992700729927
0.0
0.0
0.0
0.0
0.0017730496453900709
0.00101010101010101
0.000949667616334283
0.0237741456166419
0.03324468085106383
0.0
0.0
0.04634581105169341
0.05177993527508091
0.0
0.002403846153846154
0.041726618705035974
0.0021645021645021645
0.0
0.0
0.0
0.000949667616334283
0.004464285714285714
0.0
0.0
0.0
0.06326530612244897
0.01228878648233487
0.012759170653907496
0.0
0.0
0.0
0.004901960784313725
0.043596730245231606
0.016260162601626018
0.0021141649048625794
0.003424657534246575
0.0
0.040380047505938245
0.0
0.0
0.0014265335235378032
0.09050772626931568
0.06865284974093264
0.04878048780487805
0.0
0.0
0.0
0.0
0.03287671232876712
0.0013550135501355014
0.04411764705882353
0.0
0.0702054794520548
0.034934497816593885
0.0007112375533428165
0.0
0.0
0.0030581039755351682
0.05415860735009671
0.0
0.0
0.0
0.0
0.0
0.0038314176245210726
0.07407407407407407
0.0016778523489932886
0.0016778523489932886
0.06188466947960619
0.0
0.0
0.000949667616334283
0.000949667616334283
0.009453781512605041
0.0
0.0018083182640144665
0.0
0.0007112375533428165
0.0
0.13949275362318841
0.0
0.0
0.00202020202020202
0.0
0.0
0.0
0.00922509225092251
0.0010111223458038423
0.02566735112936345
0.0018975332068311196
0.0038314176245210726
0.0
0.000949667616334283
0.0013568521031207597
0.0
0.15328467153284672
0.0
0.0
0.0
0.0
0.000949667616334283
0.002109704641350211
0.002173913043478261
0.0
0.0
0.0
0.0
0.0424597364568082
0.002188183807439825
0.0017094017094017094
0.0
0.0
0.0021231422505307855
0.0
0.0
0.004484304932735426
0.001736111111111111
0.0
0.0017667844522968198
0.0
0.0
0.0
0.000949667616334283
0.003067484662576687
0.0
0.003194888178913738
0.0424597364568082
0.0
0.003389830508474576
0.10062893081761007
0.002331002331002331
0.12191582002902758
0.0
0.0
0.0
0.000949667616334283
0.009
0.0
0.0
0.002457002457002457
0.0
0.0
0.014331210191082803
0.0
0.0021691973969631237
0.014331210191082803
0.029498525073746312
0.0
0.0
0.008565310492505354
0.0010111223458038423
0.0
0.005376344086021506
0.0
0.0
0.0024752475247524753
0.0
0.034934497816593885
0.0
0.0
0.0021141649048625794
0.07551487414187644
0.07083333333333333
0.0
0.0
0.0
0.0
0.056842105263157895
0.00211864406779661
0.0
0.0
0.0021231422505307855
0.01669449081803005
0.0
0.0
0.0021413276231263384
0.0
0.0
0.17993079584775087
0.0
0.0
0.03106508875739645
0.002751031636863824
0.030837004405286344
0.01884570082449941
0.0
0.0009891196834817012
0.021164021164021163
0.06854838709677419
0.000949667616334283
0.0
0.0
0.000949667616334283
0.0424597364568082
0.05919661733615222
0.016359918200409
0.0
0.0
0.01603206412825651
0.0
0.03307086614173228
0.0045045045045045045
0.04526166902404526
0.002109704641350211
0.0021231422505307855
0.00881057268722467
0.0
0.042335766423357665
0.011922503725782414
0.0
0.0028169014084507044
0.016359918200409
0.0011947431302270011
0.0
0.0
0.0424597364568082
0.045
0.011349306431273645
0.05842911877394636
0.0
0.0
0.0018975332068311196
0.035398230088495575
0.0021141649048625794
0.004545454545454545
0.002797202797202797
0.024
0.0
0.03747072599531616
0.0016806722689075631
0.0
0.000949667616334283
0.0
0.024096385542168676
0.000949667616334283
0.0
0.0
0.014331210191082803
0.0
0.0010111223458038423
0.040995607613469986
0.0015455950540958269
0.0
0.0017482517482517483
0.0
0.0
0.08193668528864059
0.0
0.15178571428571427
0.1301775147928994
