0.0002932551319648094
0.001819505094614265
0.0005055611729019212
0.0
0.0
0.0
0.0002552974214960429
0.0
-1.0
0.00025284450063211124
-1.0
0.0001949317738791423
0.0001949317738791423
0.00025627883136852895
0.0
0.006722024515618822
0.0
0.00028776978417266187
0.0
-1.0
0.0
0.000392156862745098
0.0
0.007179781734635267
0.0052782054101605455
0.00040096230954290296
0.000254323499491353
0.003577017661524704
0.0003671071953010279
0.0
0.00025627883136852895
0.000392156862745098
0.0063708260105448155
0.0
0.0
0.0002933411557641537
-1.0
0.0063708260105448155
0.00040225261464199515
0.0001949317738791423
0.0
0.00028776978417266187
0.0001949317738791423
0.0001949317738791423
0.0
0.0001949317738791423
0.0
0.0001949317738791423
0.009761811792268645
0.0
0.0002537427048972342
0.0
0.0
0.003575685339690107
-1.0
0.00019489378288832586
0.0
0.001999000499750125
-1.0
0.0
0.0
0.0002575328354365182
0.0
0.0
0.0001949317738791423
-1.0
0.007179781734635267
-1.0
-1.0
0.0
0.0
0.0001949317738791423
0.0
-1.0
1.0
0.0005055611729019212
-1.0
0.0
-1.0
0.0
0.0001949317738791423
0.00025290844714213456
0.0
0.00864100549882168
-1.0
0.0
0.0
0.0002933411557641537
0.0001949317738791423
0.0
0.00027570995312930797
0.00034674063800277393
0.0003819709702062643
-1.0
0.0001949317738791423
0.0
0.0001949317738791423
0.0
0.0
-1.0
0.005496921723834653
0.005427408412483039
0.000392156862745098
0.0
-1.0
0.0
0.0
0.0003671071953010279
-1.0
0.0
0.0
0.0035786177588906284
0.0
0.00025284450063211124
-1.0
0.0
0.0006031363088057901
0.00025284450063211124
0.0
0.0
0.00025412960609911054
0.005273566249176005
-1.0
0.0
-1.0
0.0
0.0
0.009577015163607342
0.0
-1.0
0.0
0.00019489378288832586
0.0
0.0003819709702062643
-1.0
1.0
0.0
0.0001949317738791423
1.0
1.0
0.0
0.00019489378288832586
-1.0
0.0
0.0
0.00034352456200618345
0.0
0.0001949317738791423
0.00025284450063211124
0.0
0.0
0.00025627883136852895
0.0
0.0001949317738791423
0.00019489378288832586
-1.0
0.0003448275862068965
0.0002542588354945334
0.0
0.0
0.0
0.00028776978417266187
-1.0
0.0
0.0001949317738791423
0.0
0.0001949317738791423
0.0
0.0
0.0
0.0
0.0001949317738791423
0.000254323499491353
-1.0
0.0
0.0
0.0
0.00019489378288832586
0.0
0.00040096230954290296
0.005273566249176005
0.005273566249176005
0.012697191227395151
0.00507311250373023
0.0001949317738791423
0.0
-1.0
0.0003698224852071006
0.00036603221083455345
0.00019489378288832586
0.0002543881963876876
0.00019489378288832586
0.0001949317738791423
0.0001949317738791423
-1.0
0.0015077271013946476
0.0
0.002
0.00028776978417266187
0.00025627883136852895
0.0
0.0
-1.0
0.0001949317738791423
-1.0
0.0
0.0001949317738791423
0.0
0.0
0.0
0.0003816793893129771
0.0
0.0
-1.0
0.0
0.0
0.0
0.0001949317738791423
0.0
0.0
0.0
0.0
0.0004045307443365696
0.0
0.0001949317738791423
0.0
0.0
0.007179781734635267
0.0
0.0003717472118959108
0.0
0.0001949317738791423
0.0004045307443365696
0.0
0.00025284450063211124
0.0001949317738791423
0.0
0.00025284450063211124
0.00025284450063211124
0.000547645125958379
0.0
0.0001949317738791423
0.0
0.00026602819898909286
0.0002543881963876876
0.0
0.0001949317738791423
0.0002591344908007256
-1.0
0.0
0.0
0.00035211267605633805
0.000392156862745098
0.0
0.0
0.00035211267605633805
0.00019489378288832586
0.0
0.0
