0.0
0.0
0.0
0.0
0.0
0.0
0.0007423904974016571
0.0
0.0
0.0
0.0
0.02083333333333337
0.0005878894767783471
0.0009099181073702889
0.0
0.04899135446685876
0.0
0.0
0.013513513513513487
0.017628205128205177
0.0031347962382445305
0.0
0.009111617312072884
0.0
0.0009514747859181716
0.0
0.0
0.0
0.0014705882352941124
0.018779342723004744
0.0
0.0
0.0
0.0007369196757552876
0.0
0.020547945205479423
0.0011560693641619046
0.0
0.010057471264367845
0.0
0.000505305709954551
0.0009496676163343043
0.0008298755186721962
0.003525264394829586
0.03858520900321538
0.0
0.04181184668989546
0.0
0.016574585635359074
0.0
0.01944894651539708
0.004424778761061954
0.00047505938242276
0.0006882312456985007
0.0
0.00047505938242276
0.0
0.00047505938242276
0.0008326394671107629
0.00047505938242276
0.0
0.022900763358778664
0.021312872975277064
0.0
0.03361344537815125
0.009009009009009028
0.05063291139240511
0.0006325110689436864
0.03488372093023251
0.013651877133105783
0.011716057891109632
0.025599999999999956
0.0007369196757552876
0.0
0.00047505938242276
0.00047505938242276
0.018900343642611728
0.020341741253051215
0.00047505938242276
0.0
0.0006863417982154729
0.0
0.0008568980291345785
0.0008539709649871829
0.012307692307692353
0.04181184668989546
0.0
0.0008673026886383273
0.042134831460674205
0.0008326394671107629
0.02585315408479838
0.000926784059314234
0.001175088131609825
0.030093734583127807
0.002666666666666706
0.0007390983000739038
0.0007369196757552876
0.0
0.0
0.024498886414253906
0.0
-1.0
0.04038772213247177
0.0004514672686229959
0.0
0.0
0.01944894651539708
0.0
0.007912957467853587
-1.0
0.043010752688172005
0.0
0.0
0.0007490636704119424
0.0075821398483572056
0.03967611336032384
0.020408163265306145
0.00047505938242276
0.0
0.0008326394671107629
0.004830917874396157
0.04472271914132375
0.0
0.0
0.0
0.0
0.0
0.0
0.00047505938242276
0.0052631578947368585
0.0
0.013683634373289566
0.0
0.00047505938242276
0.0
0.0005058168942843055
0.0007358351729213064
0.0
0.000505305709954551
0.011716057891109632
0.02409638554216864
0.0
0.0008190008190007703
0.007912957467853587
0.0008873114463177068
0.0
0.0009496676163343043
0.007155635062611854
0.0020161290322581182
0.0012970168612191912
0.02341137123745818
0.04181184668989546
0.0
0.0
0.007339449541284404
0.0
0.007005253940455369
0.0
0.020242914979757054
0.0011560693641619046
0.0008123476848090894
0.0011976047904191933
0.0006930006930007115
1.0
0.0
0.06557377049180324
0.013667425968109326
0.0
0.001175088131609825
0.03111858704793946
0.0
0.046242774566473965
0.0
0.020270270270270285
0.0
0.0
0.04244031830238726
0.0
0.0
0.0016583747927031434
0.0
0.020168067226890796
0.0011976047904191933
0.0
0.0
0.13422818791946312
0.013698630136986356
0.0008658008658009031
0.0008326394671107629
0.00047505938242276
0.020725388601036232
0.0005763688760807018
0.009433962264150941
0.028469750889679735
-1.0
0.0017953321364452268
0.0011806375442738881
0.0
0.005649717514124242
0.010958904109588996
0.0
0.016161616161616155
0.0007479431563200967
0.0011778563015312216
0.0
0.0024896265560165887
0.0
0.0
0.008403361344537785
0.011477761836441891
0.014297729184188368
0.01379310344827589
0.0
0.002624671916010457
0.0
0.0
0.0
0.0
0.0007241129616220032
0.00047505938242276
0.0016611295681062677
0.0
0.000892060660124927
0.0
0.08300395256916993
0.0
0.03797468354430378
0.0008326394671107629
0.0593311758360302
0.0007479431563200967
0.03588143525741028
0.0
0.0005865102639296405
0.007912957467853587
0.0
0.0011123470522803602
0.0
0.00047505938242276
0.0
0.0
0.0012674271229404788
0.0
0.08955223880597019
0.013303769401330379
0.0020161290322581182
0.021472392638036797
0.0005058168942843055
0.001280409731113985
0.0
0.0
0.0
0.0
0.02010050251256279
0.10473815461346636
0.0004962779156327812
0.0
0.043010752688172005
0.0
0.014899211218229569
0.002409638554216831
0.0008658008658009031
0.014625228519195566
0.0
0.0012180267965895553
0.0
0.0
0.0
0.01941747572815533
0.0
0.0
0.0
0.009708737864077666
0.0004962779156327812
0.0
0.012499999999999956
0.0
0.0
0.0008326394671107629
0.020689655172413834
0.001175088131609825
0.0
0.012903225806451646
0.0
-1.0
0.0
0.009345794392523366
0.021312872975277064
0.0005058168942843055
0.0
0.0008396305625524292
0.0008326394671107629
0.0
0.0008326394671107629
0.0027002700270026825
0.0008326394671107629
0.0014705882352941124
0.022716736207695876
0.0
0.0
0.0
0.0003557452863749422
0.04571428571428571
0.0
-1.0
0.0007524454477050302
0.0008340283569641116
0.014667817083692802
0.03452178834182229
0.0
0.00047505938242276
0.016597510373444035
0.0
0.01872659176029967
0.00047505938242276
0.03883495145631066
0.009237875288683584
0.000726216412490932
0.009009009009009028
0.0
0.0
0.051075268817204256
0.029615004935834133
0.008403361344537785
0.00121212121212122
0.0
0.04899135446685876
0.0
0.0019455252918287869
0.0
0.0
0.0
-1.0
0.013333333333333308
0.0
0.01038062283737029
0.0
0.0
0.0
0.00047505938242276
0.024024024024024038
0.01611374407582944
0.0
0.017505470459518557
0.0004962779156327812
0.03322259136212624
0.03488372093023251
0.0
0.0
0.0009000900090009312
0.00047505938242276
0.0
0.0
0.0
0.01866666666666672
0.02145922746781115
0.0010787486515642097
0.02083333333333337
0.012221423436376666
0.0
0.0
0.04597701149425293
0.0
0.00591715976331364
0.002207505518763808
0.0011778563015312216
-1.0
0.0
0.020270270270270285
0.0
0.013270882123341154
0.013628620102214661
0.0
0.0
0.02872628726287263
0.0017953321364452268
0.020242914979757054
0.00047505938242276
0.000693962526023606
0.0008340283569641116
0.021720243266724615
0.0005941770647652778
0.0
0.0
0.010973936899862813
0.021312872975277064
0.015337423312883458
0.0
-1.0
0.0
0.0008658008658009031
0.02003338898163609
0.018056749785038684
0.0009496676163343043
0.0008326394671107629
0.0008340283569641116
0.03409090909090906
0.0005099439061703182
0.0
0.015659955257270708
0.0
0.0004514672686229959
0.0
0.0
0.020275750202757514
0.029761904761904767
0.0
0.0
0.006596306068601621
0.0
0.0
0.006546644844517169
0.004830917874396157
0.036717062634989195
0.008372093023255811
0.0
0.00047505938242276
0.0
0.002557544757033292
0.005135730007336803
0.0009496676163343043
0.0005130836326321386
0.0
0.0
0.0007037297677692234
0.0007513148009016257
0.0
0.038123167155425186
0.004248088360237934
0.005076142131979711
0.0
0.0
0.0007241129616220032
0.01432181971356361
0.008498583569405138
0.007659574468085073
0.031217481789802326
0.0
0.016227180527383367
0.026905829596412523
0.0020161290322581182
0.0052631578947368585
0.0
0.0012180267965895553
0.0
0.03749999999999998
0.05280528052805278
0.0011947431302270495
0.011929824561403457
0.0008326394671107629
0.0
0.0
0.025899280575539585
0.0050675675675675436
0.008884501480750262
0.008902077151335286
0.0
0.0
0.0
0.0
0.0005058168942843055
0.0008984725965858198
0.0025188916876573986
0.0
0.0009496676163343043
0.03429355281207136
0.00047505938242276
0.002020202020202033
0.0
0.020408163265306145
0.0007479431563200967
0.000726216412490932
0.0
0.0016638935108153063
-1.0
0.02488335925349927
0.0
0.0
0.10018903591682415
0.004640371229698403
0.037245256500351376
0.016551724137931045
0.0024449877750610804
0.0009587727708533222
0.0011587485515642815
0.0
0.001175088131609825
0.0
0.001941747572815511
0.0
0.0
0.010126582278481067
0.0
0.002457002457002422
0.020905923344947785
0.0008326394671107629
0.07749077490774903
0.0
0.0
0.0
0.0011778563015312216
0.0
0.00047505938242276
0.0
0.005076142131979711
0.01909854851031323
0.0
0.019174041297935096
0.0
0.0
0.016460905349794275
0.046242774566473965
0.0
0.0
0.020618556701030966
0.0067924528301887
0.0067924528301887
0.0
0.0
0.0
0.0
0.0011534025374856371
0.0
0.006546644844517169
0.00047505938242276
0.0007535795026375469
0.020583190394511175
0.0010672358591248265
0.07497565725413824
0.0
0.0
0.01727712508638568
0.0
0.0
0.0
0.008403361344537785
0.0
0.021140294682895577
0.00047505938242276
0.0
0.016702977487291215
0.02095557418273264
0.0
0.0080971659919028
0.0005737234652897216
0.013303769401330379
0.0
0.00047505938242276
0.018909899888765347
0.031217481789802326
0.0008326394671107629
0.0011560693641619046
0.0010172939979654627
0.0
0.0
0.001175088131609825
0.07612456747404839
0.0
0.0009891196834816984
0.0
0.04181184668989546
0.024844720496894457
0.0
0.021240441801189447
0.026431718061673992
0.0
0.0
0.0
0.0
0.0
0.0
0.0
0.027295285359801524
0.040477770404777735
0.02033898305084747
0.0011778563015312216
0.013445378151260456
0.0
0.007843137254901933
0.042671614100185495
1.0
0.022831050228310557
0.004020100502512558
0.0008298755186721962
0.0
-1.0
0.01151079136690647
0.0009514747859181716
0.001029866117404743
0.0
0.0
0.0008326394671107629
0.08300395256916993
0.0011778563015312216
0.0
0.0
0.000726216412490932
0.0011778563015312216
0.0008298755186721962
0.0029985007496251548
0.00047505938242276
0.0
0.030105777054515892
0.0
0.0
0.04210526315789476
0.0
0.006993006993006978
0.046242774566473965
0.0
0.03172126885075399
0.0008097165991902688
0.0009496676163343043
0.01944894651539708
0.000505305709954551
0.0115254237288136
0.05882352941176472
0.0
0.0012391573729864103
0.0
0.0
0.020905923344947785
0.0008326394671107629
0.014598540145985384
0.001941747572815511
0.0
0.0
0.0007524454477050302
0.0008952551477170445
0.010025062656641603
1.0
0.0016207455429497752
0.0008340283569641116
0.0
0.0017889087656529634
0.001175088131609825
0.00047505938242276
0.000726216412490932
0.000505305709954551
0.0008326394671107629
0.016641452344931973
0.0012180267965895553
0.0011806375442738881
0.0008326394671107629
0.0
0.013138686131386912
0.0009514747859181716
0.14432989690721654
0.0
0.0017985611510791255
0.0017985611510791255
0.0007535795026375469
0.0009496676163343043
0.017467248908296984
0.00073260073260073
0.002123142250530785
0.0
0.08300395256916993
0.0
0.0
0.0
0.034055727554179516
0.001280409731113985
0.0
0.0052631578947368585
0.03967611336032384
0.0
0.0
0.009049773755656076
0.02622950819672132
0.0
0.0
0.0007513148009016257
0.00047505938242276
0.0008326394671107629
0.0009496676163343043
0.0005878894767783471
0.0
0.0030150753768843908
0.0
0.008071748878923812
0.0008658008658009031
0.029268292682926855
0.0
0.0009496676163343043
0.0
0.001175088131609825
0.0027752081406104967
0.00047505938242276
0.0
0.000693962526023606
0.004849660523763344
0.02226345083487946
0.00646203554119551
0.00047505938242276
0.0004948045522018552
