0.0002932551319647647
0.00181950509461426
0.0005055611729019027
0.0
0.0
0.0
0.00025529742149599244
0.0
-1.0
0.00025284450063212116
-1.0
0.00019493177387919225
0.00019493177387919225
0.00025627883136858376
0.0
0.006722024515618874
0.0
0.0002877697841726645
0.0
-1.0
0.0
0.00039215686274507444
0.0
0.007179781734635293
0.0052782054101605524
0.000400962309542896
0.00025432349949139343
0.0035770176615247395
0.00036710719530097524
0.0
0.00025627883136858376
0.00039215686274507444
0.006370826010544839
0.0
0.0
0.00029334115576418185
-1.0
0.006370826010544839
0.0004022526146419958
0.00019493177387919225
0.0
0.0002877697841726645
0.00019493177387919225
0.00019493177387919225
0.0
0.00019493177387919225
0.0
0.00019493177387919225
0.009761811792268649
0.0
0.0002537427048971974
0.0
0.0
0.0035756853396901045
-1.0
0.00019489378288828352
0.0
0.001999000499750103
-1.0
0.0
0.0
0.0002575328354365025
0.0
0.0
0.00019493177387919225
-1.0
0.007179781734635293
-1.0
-1.0
0.0
0.0
0.00019493177387919225
0.0
-1.0
1.0
0.0005055611729019027
-1.0
0.0
-1.0
0.0
0.00019493177387919225
0.00025290844714209726
0.0
0.00864100549882163
-1.0
0.0
0.0
0.00029334115576418185
0.00019493177387919225
0.0
0.00027570995312931057
0.00034674063800277377
0.00038197097020631343
-1.0
0.00019493177387919225
0.0
0.00019493177387919225
0.0
0.0
-1.0
0.005496921723834647
0.005427408412483015
0.00039215686274507444
0.0
-1.0
0.0
0.0
0.00036710719530097524
-1.0
0.0
0.0
0.0035786177588906787
0.0
0.00025284450063212116
-1.0
0.0
0.0006031363088058184
0.00025284450063212116
0.0
0.0
0.0002541296060991627
0.005273566249175965
-1.0
0.0
-1.0
0.0
0.0
0.009577015163607316
0.0
-1.0
0.0
0.00019489378288828352
0.0
0.00038197097020631343
-1.0
1.0
0.0
0.00019493177387919225
1.0
-1.0
0.0
0.00019489378288828352
-1.0
0.0
0.0
0.0003435245620061478
0.0
0.00019493177387919225
0.00025284450063212116
0.0
0.0
0.00025627883136858376
0.0
0.00019493177387919225
0.00019489378288828352
-1.0
0.00034482758620690834
0.0002542588354945696
0.0
0.0
0.0
0.0002877697841726645
-1.0
0.0
0.00019493177387919225
0.0
0.00019493177387919225
0.0
0.0
0.0
0.0
0.00019493177387919225
0.00025432349949139343
-1.0
0.0
0.0
0.0
0.00019489378288828352
0.0
0.000400962309542896
0.005273566249175965
0.005273566249175965
0.0126971912273951
0.005073112503730215
0.00019493177387919225
0.0
-1.0
0.00036982248520711636
0.00036603221083453263
0.00019489378288828352
0.0002543881963876782
0.00019489378288828352
0.00019493177387919225
0.00019493177387919225
-1.0
0.0015077271013946847
0.0
0.0020000000000000018
0.0002877697841726645
0.00025627883136858376
0.0
0.0
-1.0
0.00019493177387919225
-1.0
0.0
0.00019493177387919225
0.0
0.0
0.0
0.0003816793893129944
0.0
0.0
-1.0
0.0
0.0
0.0
0.00019493177387919225
0.0
0.0
0.0
0.0
0.0004045307443365509
0.0
0.00019493177387919225
0.0
0.0
0.007179781734635293
0.0
0.0003717472118959231
0.0
0.00019493177387919225
0.0004045307443365509
0.0
0.00025284450063212116
0.00019493177387919225
0.0
0.00025284450063212116
0.00025284450063212116
0.0005476451259583959
0.0
0.00019493177387919225
0.0
0.0002660281989891322
0.0002543881963876782
0.0
0.00019493177387919225
0.0002591344908007276
-1.0
0.0
0.0
0.00035211267605639307
-1.0
0.0
0.0
0.00035211267605639307
0.00019489378288828352
0.0
0.0
