0.0
0.0
0.0
0.0
0.011049723756906049
0.0
0.020740740740740726
0.0
0.0
0.0
0.0
0.020958083832335328
0.014925373134328401
0.0
0.007843137254901933
0.008385744234800874
0.0080971659919028
0.0
0.0
0.02371541501976282
0.0
0.0
0.014598540145985384
0.0
0.0
0.0
0.0
0.0
0.0
0.0
0.0
0.0
0.0
0.03374578177727783
0.017467248908296984
0.0
0.018018018018018056
0.0
0.0
0.0061823802163832875
0.027855153203342642
0.0
0.0
0.0
0.0
0.0
0.0019920318725099584
0.03200000000000003
0.0
0.0
0.0
0.0
0.0
0.0
0.0
0.020958083832335328
0.0
0.0
0.031205673758865293
0.0
0.0
0.017341040462427793
0.02315484804630974
0.014947683109118093
0.029615004935834133
0.0
0.0
0.020958083832335328
0.058252427184465994
0.0
0.0
0.0
0.0
0.05063291139240511
0.0
0.012012012012011963
0.0
0.055118110236220486
0.0
0.0
0.0
0.0
0.0
0.07246376811594202
0.0
0.0
0.0
0.0
0.0
0.0
0.0
0.0
0.014947683109118093
0.0
0.058252427184465994
0.02608695652173909
0.03181818181818186
0.0
0.020958083832335328
0.0044296788482834915
0.0
0.0
0.0
0.0
0.0
0.029615004935834133
0.0
0.0
0.0
0.0
0.015665796344647487
0.05536332179930792
0.0
0.0
0.10526315789473684
0.012903225806451646
0.0
0.0019230769230769162
0.0
0.0
0.007912957467853587
0.0
0.0
0.008230452674897082
0.0
0.0
0.0
0.0
0.0
0.0
0.002293577981651418
0.0
0.0
0.020958083832335328
0.04395604395604391
0.0
0.020679468242245203
0.0
0.020958083832335328
0.012012012012011963
0.0
0.0
0.0044296788482834915
0.0
0.0
0.0
0.019920318725099584
0.0
0.0
0.007912957467853587
0.015564202334630295
0.007912957467853587
0.0
0.0
0.006420545746388395
0.0
0.0
0.0
0.0
0.0
0.18461538461538463
0.0
0.007448789571694592
0.0
0.0
0.0
0.014925373134328401
0.0
0.020926756352765308
0.0
0.006420545746388395
0.0
0.0
0.0
0.0
0.0
0.0
0.0
0.0
0.020958083832335328
0.0
0.0
0.0
0.0
0.0
0.01295896328293733
0.0
0.13422818791946312
0.012944983818770184
0.014925373134328401
0.0
0.0
0.0
0.011019283746556474
0.018018018018018056
0.0
0.0
0.0
0.039867109634551534
0.0
0.0
0.0
0.0
0.012012012012011963
0.0
0.0
0.007889546351084853
0.08300395256916993
0.0
0.0061823802163832875
0.020588235294117685
0.0
0.0
0.014947683109118093
0.014302741358760418
0.0
0.0
0.0
0.0
0.0
0.004744958481613271
0.0
0.0
0.0
0.013071895424836555
0.009787928221859699
0.0
0.006420545746388395
0.0
0.01388888888888884
0.0061823802163832875
0.0
0.0
0.0
0.0
0.0
0.006420545746388395
0.0
0.0
0.0
0.0
0.02244039270687237
0.0
0.028230184581976125
0.0
0.0
0.0
0.006349206349206327
0.0
0.0
0.0
0.0
0.0
0.0
0.0
0.0022371364653244186
0.0176730486008837
0.0
0.0
0.0
0.0
0.0
0.0
0.014925373134328401
0.014302741358760418
0.0
0.0
0.0
0.013437849944008984
0.0
0.0
0.018000000000000016
0.0
0.0
0.0
0.020958083832335328
0.0
0.036717062634989195
0.01941747572815533
0.0
0.008714596949891074
0.0
0.0
0.0
0.014947683109118093
0.0
0.020958083832335328
0.0
0.0
0.18461538461538463
0.06578947368421051
0.0
0.0
0.025104602510460206
0.0
0.03516483516483515
0.0
0.0
0.0
0.018018018018018056
0.0
0.0
0.0
0.03116883116883118
0.0
0.04095563139931746
0.0
0.0
0.0
0.0
0.029615004935834133
0.0
0.0
0.013303769401330379
0.029579067121729197
0.0
0.0
0.014925373134328401
0.016877637130801704
0.0
0.0
0.0
0.023076923076923106
0.0
0.016597510373444035
0.0
0.0
0.0
0.0
0.0
0.0
0.0
0.0
0.0
0.0
0.014925373134328401
0.0
0.07706422018348624
0.0
0.015686274509803977
0.0
0.07441860465116279
0.020592020592020588
0.029615004935834133
0.0
0.0
0.0
0.0023980815347721673
0.020958083832335328
0.0
0.02819956616052066
0.012012012012011963
0.0
0.0022321428571429047
0.0
0.0
0.0
0.02315484804630974
0.005076142131979711
0.06995884773662553
0.0
0.0
0.0
0.0
0.0
0.0
0.0
0.009345794392523366
0.0
0.0010111223458038054
0.0
0.0
0.0
0.0
0.0
0.0
0.0
0.018018018018018056
0.0
0.0
0.0
0.0
0.0
0.0
0.0
0.0
0.0
0.0
0.0
0.0
0.0
0.03361344537815125
0.0
0.0
0.010385756676557834
0.005979073243647215
0.0
0.0
0.0
0.014925373134328401
0.0
0.0
0.0
0.0
0.0
0.0
0.010443864229765065
0.0
0.005747126436781658
0.0
0.029615004935834133
0.0
0.0
0.0
0.0
0.0
0.050420168067226934
0.0
0.0
0.0
0.0
0.0
0.0
0.0
0.0
0.0
0.0
0.00959232613908878
0.0
0.014947683109118093
0.01200000000000001
0.028056112224448926
0.0
0.0061823802163832875
0.0
0.0
0.0
0.0
0.0
0.0
0.0
0.029717682020802383
0.0
0.007912957467853587
0.0
0.0
0.0
0.0
0.0
0.0
0.0
0.0
0.0
0.0025188916876573986
0.0
0.046875
0.015852047556142668
0.0
0.0
0.0
0.0
0.0
0.0
0.0
0.0
0.0
0.0
0.012030075187969946
0.016238159675236785
0.0
0.0
0.014732965009208066
0.02657807308970095
0.0
0.0
0.020588235294117685
0.0
0.0
0.0
0.0
0.0
0.0022371364653244186
0.0
0.0
0.0
0.03164556962025311
0.0061823802163832875
0.006420545746388395
0.0
0.0
0.0
0.0
0.02228412256267409
0.008196721311475419
0.0
0.0
0.0
0.01941747572815533
0.0
0.0
0.0
0.04629629629629628
0.03489932885906044
0.01680672268907568
0.0
0.0
0.0
0.0
0.01671309192200554
0.0
0.022556390977443663
0.0
0.035523978685612745
0.01777777777777778
0.0
0.0
0.0
0.0
0.027833001988071593
0.0
0.0
0.0
0.0
0.0
0.0
0.038461538461538436
0.0
0.0
0.02911208151382827
0.0
0.0
0.0
0.0
0.004223864836325197
0.0
0.0
0.0
0.0
0.0
0.07407407407407407
0.0
0.0
0.0010111223458038054
0.0
0.0
0.0
0.0018587360594795044
0.0
0.012486992715920908
0.0009496676163343043
0.0
0.0
0.0
0.0
0.0
0.08300395256916993
0.0
0.0
0.0
0.0
0.0
0.0
0.0
0.0
0.0
0.0
0.0
0.020958083832335328
0.0
0.0
0.0
0.0
0.0
0.0
0.0
0.0
0.0
0.0
0.0
0.0
0.0
0.0
0.0
0.0
0.0
0.0
0.020958083832335328
0.0
0.0
0.052980132450331174
0.0
0.06491499227202469
0.0
0.0
0.0
0.0
0.004020100502512558
0.0
0.0
0.0
0.0
0.0
0.006420545746388395
0.0
0.0
0.006420545746388395
0.014970059880239472
0.0
0.0
0.0
0.0
0.0
0.0
0.0
0.0
0.0
0.0
0.01777777777777778
0.0
0.0
0.0
0.03809523809523807
0.036717062634989195
0.0
0.0
0.0
0.0
0.02819956616052066
0.0
0.0
0.0
0.0
0.006745362563237767
0.0
0.0
0.0
0.0
0.0
0.09885931558935357
0.0
0.0
0.015037593984962405
0.0013774104683195176
0.014925373134328401
0.009512485136741966
0.0
0.0
0.010695187165775444
0.03347280334728031
0.0
0.0
0.0
0.0
0.020958083832335328
0.030501089324618702
0.008247422680412342
0.0
0.0
0.008080808080808133
0.0
0.01602564102564108
0.0
0.02315484804630974
0.0
0.0
0.004424778761061954
0.0
0.020895522388059695
0.005997001499250421
0.0
0.0
0.008247422680412342
0.0
0.0
0.0
0.020958083832335328
0.02051282051282055
0.005076142131979711
0.029615004935834133
0.0
0.0
0.0
0.018018018018018056
0.0
0.0
0.0
0.010810810810810811
0.0
0.019093078758949833
0.0
0.0
0.0
0.0
0.012195121951219523
0.0
0.0
0.0
0.006420545746388395
0.0
0.0
0.020926756352765308
0.0
0.0
0.0
0.0
0.0
0.042718446601941795
0.0
0.08212560386473433
0.069620253164557
