0.0
0.0
0.0
0.0
0.0
0.0
0.0
0.0
0.0
0.0
0.0
0.02083333333333337
0.0
0.0
0.0
0.046242774566473965
0.0
0.0
0.013513513513513487
0.0160513643659711
0.0
0.0
0.009111617312072884
0.0
0.0
0.0
0.0
0.0
0.0
0.018779342723004744
0.0
0.0
0.0
0.0
0.0
0.01830663615560646
0.0
0.0
0.008633093525179825
0.0
0.0
0.0
0.0
0.0023529411764705577
0.03858520900321538
0.0
0.04181184668989546
0.0
0.016574585635359074
0.0
0.01944894651539708
0.004424778761061954
0.0
0.0
0.0
0.0
0.0
0.0
0.0
0.0
0.0
0.022071307300509324
0.020477815699658675
0.0
0.03361344537815125
0.009009009009009028
0.05063291139240511
0.0
0.03488372093023251
0.013651877133105783
0.011034482758620734
0.025599999999999956
0.0
0.0
0.0
0.0
0.01721170395869187
0.019543973941368087
0.0
0.0
0.0
0.0
0.0
0.0
0.012307692307692353
0.04181184668989546
0.0
0.0
0.042134831460674205
0.0
0.024844720496894457
0.0
0.0
0.029615004935834133
0.0
0.0
0.0
0.0
0.0
0.024498886414253906
0.0
-1.0
0.03883495145631066
0.0
0.0
0.0
0.01944894651539708
0.0
0.007912957467853587
-1.0
0.043010752688172005
0.0
0.0
0.0
0.006745362563237767
0.03889789303079416
0.019607843137254943
0.0
0.0
0.0
0.004830917874396157
0.043010752688172005
0.0
0.0
0.0
0.0
0.0
0.0
0.0
0.0052631578947368585
0.0
0.013143483023001057
0.0
0.0
0.0
0.0
0.0
0.0
0.0
0.011034482758620734
0.02409638554216864
0.0
0.0
0.007912957467853587
0.0
0.0
0.0
0.007155635062611854
0.0
0.0
0.021775544388609736
0.04181184668989546
0.0
0.0
0.007339449541284404
0.0
0.007005253940455369
0.0
0.01944894651539708
0.0
0.0
0.0
0.0
1.0
0.0
0.06557377049180324
0.013667425968109326
0.0
0.0
0.030303030303030276
0.0
0.046242774566473965
0.0
0.020270270270270285
0.0
0.0
0.04244031830238726
0.0
0.0
0.0
0.0
0.020168067226890796
0.0
0.0
0.0
0.13422818791946312
0.013157894736842146
0.0
0.0
0.0
0.020725388601036232
0.0
0.009433962264150941
0.028469750889679735
-1.0
0.0
0.0
0.0
0.0
0.010958904109588996
0.0
0.016161616161616155
0.0
0.0
0.0
0.0
0.0
0.0
0.007912957467853587
0.008633093525179825
0.013468013468013518
0.01379310344827589
0.0
0.0017513134851138146
0.0
0.0
0.0
0.0
0.0
0.0
0.0
0.0
0.0
0.0
0.08300395256916993
0.0
0.03797468354430378
0.0
0.05627705627705626
0.0
0.03588143525741028
0.0
0.0
0.007912957467853587
0.0
0.0
0.0
0.0
0.0
0.0
0.0
0.0
0.08955223880597019
0.013303769401330379
0.0
0.021472392638036797
0.0
0.0
0.0
0.0
0.0
0.0
0.02010050251256279
0.10473815461346636
0.0
0.0
0.043010752688172005
0.0
0.01403508771929829
0.0
0.0
0.014625228519195566
0.0
0.0
0.0
0.0
0.0
0.01941747572815533
0.0
0.0
0.0
0.009708737864077666
0.0
0.0
0.012499999999999956
0.0
0.0
0.0
0.020689655172413834
0.0
0.0
0.012903225806451646
0.0
-1.0
0.0
0.009345794392523366
0.020477815699658675
0.0
0.0
0.0
0.0
0.0
0.0
0.0018018018018017834
0.0
0.0
0.02226345083487946
0.0
0.0
0.0
0.0
0.04571428571428571
0.0
-1.0
0.0
0.0
0.013816925734024155
0.033975084937712396
0.0
0.0
0.016597510373444035
0.0
0.01799100449775115
0.0
0.03883495145631066
0.009237875288683584
0.0
0.009009009009009028
0.0
0.0
0.051075268817204256
0.029615004935834133
0.007912957467853587
0.0
0.0
0.046242774566473965
0.0
0.0
0.0
0.0
0.0
-1.0
0.013333333333333308
0.0
0.009237875288683584
0.0
0.0
0.0
0.0
0.024024024024024038
0.015180265654648917
0.0
0.017505470459518557
0.0
0.03322259136212624
0.03488372093023251
0.0
0.0
0.0
0.0
0.0
0.0
0.0
0.016042780748663055
0.020618556701030966
0.0
0.02083333333333337
0.01151079136690647
0.0
0.0
0.04597701149425293
0.0
0.00591715976331364
0.0
0.0
-1.0
0.0
0.020270270270270285
0.0
0.012499999999999956
0.013628620102214661
0.0
0.0
0.02819956616052066
0.0
0.01944894651539708
0.0
0.0
0.0
0.02086956521739125
0.0
0.0
0.0
0.010973936899862813
0.020477815699658675
0.015337423312883458
0.0
-1.0
0.0
0.0
0.02003338898163609
0.01721170395869187
0.0
0.0
0.0
0.03409090909090906
0.0
0.0
0.014925373134328401
0.0
0.0
0.0
0.0
0.01948051948051943
0.029761904761904767
0.0
0.0
0.005284015852047519
0.0
0.0
0.006546644844517169
0.004830917874396157
0.036717062634989195
0.007448789571694592
0.0
0.0
0.0
0.0
0.004405286343612369
0.0
0.0
0.0
0.0
0.0
0.0
0.0
0.03529411764705881
0.0017035775127768327
0.005076142131979711
0.0
0.0
0.0
0.013490725126475533
0.007561436672967825
0.006814310051107331
0.031217481789802326
0.0
0.016227180527383367
0.026905829596412523
0.0
0.0052631578947368585
0.0
0.0
0.0
0.03749999999999998
0.05280528052805278
0.0
0.011235955056179803
0.0
0.0
0.0
0.025899280575539585
0.0033840947546531774
0.007905138339920903
0.007920792079207928
0.0
0.0
0.0
0.0
0.0
0.0
0.0025188916876573986
0.0
0.0009496676163343043
0.03296703296703296
0.0
0.002020202020202033
0.0
0.020408163265306145
0.0
0.0
0.0
0.0
-1.0
0.02488335925349927
0.0
0.0
0.09848484848484851
0.004640371229698403
0.03656821378340369
0.016551724137931045
0.0
0.0
0.0
0.0
0.0
0.0
0.0
0.0
0.0
0.010126582278481067
0.0
0.0016393442622950616
0.020905923344947785
0.0
0.07749077490774903
0.0
0.0
0.0
0.0
0.0
0.0
0.0
0.005076142131979711
0.01834862385321101
0.0
0.0029985007496251548
0.0
0.0
0.016460905349794275
0.046242774566473965
0.0
0.0
0.020618556701030966
0.0060422960725075026
0.0060422960725075026
0.0
0.0
0.0
0.0
0.0
0.0
0.006546644844517169
0.0
0.0
0.020583190394511175
0.0
0.07407407407407407
0.0
0.0
0.016597510373444035
0.0
0.0
0.0
0.007912957467853587
0.0
0.02051282051282055
0.0
0.0
0.015988372093023284
0.020134228187919434
0.0
0.0080971659919028
0.0
0.013303769401330379
0.0
0.0
0.017817371937639215
0.031217481789802326
0.0
0.0
0.0
0.0
0.0
0.0
0.06968641114982577
0.0
0.0009891196834816984
0.0
0.04181184668989546
0.024844720496894457
0.0
0.020408163265306145
0.026431718061673992
0.0
0.0
0.0
0.0
0.0
0.0
0.0
0.026490066225165587
0.03984063745019917
0.02033898305084747
0.0
0.013445378151260456
0.0
0.007843137254901933
0.040892193308550207
1.0
0.021937842778793404
0.004020100502512558
0.0
0.0
-1.0
0.01151079136690647
0.0
0.0
0.0
0.0
0.0
0.08300395256916993
0.0
0.0
0.0
0.0
0.0
0.0
0.0029985007496251548
0.0
0.0
0.02931596091205213
0.0
0.0
0.04210526315789476
0.0
0.0062208398133748455
0.046242774566473965
0.0
0.031217481789802326
0.0
0.0
0.01944894651539708
0.0
0.01085481682496603
0.055118110236220486
0.0
0.0
0.0
0.0
0.020905923344947785
0.0
0.014598540145985384
0.0
0.0
0.0
0.0
0.0
0.010025062656641603
1.0
0.0
0.0
0.0
0.0
0.0
0.0
0.0
0.0
0.0
0.015151515151515138
0.0
0.0
0.0
0.0
0.00588235294117645
0.0
0.14432989690721654
0.0
0.0
0.0
0.0
0.0
0.017467248908296984
0.0
0.0
0.0
0.08300395256916993
0.0
0.0
0.0
0.03305785123966942
0.0
0.0
0.0052631578947368585
0.03889789303079416
0.0
0.0
0.009049773755656076
0.02622950819672132
0.0
0.0
0.0
0.0
0.0
0.0
0.0
0.0
0.0
0.0
0.007181328545781018
0.0
0.029268292682926855
0.0
0.0
0.0
0.0
0.0
0.0
0.0
0.0
0.0019455252918287869
0.02226345083487946
0.00646203554119551
0.0
0.0
