0.0
0.0
0.0
0.0
0.0
0.0
0.0014836795252225476
0.0
0.0
0.0
0.0
0.04081632653061229
0.001175088131609825
0.0018181818181818299
0.0
0.09340659340659341
0.0
0.0
0.026666666666666616
0.03464566929133861
0.006249999999999978
0.0
0.018058690744920947
0.0
0.0019011406844106071
0.0
0.0
0.0
0.002936857562408246
0.03686635944700456
0.0
0.0
0.0
0.0014727540500736325
0.0
0.04026845637583898
0.002309468822170868
0.0
0.019914651493598834
0.0
0.0010101010101010166
0.00189753320683117
0.0016583747927031434
0.007025761124121788
0.07430340557275539
0.0
0.08026755852842804
0.0
0.03260869565217395
0.0
0.038155802861685184
0.008810572687224627
0.0009496676163343043
0.0013755158184318717
0.0
0.0009496676163343043
0.0
0.0009496676163343043
0.0016638935108153063
0.0009496676163343043
0.0
0.04477611940298509
0.04173622704507518
0.0
0.06504065040650409
0.017857142857142905
0.09638554216867468
0.0012642225031606058
0.0674157303370787
0.026936026936026924
0.023160762942779245
0.0499219968798752
0.0014727540500736325
0.0
0.0009496676163343043
0.0009496676163343043
0.03709949409780777
0.03987240829346095
0.0009496676163343043
0.0
0.00137174211248281
0.0
0.001712328767123239
0.0017064846416382506
0.024316109422492405
0.08026755852842804
0.0
0.0017331022530329143
0.08086253369272234
0.0016638935108153063
0.050403225806451624
0.0018518518518518823
0.0023474178403756207
0.05842911877394641
0.005319148936170248
0.001477104874446078
0.0014727540500736325
0.0
0.0
0.047826086956521685
0.0
-1.0
0.07763975155279501
0.0009025270758122872
0.0
0.0
0.038155802861685184
0.0
0.015701668302257166
-1.0
0.08247422680412375
0.0
0.0
0.0014970059880239361
0.015050167224080258
0.07632398753894076
0.040000000000000036
0.0009496676163343043
0.0
0.0016638935108153063
0.009615384615384581
0.08561643835616439
0.0
0.0
0.0
0.0
0.0
0.0
0.0009496676163343043
0.010471204188481686
0.0
0.02699784017278617
0.0
0.0009496676163343043
0.0
0.0010111223458038054
0.0014705882352941124
0.0
0.0010101010101010166
0.023160762942779245
0.04705882352941182
0.0
0.0016366612111292644
0.015701668302257166
0.0017730496453900457
0.0
0.00189753320683117
0.014209591474245165
0.004024144869215318
0.002590673575129543
0.04575163398692805
0.08026755852842804
0.0
0.0
0.014571948998178486
0.0
0.013913043478260834
0.0
0.03968253968253965
0.002309468822170868
0.0016233766233766378
0.0023923444976076125
0.0013850415512465242
1.0
0.0
0.12307692307692308
0.026966292134831482
0.0
0.0023474178403756207
0.06035889070146816
0.0
0.08839779005524862
0.0
0.039735099337748325
0.0
0.0
0.0814249363867684
0.0
0.0
0.0033112582781457123
0.0
0.03953871499176276
0.0023923444976076125
0.0
0.0
0.23668639053254437
0.027027027027026973
0.0017301038062284002
0.0016638935108153063
0.0009496676163343043
0.040609137055837574
0.0011520737327188613
0.01869158878504673
0.05536332179930792
-1.0
0.0035842293906810374
0.002358490566037763
0.0
0.011235955056179803
0.02168021680216803
0.0
0.031809145129224614
0.001494768310911776
0.0023529411764705577
0.0
0.004966887417218513
0.0
0.0
0.01666666666666672
0.02269503546099294
0.028192371475953548
0.027210884353741527
0.0
0.005235602094240788
0.0
0.0
0.0
0.0
0.0014471780028944004
0.0009496676163343043
0.0033167495854062867
0.0
0.0017825311942959443
0.0
0.15328467153284675
0.0
0.07317073170731703
0.0016638935108153063
0.1120162932790224
0.001494768310911776
0.06927710843373491
0.0
0.0011723329425556983
0.015701668302257166
0.0
0.0022222222222222365
0.0
0.0009496676163343043
0.0
0.0
0.0025316455696202667
0.0
0.1643835616438356
0.026258205689277947
0.004024144869215318
0.042042042042042094
0.0010111223458038054
0.002557544757033292
0.0
0.0
0.0
0.0
0.039408866995073843
0.18961625282167038
0.0009920634920634885
0.0
0.08247422680412375
0.0
0.029360967184801412
0.004807692307692291
0.0017301038062284002
0.028828828828828867
0.0
0.0024330900243308973
0.0
0.0
0.0
0.03809523809523807
0.0
0.0
0.0
0.019230769230769273
0.0009920634920634885
0.0
0.024691358024691357
0.0
0.0
0.0016638935108153063
0.04054054054054057
0.0023474178403756207
0.0
0.02547770700636942
0.0
-1.0
0.0
0.01851851851851849
0.04173622704507518
0.0010111223458038054
0.0
0.001677852348993314
0.0016638935108153063
0.0
0.0016638935108153063
0.0053859964093356805
0.0016638935108153063
0.002936857562408246
0.04442429737080689
0.0
0.0
0.0
0.0007112375533427917
0.08743169398907102
0.0
-1.0
0.0015037593984962294
0.0016666666666667052
0.028911564625850317
0.06673960612691465
0.0
0.0009496676163343043
0.03265306122448974
0.0
0.03676470588235292
0.0009496676163343043
0.07476635514018692
0.01830663615560646
0.0014513788098693414
0.017857142857142905
0.0
0.0
0.09718670076726343
0.057526366251198446
0.01666666666666672
0.002421307506053294
0.0
0.09340659340659341
0.0
0.003883495145631022
0.0
0.0
0.0
-1.0
0.02631578947368418
0.0
0.020547945205479423
0.0
0.0
0.0
0.0009496676163343043
0.04692082111436946
0.03171641791044777
0.0
0.03440860215053765
0.0009920634920634885
0.06430868167202575
0.0674157303370787
0.0
0.0
0.0017985611510791255
0.0009496676163343043
0.0
0.0
0.0
0.03664921465968585
0.04201680672268904
0.0021551724137931494
0.04081632653061229
0.024147727272727293
0.0
0.0
0.08791208791208793
0.0
0.0117647058823529
0.004405286343612369
0.0023529411764705577
-1.0
0.0
0.039735099337748325
0.0
0.026194144838212585
0.026890756302521024
0.0
0.0
0.05584826132771337
0.0035842293906810374
0.03968253968253965
0.0009496676163343043
0.001386962552011095
0.0016666666666667052
0.04251700680272108
0.001187648456057011
0.0
0.0
0.02170963364993217
0.04173622704507518
0.030211480362537735
0.0
-1.0
0.0
0.0017301038062284002
0.039279869067103124
0.03547297297297303
0.00189753320683117
0.0016638935108153063
0.0016666666666667052
0.06593406593406592
0.0010193679918450993
0.0
0.03083700440528636
0.0
0.0009025270758122872
0.0
0.0
0.03974562798092207
0.05780346820809246
0.0
0.0
0.013106159895150737
0.0
0.0
0.013008130081300862
0.009615384615384581
0.0708333333333333
0.016605166051660514
0.0
0.0009496676163343043
0.0
0.005102040816326481
0.010218978102189746
0.00189753320683117
0.0010256410256410664
0.0
0.0
0.0014064697609000865
0.0015015015015015232
0.0
0.07344632768361581
0.008460236886632777
0.010101010101010055
0.0
0.0
0.0014471780028944004
0.028239202657807327
0.016853932584269704
0.015202702702702742
0.06054490413723512
0.0
0.031936127744510934
0.05240174672489084
0.004024144869215318
0.010471204188481686
0.0
0.0024330900243308973
0.0
0.07228915662650603
0.10031347962382442
0.0023866348448687846
0.023578363384188616
0.0016638935108153063
0.0
0.0
0.05049088359046283
0.010084033613445342
0.017612524461839585
0.01764705882352946
0.0
0.0
0.0
0.0
0.0010111223458038054
0.0017953321364452268
0.005025125628140725
0.0
0.00189753320683117
0.06631299734748008
0.0009496676163343043
0.0040322580645161255
0.0
0.040000000000000036
0.001494768310911776
0.0014513788098693414
0.0
0.0033222591362126463
-1.0
0.04855842185128978
0.0
0.0
0.18213058419243988
0.009237875288683584
0.07181571815718157
0.0325644504748982
0.004878048780487809
0.0019157088122605526
0.0023148148148147696
0.0
0.0023474178403756207
0.0
0.003875968992248069
0.0
0.0
0.020050125313283207
0.0
0.004901960784313708
0.04095563139931746
0.0016638935108153063
0.14383561643835618
0.0
0.0
0.0
0.0023529411764705577
0.0
0.0009496676163343043
0.0
0.010101010101010055
0.03748125937031488
0.0
0.0376266280752533
0.0
0.0
0.03238866396761131
0.08839779005524862
0.0
0.0
0.04040404040404044
0.013493253373313308
0.013493253373313308
0.0
0.0
0.0
0.0
0.0023041474654378336
0.0
0.013008130081300862
0.0009496676163343043
0.001506024096385561
0.04033613445378148
0.002132196162046962
0.13949275362318836
0.0
0.0
0.03396739130434778
0.0
0.0
0.0
0.01666666666666672
0.0
0.04140526976160597
0.0009496676163343043
0.0
0.03285714285714281
0.04105090311986859
0.0
0.016064257028112428
0.0011467889908256534
0.026258205689277947
0.0
0.0009496676163343043
0.037117903930131035
0.06054490413723512
0.0016638935108153063
0.002309468822170868
0.002032520325203291
0.0
0.0
0.0023474178403756207
0.14147909967845662
0.0
0.0019762845849802257
0.0
0.08026755852842804
0.048484848484848464
0.0
0.04159733777038266
0.05150214592274682
0.0
0.0
0.0
0.0
0.0
0.0
0.0
0.0531400966183575
0.07780612244897955
0.039867109634551534
0.0023529411764705577
0.026533996683250405
0.0
0.015564202334630295
0.08185053380782914
1.0
0.044642857142857095
0.00800800800800805
0.0016583747927031434
0.0
-1.0
0.022759601706970112
0.0019011406844106071
0.002057613168724326
0.0
0.0
0.0016638935108153063
0.15328467153284675
0.0023529411764705577
0.0
0.0
0.0014513788098693414
0.0023529411764705577
0.0016583747927031434
0.005979073243647215
0.0009496676163343043
0.0
0.05845181674565558
0.0
0.0
0.08080808080808077
0.0
0.01388888888888884
0.08839779005524862
0.0
0.061491935483870996
0.0016181229773463146
0.00189753320683117
0.038155802861685184
0.0010101010101010166
0.02278820375335122
0.11111111111111116
0.0
0.0024752475247524774
0.0
0.0
0.04095563139931746
0.0016638935108153063
0.02877697841726623
0.003875968992248069
0.0
0.0
0.0015037593984962294
0.0017889087656529634
0.01985111662531014
1.0
0.003236245954692518
0.0016666666666667052
0.0
0.0035714285714285587
0.0023474178403756207
0.0009496676163343043
0.0014513788098693414
0.0010101010101010166
0.0016638935108153063
0.03273809523809523
0.0024330900243308973
0.002358490566037763
0.0016638935108153063
0.0
0.025936599423631135
0.0019011406844106071
0.25225225225225223
0.0
0.0035906642728904536
0.0035906642728904536
0.001506024096385561
0.00189753320683117
0.03433476394849788
0.0014641288433382416
0.004237288135593209
0.0
0.15328467153284675
0.0
0.0
0.0
0.06586826347305386
0.002557544757033292
0.0
0.010471204188481686
0.07632398753894076
0.0
0.0
0.017937219730941756
0.051118210862619806
0.0
0.0
0.0015015015015015232
0.0009496676163343043
0.0016638935108153063
0.00189753320683117
0.001175088131609825
0.0
0.006012024048096198
0.0
0.016014234875444844
0.0017301038062284002
0.056872037914691975
0.0
0.00189753320683117
0.0
0.0023474178403756207
0.005535055350553542
0.0009496676163343043
0.0
0.001386962552011095
0.009652509652509633
0.04355716878402904
0.012841091492776902
0.0009496676163343043
0.0009891196834816984
