0.2727272727272727
1.0
0.2727272727272727
0.2727272727272727
0.2727272727272727
1.0
0.2727272727272727
1.0
0.5
0.2727272727272727
0.5384615384615384
1.0
1.0
1.0
1.0
0.2727272727272727
1.0
0.2727272727272727
0.2727272727272727
0.2727272727272727
1.0
0.2727272727272727
1.0
0.2727272727272727
0.2727272727272727
0.2
0.2
0.2727272727272727
0.2727272727272727
0.5
1.0
0.2727272727272727
1.0
0.2727272727272727
0.2727272727272727
0.2727272727272727
0.2727272727272727
0.2727272727272727
0.2
0.2727272727272727
1.0
1.0
1.0
0.5
0.2727272727272727
0.2727272727272727
0.2727272727272727
1.0
0.2727272727272727
1.0
0.2727272727272727
1.0
0.2727272727272727
0.2727272727272727
0.2727272727272727
0.2727272727272727
0.2
0.2727272727272727
0.2727272727272727
1.0
0.2727272727272727
0.2727272727272727
0.2727272727272727
0.2727272727272727
0.2727272727272727
0.2727272727272727
1.0
0.875
1.0
1.0
0.7142857142857143
0.2727272727272727
0.2727272727272727
0.2
1.0
0.2
0.2
0.2727272727272727
0.2727272727272727
1.0
0.2727272727272727
0.2727272727272727
0.2727272727272727
1.0
0.2727272727272727
0.2727272727272727
1.0
1.0
0.5384615384615384
0.2727272727272727
0.3333333333333333
1.0
1.0
0.5384615384615384
0.2
0.2
0.7333333333333333
1.0
0.5384615384615384
0.2
1.0
0.2727272727272727
0.2727272727272727
0.2727272727272727
0.2727272727272727
1.0
0.2727272727272727
0.875
0.2
0.2727272727272727
0.2727272727272727
0.2727272727272727
1.0
0.2727272727272727
0.2727272727272727
1.0
0.2
0.2
0.2727272727272727
1.0
1.0
1.0
1.0
0.2727272727272727
1.0
0.2727272727272727
0.2727272727272727
0.2727272727272727
1.0
1.0
0.2727272727272727
0.2
0.2727272727272727
0.2727272727272727
0.8823529411764706
0.5384615384615384
1.0
0.2727272727272727
1.0
0.2
0.5
0.5
0.2727272727272727
0.2
0.2
1.0
0.5384615384615384
0.2727272727272727
1.0
0.2727272727272727
1.0
1.0
1.0
0.2727272727272727
1.0
0.8823529411764706
0.2
1.0
0.2727272727272727
1.0
0.2
1.0
1.0
0.2727272727272727
0.2
1.0
0.2
0.2
0.2727272727272727
0.2727272727272727
0.5384615384615384
0.2
0.2727272727272727
0.2727272727272727
0.2727272727272727
0.2727272727272727
1.0
0.2
0.2
0.5384615384615384
0.5384615384615384
0.7142857142857143
0.2727272727272727
0.2727272727272727
0.7777777777777778
1.0
0.2727272727272727
0.5384615384615384
1.0
0.2727272727272727
1.0
0.2
0.2727272727272727
1.0
0.2727272727272727
0.2
0.2727272727272727
1.0
0.2
0.2727272727272727
1.0
0.7333333333333333
1.0
0.2727272727272727
0.2
1.0
0.5384615384615384
1.0
0.2727272727272727
0.2727272727272727
1.0
0.2727272727272727
0.2
0.5
0.2727272727272727
1.0
0.2727272727272727
1.0
0.2727272727272727
1.0
0.2727272727272727
0.2727272727272727
1.0
0.7142857142857143
0.2727272727272727
0.2727272727272727
0.2727272727272727
1.0
1.0
1.0
0.2727272727272727
0.2
0.5
0.5
1.0
1.0
1.0
0.2
0.7142857142857143
1.0
1.0
0.2
1.0
1.0
0.2727272727272727
1.0
0.2727272727272727
1.0
0.2
1.0
0.2727272727272727
0.2727272727272727
1.0
0.5
0.2727272727272727
0.2727272727272727
0.5
0.2727272727272727
1.0
0.2
1.0
0.2727272727272727
1.0
0.2727272727272727
1.0
1.0
0.8823529411764706
1.0
0.2727272727272727
1.0
1.0
0.5384615384615384
0.2727272727272727
1.0
1.0
0.2727272727272727
0.5
0.5
1.0
0.5384615384615384
0.2
1.0
0.5384615384615384
0.2
0.2727272727272727
0.2727272727272727
1.0
1.0
1.0
1.0
0.2727272727272727
0.2727272727272727
0.2727272727272727
1.0
0.2
0.2727272727272727
0.2727272727272727
1.0
0.2727272727272727
0.5384615384615384
1.0
1.0
1.0
0.5384615384615384
0.2727272727272727
1.0
0.2727272727272727
0.5384615384615384
0.2727272727272727
0.5384615384615384
1.0
0.2727272727272727
0.2727272727272727
0.2727272727272727
1.0
0.2727272727272727
0.2727272727272727
0.5
0.2727272727272727
0.2
1.0
0.2727272727272727
0.2
0.2
0.2727272727272727
0.2727272727272727
1.0
0.2727272727272727
0.2727272727272727
1.0
1.0
0.2727272727272727
0.2727272727272727
0.7142857142857143
0.2727272727272727
0.2727272727272727
1.0
1.0
1.0
1.0
1.0
0.2727272727272727
1.0
0.2727272727272727
1.0
1.0
1.0
0.2727272727272727
1.0
0.2727272727272727
0.2727272727272727
1.0
0.2727272727272727
1.0
0.5
1.0
0.2727272727272727
1.0
1.0
0.7142857142857143
0.2727272727272727
0.2
1.0
0.2727272727272727
0.2727272727272727
0.2727272727272727
0.2
0.2727272727272727
0.2
1.0
0.2727272727272727
0.2727272727272727
0.2727272727272727
1.0
1.0
1.0
0.2
0.2
0.2
0.2727272727272727
0.2727272727272727
0.2727272727272727
0.5384615384615384
0.2727272727272727
1.0
0.2727272727272727
1.0
0.2
0.2
0.2
0.2727272727272727
0.2727272727272727
0.2727272727272727
0.2727272727272727
0.2727272727272727
1.0
1.0
1.0
0.2727272727272727
0.2727272727272727
0.8823529411764706
0.2727272727272727
1.0
1.0
0.2727272727272727
0.2727272727272727
0.2727272727272727
0.2
1.0
1.0
0.2727272727272727
0.2
0.2727272727272727
0.2727272727272727
0.2727272727272727
1.0
0.2727272727272727
0.2727272727272727
1.0
0.5
0.2727272727272727
0.2727272727272727
1.0
0.2727272727272727
1.0
0.2727272727272727
0.2
0.2727272727272727
0.2727272727272727
0.2
0.2
0.2727272727272727
0.5384615384615384
0.2727272727272727
1.0
1.0
1.0
0.2727272727272727
1.0
0.7142857142857143
0.2727272727272727
1.0
1.0
1.0
0.5
0.2727272727272727
1.0
1.0
1.0
0.7333333333333333
0.2727272727272727
0.2727272727272727
1.0
0.2727272727272727
1.0
0.2
0.2727272727272727
0.2
1.0
0.2
0.2727272727272727
0.2
0.2727272727272727
1.0
1.0
1.0
1.0
0.2
0.2727272727272727
0.2727272727272727
0.2727272727272727
0.2727272727272727
1.0
0.2727272727272727
0.2727272727272727
0.2
0.2727272727272727
1.0
0.2
1.0
0.6923076923076923
0.2727272727272727
0.2727272727272727
0.2727272727272727
1.0
0.2727272727272727
0.2727272727272727
0.2727272727272727
0.2727272727272727
1.0
0.5384615384615384
0.2727272727272727
1.0
1.0
1.0
0.2727272727272727
1.0
0.2727272727272727
1.0
0.2727272727272727
0.5384615384615384
0.2727272727272727
0.2727272727272727
1.0
0.2727272727272727
0.2727272727272727
1.0
1.0
1.0
0.2727272727272727
1.0
1.0
0.2727272727272727
0.2
0.2
1.0
0.2
1.0
0.2727272727272727
1.0
0.5
0.2
0.875
0.2727272727272727
0.7142857142857143
0.2727272727272727
1.0
0.5384615384615384
1.0
0.2727272727272727
1.0
0.2
0.2727272727272727
0.2727272727272727
0.2727272727272727
0.2727272727272727
0.5
0.875
0.2
1.0
0.2727272727272727
0.2727272727272727
0.2
0.2727272727272727
1.0
1.0
0.2727272727272727
0.2727272727272727
0.8823529411764706
0.2727272727272727
0.2
0.2727272727272727
1.0
0.2727272727272727
0.2727272727272727
1.0
0.2727272727272727
0.2727272727272727
0.2727272727272727
0.2727272727272727
0.7142857142857143
0.2727272727272727
1.0
1.0
0.2727272727272727
0.2
0.2
0.5384615384615384
1.0
0.2727272727272727
0.2727272727272727
0.2727272727272727
0.2727272727272727
0.2727272727272727
0.2
0.2727272727272727
1.0
0.2727272727272727
0.2727272727272727
0.2727272727272727
0.2727272727272727
0.2727272727272727
1.0
0.2727272727272727
0.2727272727272727
0.2727272727272727
1.0
1.0
0.2727272727272727
0.5
0.2727272727272727
0.2727272727272727
1.0
1.0
0.2
0.5384615384615384
1.0
0.2727272727272727
0.2
0.2727272727272727
1.0
0.2727272727272727
0.2727272727272727
0.8823529411764706
0.2727272727272727
0.2727272727272727
1.0
1.0
1.0
0.2727272727272727
0.2727272727272727
1.0
1.0
0.2727272727272727
0.2727272727272727
0.2727272727272727
0.2727272727272727
1.0
0.2727272727272727
0.2727272727272727
1.0
1.0
0.2727272727272727
1.0
0.7142857142857143
0.2727272727272727
0.5
0.2
0.2727272727272727
0.2727272727272727
1.0
0.2727272727272727
1.0
1.0
1.0
0.2727272727272727
0.8823529411764706
0.2
0.5
1.0
0.2727272727272727
0.2727272727272727
0.2727272727272727
1.0
0.8888888888888888
0.2727272727272727
0.2727272727272727
0.5384615384615384
1.0
0.2
0.2727272727272727
0.2727272727272727
0.2
1.0
1.0
0.2
0.2727272727272727
0.2727272727272727
1.0
0.8823529411764706
1.0
