0.0
0.2571428571428571
0.3333333333333333
0.34210526315789475
0.34210526315789475
0.0
0.34210526315789475
0.4883720930232558
0.0
0.2571428571428571
0.0
0.0
0.5098039215686274
0.3695652173913043
0.34210526315789475
0.12903225806451613
0.6304347826086957
0.5
0.0
0.0
0.0
0.5192307692307693
0.3695652173913043
0.34210526315789475
0.0
0.3695652173913043
0.0
0.0
0.0
0.0
0.5116279069767442
0.3157894736842105
0.4878048780487805
0.2894736842105263
0.5434782608695652
0.5
0.4883720930232558
0.5555555555555556
0.0
0.32432432432432434
0.34210526315789475
0.34285714285714286
0.6170212765957447
0.36585365853658536
0.5192307692307693
0.3695652173913043
0.3829787234042553
0.3695652173913043
0.3695652173913043
0.5
0.5
0.5
0.3695652173913043
0.5098039215686274
0.5
0.3695652173913043
0.34210526315789475
0.34210526315789475
0.0
0.3157894736842105
0.0
0.0
0.0
0.0
0.34210526315789475
0.5
0.625
0.0
0.2972972972972973
0.4375
0.0
0.5813953488372093
0.5098039215686274
0.0
0.0
0.5
0.0
0.0
0.34210526315789475
0.6170212765957447
0.4883720930232558
0.5
0.34210526315789475
0.5681818181818182
0.5
0.34210526315789475
0.34210526315789475
0.5
0.0
0.5
0.2972972972972973
0.6
0.5192307692307693
0.0
0.3333333333333333
0.0
0.34210526315789475
0.0
0.5
0.0
0.0
0.0
0.5
0.5098039215686274
0.34210526315789475
0.5
0.0
0.358974358974359
0.3695652173913043
0.5
0.5
0.0
0.3695652173913043
0.34210526315789475
0.5
0.3333333333333333
0.0
0.0
0.34210526315789475
0.5
0.5098039215686274
0.34210526315789475
0.0
0.6170212765957447
0.0
0.0
0.5
0.3695652173913043
0.0
0.0
0.0
0.34210526315789475
0.3695652173913043
0.47619047619047616
0.06666666666666667
0.5
0.5555555555555556
0.34210526315789475
0.0
0.0
0.0
0.0
0.0
0.0
0.0
0.0
0.5
0.34210526315789475
0.0
0.5
0.4883720930232558
0.0
0.5
0.34210526315789475
0.0
0.34210526315789475
0.34210526315789475
0.0
0.0
0.0
0.6326530612244898
0.0
0.0
0.0
0.0
0.0
0.5
0.0
0.32432432432432434
0.2926829268292683
0.4883720930232558
0.34210526315789475
0.5
0.5
0.358974358974359
0.3695652173913043
0.5
0.0
0.3695652173913043
0.0
0.5
0.0
0.0
0.3695652173913043
0.0
0.4883720930232558
0.3333333333333333
0.5192307692307693
0.0
0.375
0.5
0.0
0.34210526315789475
0.6382978723404256
0.5
0.358974358974359
0.3829787234042553
0.5
0.0
0.34210526315789475
0.34210526315789475
0.5192307692307693
0.2894736842105263
0.34210526315789475
0.3695652173913043
0.5098039215686274
0.0
0.0
0.0
0.34210526315789475
0.34210526315789475
0.0
0.3695652173913043
0.0
0.4883720930232558
0.5
0.0
0.34210526315789475
0.5
0.3157894736842105
0.34210526315789475
0.6170212765957447
0.0
0.0
0.3695652173913043
0.5
0.0
0.0
0.5
0.4883720930232558
0.37142857142857144
0.34210526315789475
0.0
0.0
0.625
0.3333333333333333
0.0
0.0
0.40476190476190477
0.5
0.0
0.5098039215686274
0.40540540540540543
0.3695652173913043
0.0
0.6170212765957447
0.0
0.5098039215686274
0.358974358974359
0.34210526315789475
0.0
0.0
0.0
0.34210526315789475
0.5
0.2894736842105263
0.5
0.0
0.0
0.0
0.0
0.5192307692307693
0.2571428571428571
0.0
0.5555555555555556
0.6170212765957447
0.3333333333333333
0.2571428571428571
0.21875
0.0
0.5
0.4883720930232558
0.34210526315789475
0.0
0.5192307692307693
0.34210526315789475
0.0
0.5
0.34210526315789475
0.5
0.0
0.0
0.13333333333333333
0.0
0.0
0.0
0.5
0.0
0.0
0.5
0.5
0.0
0.5
0.5283018867924528
0.34210526315789475
0.5
0.5
0.5
0.0
0.34210526315789475
0.66
0.34210526315789475
0.5192307692307693
0.4883720930232558
0.3695652173913043
0.0
0.358974358974359
0.36585365853658536
0.0
0.35
0.0
0.5
0.3333333333333333
0.34210526315789475
0.5
0.3695652173913043
0.2894736842105263
0.0
0.34210526315789475
0.5
0.0
0.0
0.5
0.0
0.34210526315789475
0.5813953488372093
0.0
0.0
0.34210526315789475
0.0
0.5
0.34210526315789475
0.17647058823529413
0.6326530612244898
0.0
0.5
0.2894736842105263
0.0
0.6
0.5
0.0
0.5
0.5
0.5
0.3333333333333333
0.34210526315789475
0.34210526315789475
0.358974358974359
0.4883720930232558
0.34210526315789475
0.3695652173913043
0.5
0.3695652173913043
0.0
0.0
0.4883720930232558
0.15625
0.5098039215686274
0.0
0.2894736842105263
0.0
0.34210526315789475
0.0
0.34210526315789475
0.5
0.0
0.6041666666666666
0.4883720930232558
0.3695652173913043
0.5
0.34210526315789475
0.2894736842105263
0.34210526315789475
0.5227272727272727
0.0
0.5
0.0
0.5192307692307693
0.34210526315789475
0.0
0.0
0.0
0.34210526315789475
0.34210526315789475
0.34210526315789475
0.34210526315789475
0.35
0.0
0.0
0.34210526315789475
0.0
0.0
0.34210526315789475
0.3333333333333333
0.0
0.5111111111111111
0.5
0.13333333333333333
0.5
0.0
0.34210526315789475
0.5
0.34210526315789475
0.2972972972972973
0.45
0.5
0.5
0.4883720930232558
0.3333333333333333
0.2972972972972973
0.3695652173913043
0.4883720930232558
0.32432432432432434
0.5681818181818182
0.3695652173913043
0.34210526315789475
0.5
0.0
0.5
0.0
0.6170212765957447
0.0
0.3333333333333333
0.34210526315789475
0.0
0.5
0.34210526315789475
0.4883720930232558
0.0
0.0
0.0
0.0
0.4883720930232558
0.4883720930232558
0.3333333333333333
0.0
0.4883720930232558
0.34210526315789475
0.0
0.5
0.6304347826086957
0.3333333333333333
0.5098039215686274
0.4883720930232558
0.5
0.0
0.5
0.0
0.34210526315789475
0.5555555555555556
0.5
0.34210526315789475
0.5
0.34210526315789475
0.6170212765957447
0.5
0.0
0.5098039215686274
0.5
0.0
0.5
0.0
0.0
0.0
0.3695652173913043
0.6458333333333334
0.5
0.5
0.5192307692307693
0.5098039215686274
0.5
0.5813953488372093
0.5
0.2894736842105263
0.5
0.0
0.5
0.0
0.34210526315789475
0.0
0.358974358974359
0.0
0.3333333333333333
0.34210526315789475
0.0
0.5
0.5
0.0
0.4883720930232558
0.0
0.0
0.358974358974359
0.358974358974359
0.34210526315789475
0.5098039215686274
0.0
0.0
0.2894736842105263
0.2894736842105263
0.34210526315789475
0.35
0.5192307692307693
0.5192307692307693
0.0
0.5
0.0
0.6041666666666666
0.0
0.5098039215686274
0.5116279069767442
0.34210526315789475
0.6607142857142857
0.0
0.0
0.43902439024390244
0.34210526315789475
0.21875
0.34210526315789475
0.0
0.0
0.3695652173913043
0.34210526315789475
0.5
0.5
0.2777777777777778
0.5098039215686274
0.0
0.34210526315789475
0.5192307692307693
0.34210526315789475
0.0
0.5
0.5
0.3695652173913043
0.5
0.0
0.0
0.4883720930232558
0.3695652173913043
0.0
0.5098039215686274
0.2972972972972973
0.5
0.0
0.4375
0.5
0.5192307692307693
0.6304347826086957
0.0
0.0
0.358974358974359
0.0
0.0
0.0
0.0
0.5
0.3333333333333333
0.0
0.0
0.2926829268292683
0.4883720930232558
0.3333333333333333
0.0
0.5192307692307693
0.5
0.358974358974359
0.0
0.0
0.5098039215686274
0.0
0.5
0.4883720930232558
0.0
0.3695652173913043
0.4883720930232558
0.0
0.5
0.0
0.34210526315789475
0.45
0.6304347826086957
0.6170212765957447
0.0
0.6382978723404256
0.0
0.2571428571428571
0.3695652173913043
0.5555555555555556
0.5
0.2894736842105263
0.34210526315789475
0.34210526315789475
0.0
0.0
0.0
0.3695652173913043
0.3695652173913043
0.5
0.2972972972972973
0.3695652173913043
0.0
0.2894736842105263
0.34210526315789475
0.3695652173913043
0.36585365853658536
0.4375
0.0
0.6041666666666666
0.0
0.5
0.0
0.34210526315789475
0.0
0.0
0.0
0.3333333333333333
0.5
0.425
0.3695652173913043
0.5
0.2972972972972973
0.5348837209302325
0.5
0.0
0.0
0.4883720930232558
0.34210526315789475
0.0
0.0
0.34210526315789475
0.3695652173913043
0.0
0.2571428571428571
0.5098039215686274
0.5
0.34210526315789475
0.34210526315789475
0.5111111111111111
0.3695652173913043
0.0
0.5
0.5192307692307693
0.2894736842105263
0.0
0.5
0.0
0.5192307692307693
0.5
0.0
0.2571428571428571
0.0
0.0
0.5098039215686274
0.0
