0.0
0.0714285714285714
0.10344827586206895
0.1071428571428571
0.1071428571428571
0.0
0.1071428571428571
0.24137931034482762
0.0
0.0714285714285714
0.0
0.0
0.3055555555555556
0.17142857142857137
0.1071428571428571
0.06896551724137934
0.3928571428571429
0.2857142857142857
0.0
0.0
0.0
0.3055555555555556
0.17142857142857137
0.1071428571428571
0.0
0.17142857142857137
0.0
0.0
0.0
0.0
0.27586206896551724
0.10344827586206895
0.2222222222222222
0.06896551724137934
0.34375
0.2857142857142857
0.24137931034482762
0.31034482758620685
0.0
0.07407407407407407
0.1071428571428571
0.2068965517241379
0.3793103448275862
0.16129032258064513
0.3055555555555556
0.17142857142857137
0.19444444444444442
0.17142857142857137
0.17142857142857137
0.2857142857142857
0.2666666666666667
0.2857142857142857
0.17142857142857137
0.3055555555555556
0.25
0.17142857142857137
0.1071428571428571
0.1071428571428571
0.0
0.10344827586206895
0.0
0.0
0.0
0.0
0.1071428571428571
0.2857142857142857
0.4
0.0
0.10344827586206895
0.22857142857142854
0.0
0.3571428571428571
0.3055555555555556
0.0
0.0
0.25
0.0
0.0
0.1071428571428571
0.3793103448275862
0.24137931034482762
0.2857142857142857
0.1071428571428571
0.3214285714285714
0.2857142857142857
0.1071428571428571
0.1071428571428571
0.2857142857142857
0.0
0.25
0.0714285714285714
0.3793103448275862
0.3055555555555556
0.0
0.10344827586206895
0.0
0.1071428571428571
0.0
0.2857142857142857
0.0
0.0
0.0
0.2857142857142857
0.3055555555555556
0.1071428571428571
0.25
0.0
0.1071428571428571
0.17142857142857137
0.2666666666666667
0.2857142857142857
0.0
0.17142857142857137
0.1071428571428571
0.2857142857142857
0.10344827586206895
0.0
0.0
0.1071428571428571
0.2857142857142857
0.3055555555555556
0.1071428571428571
0.0
0.3793103448275862
0.0
0.0
0.25
0.17142857142857137
0.0
0.0
0.0
0.1071428571428571
0.17142857142857137
0.2142857142857143
0.03448275862068961
0.2857142857142857
0.31034482758620685
0.1071428571428571
0.0
0.0
0.0
0.0
0.0
0.0
0.0
0.0
0.2857142857142857
0.1071428571428571
0.0
0.2857142857142857
0.24137931034482762
0.0
0.25
0.1071428571428571
0.0
0.1071428571428571
0.1071428571428571
0.0
0.0
0.0
0.4193548387096774
0.0
0.0
0.0
0.0
0.0
0.2857142857142857
0.0
0.07407407407407407
0.17142857142857137
0.24137931034482762
0.1071428571428571
0.2666666666666667
0.25
0.1071428571428571
0.17142857142857137
0.25
0.0
0.17142857142857137
0.0
0.2857142857142857
0.0
0.0
0.17142857142857137
0.0
0.24137931034482762
0.10344827586206895
0.3055555555555556
0.0
0.16666666666666663
0.2857142857142857
0.0
0.1071428571428571
0.3928571428571429
0.2857142857142857
0.13793103448275867
0.19444444444444442
0.2857142857142857
0.0
0.1071428571428571
0.1071428571428571
0.32432432432432434
0.06896551724137934
0.1071428571428571
0.17142857142857137
0.3055555555555556
0.0
0.0
0.0
0.1071428571428571
0.1071428571428571
0.0
0.17142857142857137
0.0
0.24137931034482762
0.25
0.0
0.1071428571428571
0.2857142857142857
0.10344827586206895
0.1071428571428571
0.3793103448275862
0.0
0.0
0.17142857142857137
0.2666666666666667
0.0
0.0
0.2857142857142857
0.24137931034482762
0.2142857142857143
0.1071428571428571
0.0
0.0
0.4
0.10344827586206895
0.0
0.0
0.16666666666666663
0.2857142857142857
0.0
0.3055555555555556
0.2142857142857143
0.17142857142857137
0.0
0.3793103448275862
0.0
0.3055555555555556
0.13793103448275867
0.1071428571428571
0.0
0.0
0.0
0.1071428571428571
0.25
0.06896551724137934
0.2857142857142857
0.0
0.0
0.0
0.0
0.3055555555555556
0.0714285714285714
0.0
0.31034482758620685
0.3793103448275862
0.10344827586206895
0.0714285714285714
0.1071428571428571
0.0
0.2857142857142857
0.24137931034482762
0.1071428571428571
0.0
0.3055555555555556
0.1071428571428571
0.0
0.2857142857142857
0.1071428571428571
0.25
0.0
0.0
0.0714285714285714
0.0
0.0
0.0
0.2857142857142857
0.0
0.0
0.2857142857142857
0.2857142857142857
0.0
0.2857142857142857
0.32432432432432434
0.1071428571428571
0.25
0.2857142857142857
0.2857142857142857
0.0
0.1071428571428571
0.46875
0.1071428571428571
0.3055555555555556
0.24137931034482762
0.17142857142857137
0.0
0.1071428571428571
0.16129032258064513
0.0
0.1333333333333333
0.0
0.2857142857142857
0.10344827586206895
0.1071428571428571
0.2857142857142857
0.17142857142857137
0.06896551724137934
0.0
0.1071428571428571
0.2857142857142857
0.0
0.0
0.2857142857142857
0.0
0.1071428571428571
0.3571428571428571
0.0
0.0
0.1071428571428571
0.0
0.2857142857142857
0.1071428571428571
0.0
0.4
0.0
0.2666666666666667
0.06896551724137934
0.0
0.3793103448275862
0.2857142857142857
0.0
0.2857142857142857
0.25
0.2857142857142857
0.10344827586206895
0.1071428571428571
0.1071428571428571
0.13793103448275867
0.24137931034482762
0.1071428571428571
0.17142857142857137
0.2857142857142857
0.17142857142857137
0.0
0.0
0.24137931034482762
0.06896551724137934
0.3055555555555556
0.0
0.06896551724137934
0.0
0.1071428571428571
0.0
0.1071428571428571
0.2857142857142857
0.0
0.3666666666666667
0.24137931034482762
0.17142857142857137
0.25
0.1071428571428571
0.06896551724137934
0.1071428571428571
0.30000000000000004
0.0
0.25
0.0
0.3055555555555556
0.1071428571428571
0.0
0.0
0.0
0.1071428571428571
0.1071428571428571
0.1071428571428571
0.1071428571428571
0.1333333333333333
0.0
0.0
0.1071428571428571
0.0
0.0
0.1071428571428571
0.10344827586206895
0.0
0.2666666666666667
0.2857142857142857
0.0714285714285714
0.2857142857142857
0.0
0.1071428571428571
0.2857142857142857
0.1071428571428571
0.0714285714285714
0.2142857142857143
0.2857142857142857
0.2857142857142857
0.24137931034482762
0.10344827586206895
0.10344827586206895
0.17142857142857137
0.24137931034482762
0.07407407407407407
0.3214285714285714
0.17142857142857137
0.1071428571428571
0.2857142857142857
0.0
0.2857142857142857
0.0
0.3793103448275862
0.0
0.10344827586206895
0.1071428571428571
0.0
0.25
0.1071428571428571
0.24137931034482762
0.0
0.0
0.0
0.0
0.24137931034482762
0.24137931034482762
0.10344827586206895
0.0
0.24137931034482762
0.1071428571428571
0.0
0.2857142857142857
0.3928571428571429
0.10344827586206895
0.3055555555555556
0.24137931034482762
0.2857142857142857
0.0
0.25
0.0
0.1071428571428571
0.31034482758620685
0.25
0.1071428571428571
0.25
0.1071428571428571
0.3793103448275862
0.2666666666666667
0.0
0.3055555555555556
0.2857142857142857
0.0
0.2857142857142857
0.0
0.0
0.0
0.17142857142857137
0.43333333333333335
0.2857142857142857
0.2857142857142857
0.3055555555555556
0.3055555555555556
0.2857142857142857
0.3571428571428571
0.2857142857142857
0.06896551724137934
0.2857142857142857
0.0
0.2857142857142857
0.0
0.1071428571428571
0.0
0.13793103448275867
0.0
0.10344827586206895
0.1071428571428571
0.0
0.25
0.2857142857142857
0.0
0.24137931034482762
0.0
0.0
0.13793103448275867
0.13793103448275867
0.1071428571428571
0.3055555555555556
0.0
0.0
0.06896551724137934
0.06896551724137934
0.1071428571428571
0.1333333333333333
0.3055555555555556
0.3055555555555556
0.0
0.25
0.0
0.3666666666666667
0.0
0.3055555555555556
0.27586206896551724
0.1071428571428571
0.4571428571428572
0.0
0.0
0.2068965517241379
0.1071428571428571
0.1071428571428571
0.1071428571428571
0.0
0.0
0.17142857142857137
0.1071428571428571
0.25
0.2857142857142857
0.0714285714285714
0.3055555555555556
0.0
0.1071428571428571
0.3055555555555556
0.1071428571428571
0.0
0.2857142857142857
0.25
0.17142857142857137
0.2857142857142857
0.0
0.0
0.24137931034482762
0.17142857142857137
0.0
0.3055555555555556
0.0714285714285714
0.25
0.0
0.22857142857142854
0.2857142857142857
0.3055555555555556
0.3928571428571429
0.0
0.0
0.1071428571428571
0.0
0.0
0.0
0.0
0.2857142857142857
0.10344827586206895
0.0
0.0
0.17142857142857137
0.24137931034482762
0.10344827586206895
0.0
0.3055555555555556
0.2857142857142857
0.13793103448275867
0.0
0.0
0.3055555555555556
0.0
0.2857142857142857
0.24137931034482762
0.0
0.17142857142857137
0.24137931034482762
0.0
0.2857142857142857
0.0
0.1071428571428571
0.24137931034482762
0.3928571428571429
0.3793103448275862
0.0
0.4137931034482759
0.0
0.0714285714285714
0.17142857142857137
0.31034482758620685
0.2857142857142857
0.06896551724137934
0.1071428571428571
0.1071428571428571
0.0
0.0
0.0
0.17142857142857137
0.17142857142857137
0.2857142857142857
0.0714285714285714
0.17142857142857137
0.0
0.06896551724137934
0.1071428571428571
0.17142857142857137
0.16129032258064513
0.22857142857142854
0.0
0.3666666666666667
0.0
0.2857142857142857
0.0
0.1071428571428571
0.0
0.0
0.0
0.10344827586206895
0.25
0.1785714285714286
0.17142857142857137
0.2857142857142857
0.0714285714285714
0.31034482758620685
0.25
0.0
0.0
0.24137931034482762
0.1071428571428571
0.0
0.0
0.1071428571428571
0.17142857142857137
0.0
0.0714285714285714
0.3055555555555556
0.2857142857142857
0.1071428571428571
0.1071428571428571
0.2666666666666667
0.17142857142857137
0.0
0.25
0.3055555555555556
0.06896551724137934
0.0
0.2857142857142857
0.0
0.32432432432432434
0.2857142857142857
0.0
0.0714285714285714
0.0
0.0
0.3055555555555556
0.0
