0.0
0.14754098360655743
0.19999999999999996
0.2063492063492064
0.2063492063492064
0.0
0.2063492063492064
0.32307692307692304
0.0
0.14754098360655743
0.0
0.0
0.3421052631578947
0.22666666666666668
0.2063492063492064
0.06896551724137934
0.46031746031746035
0.33333333333333337
0.0
0.0
0.0
0.35064935064935066
0.22666666666666668
0.2063492063492064
0.0
0.22666666666666668
0.0
0.0
0.0
0.0
0.34375
0.1875
0.32258064516129037
0.16923076923076918
0.3731343283582089
0.33333333333333337
0.32307692307692304
0.3846153846153846
0.0
0.19354838709677424
0.2063492063492064
0.2068965517241379
0.4461538461538461
0.22388059701492535
0.35064935064935066
0.22666666666666668
0.23684210526315785
0.22666666666666668
0.22666666666666668
0.33333333333333337
0.33333333333333337
0.33333333333333337
0.22666666666666668
0.3421052631578947
0.33333333333333337
0.22666666666666668
0.2063492063492064
0.2063492063492064
0.0
0.1875
0.0
0.0
0.0
0.0
0.2063492063492064
0.33333333333333337
0.4545454545454546
0.0
0.17460317460317465
0.28
0.0
0.4098360655737705
0.3421052631578947
0.0
0.0
0.33333333333333337
0.0
0.0
0.2063492063492064
0.4461538461538461
0.32307692307692304
0.33333333333333337
0.2063492063492064
0.39682539682539686
0.33333333333333337
0.2063492063492064
0.2063492063492064
0.33333333333333337
0.0
0.33333333333333337
0.17460317460317465
0.4285714285714286
0.35064935064935066
0.0
0.19999999999999996
0.0
0.2063492063492064
0.0
0.33333333333333337
0.0
0.0
0.0
0.33333333333333337
0.3421052631578947
0.2063492063492064
0.33333333333333337
0.0
0.21875
0.22666666666666668
0.33333333333333337
0.33333333333333337
0.0
0.22666666666666668
0.2063492063492064
0.33333333333333337
0.19999999999999996
0.0
0.0
0.2063492063492064
0.33333333333333337
0.3421052631578947
0.2063492063492064
0.0
0.4461538461538461
0.0
0.0
0.33333333333333337
0.22666666666666668
0.0
0.0
0.0
0.2063492063492064
0.22666666666666668
0.3125
0.03448275862068961
0.33333333333333337
0.3846153846153846
0.2063492063492064
0.0
0.0
0.0
0.0
0.0
0.0
0.0
0.0
0.33333333333333337
0.2063492063492064
0.0
0.33333333333333337
0.32307692307692304
0.0
0.33333333333333337
0.2063492063492064
0.0
0.2063492063492064
0.2063492063492064
0.0
0.0
0.0
0.4626865671641791
0.0
0.0
0.0
0.0
0.0
0.33333333333333337
0.0
0.19354838709677424
0.17142857142857137
0.32307692307692304
0.2063492063492064
0.33333333333333337
0.33333333333333337
0.21875
0.22666666666666668
0.33333333333333337
0.0
0.22666666666666668
0.0
0.33333333333333337
0.0
0.0
0.22666666666666668
0.0
0.32307692307692304
0.19999999999999996
0.35064935064935066
0.0
0.23076923076923073
0.33333333333333337
0.0
0.2063492063492064
0.46875
0.33333333333333337
0.21875
0.23684210526315785
0.33333333333333337
0.0
0.2063492063492064
0.2063492063492064
0.35064935064935066
0.16923076923076918
0.2063492063492064
0.22666666666666668
0.3421052631578947
0.0
0.0
0.0
0.2063492063492064
0.2063492063492064
0.0
0.22666666666666668
0.0
0.32307692307692304
0.33333333333333337
0.0
0.2063492063492064
0.33333333333333337
0.1875
0.2063492063492064
0.4461538461538461
0.0
0.0
0.22666666666666668
0.33333333333333337
0.0
0.0
0.33333333333333337
0.32307692307692304
0.22807017543859653
0.2063492063492064
0.0
0.0
0.4545454545454546
0.19999999999999996
0.0
0.0
0.25373134328358204
0.33333333333333337
0.0
0.3421052631578947
0.2542372881355932
0.22666666666666668
0.0
0.4461538461538461
0.0
0.3421052631578947
0.21875
0.2063492063492064
0.0
0.0
0.0
0.2063492063492064
0.33333333333333337
0.16923076923076918
0.33333333333333337
0.0
0.0
0.0
0.0
0.35064935064935066
0.14754098360655743
0.0
0.3846153846153846
0.4461538461538461
0.19999999999999996
0.14754098360655743
0.1228070175438597
0.0
0.33333333333333337
0.32307692307692304
0.2063492063492064
0.0
0.35064935064935066
0.2063492063492064
0.0
0.33333333333333337
0.2063492063492064
0.33333333333333337
0.0
0.0
0.0714285714285714
0.0
0.0
0.0
0.33333333333333337
0.0
0.0
0.33333333333333337
0.33333333333333337
0.0
0.33333333333333337
0.3589743589743589
0.2063492063492064
0.33333333333333337
0.33333333333333337
0.33333333333333337
0.0
0.2063492063492064
0.4925373134328358
0.2063492063492064
0.35064935064935066
0.32307692307692304
0.22666666666666668
0.0
0.21875
0.22388059701492535
0.0
0.21212121212121215
0.0
0.33333333333333337
0.19999999999999996
0.2063492063492064
0.33333333333333337
0.22666666666666668
0.16923076923076918
0.0
0.2063492063492064
0.33333333333333337
0.0
0.0
0.33333333333333337
0.0
0.2063492063492064
0.4098360655737705
0.0
0.0
0.2063492063492064
0.0
0.33333333333333337
0.2063492063492064
0.09677419354838712
0.4626865671641791
0.0
0.33333333333333337
0.16923076923076918
0.0
0.4285714285714286
0.33333333333333337
0.0
0.33333333333333337
0.33333333333333337
0.33333333333333337
0.19999999999999996
0.2063492063492064
0.2063492063492064
0.21875
0.32307692307692304
0.2063492063492064
0.22666666666666668
0.33333333333333337
0.22666666666666668
0.0
0.0
0.32307692307692304
0.0847457627118644
0.3421052631578947
0.0
0.16923076923076918
0.0
0.2063492063492064
0.0
0.2063492063492064
0.33333333333333337
0.0
0.4328358208955224
0.32307692307692304
0.22666666666666668
0.33333333333333337
0.2063492063492064
0.16923076923076918
0.2063492063492064
0.3538461538461538
0.0
0.33333333333333337
0.0
0.35064935064935066
0.2063492063492064
0.0
0.0
0.0
0.2063492063492064
0.2063492063492064
0.2063492063492064
0.2063492063492064
0.21212121212121215
0.0
0.0
0.2063492063492064
0.0
0.0
0.2063492063492064
0.19999999999999996
0.0
0.34328358208955223
0.33333333333333337
0.0714285714285714
0.33333333333333337
0.0
0.2063492063492064
0.33333333333333337
0.2063492063492064
0.17460317460317465
0.29032258064516125
0.33333333333333337
0.33333333333333337
0.32307692307692304
0.19999999999999996
0.17460317460317465
0.22666666666666668
0.32307692307692304
0.19354838709677424
0.39682539682539686
0.22666666666666668
0.2063492063492064
0.33333333333333337
0.0
0.33333333333333337
0.0
0.4461538461538461
0.0
0.19999999999999996
0.2063492063492064
0.0
0.33333333333333337
0.2063492063492064
0.32307692307692304
0.0
0.0
0.0
0.0
0.32307692307692304
0.32307692307692304
0.19999999999999996
0.0
0.32307692307692304
0.2063492063492064
0.0
0.33333333333333337
0.46031746031746035
0.19999999999999996
0.3421052631578947
0.32307692307692304
0.33333333333333337
0.0
0.33333333333333337
0.0
0.2063492063492064
0.3846153846153846
0.33333333333333337
0.2063492063492064
0.33333333333333337
0.2063492063492064
0.4461538461538461
0.33333333333333337
0.0
0.3421052631578947
0.33333333333333337
0.0
0.33333333333333337
0.0
0.0
0.0
0.22666666666666668
0.4769230769230769
0.33333333333333337
0.33333333333333337
0.35064935064935066
0.3421052631578947
0.33333333333333337
0.4098360655737705
0.33333333333333337
0.16923076923076918
0.33333333333333337
0.0
0.33333333333333337
0.0
0.2063492063492064
0.0
0.21875
0.0
0.19999999999999996
0.2063492063492064
0.0
0.33333333333333337
0.33333333333333337
0.0
0.32307692307692304
0.0
0.0
0.21875
0.21875
0.2063492063492064
0.3421052631578947
0.0
0.0
0.16923076923076918
0.16923076923076918
0.2063492063492064
0.21212121212121215
0.35064935064935066
0.35064935064935066
0.0
0.33333333333333337
0.0
0.4328358208955224
0.0
0.3421052631578947
0.34375
0.2063492063492064
0.4933333333333333
0.0
0.0
0.28125
0.2063492063492064
0.1228070175438597
0.2063492063492064
0.0
0.0
0.22666666666666668
0.2063492063492064
0.33333333333333337
0.33333333333333337
0.16129032258064513
0.3421052631578947
0.0
0.2063492063492064
0.35064935064935066
0.2063492063492064
0.0
0.33333333333333337
0.33333333333333337
0.22666666666666668
0.33333333333333337
0.0
0.0
0.32307692307692304
0.22666666666666668
0.0
0.3421052631578947
0.17460317460317465
0.33333333333333337
0.0
0.28
0.33333333333333337
0.35064935064935066
0.46031746031746035
0.0
0.0
0.21875
0.0
0.0
0.0
0.0
0.33333333333333337
0.19999999999999996
0.0
0.0
0.17142857142857137
0.32307692307692304
0.19999999999999996
0.0
0.35064935064935066
0.33333333333333337
0.21875
0.0
0.0
0.3421052631578947
0.0
0.33333333333333337
0.32307692307692304
0.0
0.22666666666666668
0.32307692307692304
0.0
0.33333333333333337
0.0
0.2063492063492064
0.29032258064516125
0.46031746031746035
0.4461538461538461
0.0
0.46875
0.0
0.14754098360655743
0.22666666666666668
0.3846153846153846
0.33333333333333337
0.16923076923076918
0.2063492063492064
0.2063492063492064
0.0
0.0
0.0
0.22666666666666668
0.22666666666666668
0.33333333333333337
0.17460317460317465
0.22666666666666668
0.0
0.16923076923076918
0.2063492063492064
0.22666666666666668
0.22388059701492535
0.28
0.0
0.4328358208955224
0.0
0.33333333333333337
0.0
0.2063492063492064
0.0
0.0
0.0
0.19999999999999996
0.33333333333333337
0.2698412698412699
0.22666666666666668
0.33333333333333337
0.17460317460317465
0.3650793650793651
0.33333333333333337
0.0
0.0
0.32307692307692304
0.2063492063492064
0.0
0.0
0.2063492063492064
0.22666666666666668
0.0
0.14754098360655743
0.3421052631578947
0.33333333333333337
0.2063492063492064
0.2063492063492064
0.34328358208955223
0.22666666666666668
0.0
0.33333333333333337
0.35064935064935066
0.16923076923076918
0.0
0.33333333333333337
0.0
0.35064935064935066
0.33333333333333337
0.0
0.14754098360655743
0.0
0.0
0.3421052631578947
0.0
