0.9361702127659575
0.8846153846153846
-1.0
0.6666666666666667
0.4666666666666667
0.5714285714285714
0.0
0.0
0.7878787878787878
0.0
-1.0
0.39534883720930236
0.4722222222222222
0.0
0.4347826086956522
0.5
0.7878787878787878
0.0
-1.0
0.0
0.9166666666666666
0.4545454545454546
0.0
0.9523809523809523
0.47619047619047616
-1.0
0.47058823529411764
0.6730769230769231
-1.0
0.7619047619047619
0.0
0.5
0.9523809523809523
0.8846153846153846
0.8846153846153846
0.5625
0.0
0.0
-1.0
0.0
0.4545454545454546
0.7164179104477613
0.0
0.4666666666666667
0.4516129032258065
0.0
0.8888888888888888
0.6730769230769231
0.6666666666666667
0.8846153846153846
0.8421052631578947
0.0
0.8275862068965517
-1.0
0.8846153846153846
0.6721311475409837
0.5606060606060606
0.6666666666666667
0.39534883720930236
-1.0
0.0
0.0
0.8846153846153846
