0.9361702127659575
0.8846153846153846
-1.0
0.6666666666666666
0.4666666666666667
0.5714285714285714
0.0
0.0
0.7878787878787878
0.0
-1.0
0.3953488372093023
0.4722222222222222
0.0
0.43478260869565216
0.5
0.7878787878787878
0.0
-1.0
0.0
0.9166666666666666
0.45454545454545453
0.0
0.9523809523809523
0.47619047619047616
-1.0
0.47058823529411764
0.6730769230769231
-1.0
0.7619047619047619
0.0
0.5
0.9523809523809523
0.8846153846153846
0.8846153846153846
0.5625
0.0
0.0
-1.0
0.0
0.45454545454545453
0.7164179104477612
0.0
0.4666666666666667
0.45161290322580644
0.0
0.8888888888888888
0.6730769230769231
0.6666666666666666
0.8846153846153846
0.8421052631578947
0.0
0.8275862068965517
-1.0
0.8846153846153846
0.6721311475409836
0.5606060606060606
0.6666666666666666
0.3953488372093023
-1.0
0.0
0.0
0.8846153846153846
