0.88
0.7931034482758621
-1.0
0.5
0.30434782608695654
0.4
0.0
0.0
0.65
0.0
-1.0
0.24637681159420288
0.3090909090909091
0.0
0.2777777777777778
0.33333333333333337
0.65
0.0
-1.0
0.0
0.8461538461538461
0.2941176470588235
0.0
0.9090909090909091
0.3125
-1.0
0.3076923076923077
0.5072463768115942
-1.0
0.6153846153846154
0.0
0.33333333333333337
0.9090909090909091
0.7931034482758621
0.7931034482758621
0.3913043478260869
0.0
0.0
-1.0
0.0
0.2941176470588235
0.5581395348837209
0.0
0.30434782608695654
0.29166666666666663
0.0
0.8
0.5072463768115942
0.5
0.7931034482758621
0.7272727272727273
0.0
0.7058823529411764
-1.0
0.7931034482758621
0.5061728395061729
0.3894736842105263
0.5
0.24637681159420288
-1.0
0.0
0.0
0.7931034482758621
