0.875
0.0
-1.0
0.125
0.07692307692307687
0.1428571428571429
0.0
0.0
0.5882352941176471
0.0
-1.0
0.0714285714285714
0.2962962962962963
0.0
0.0714285714285714
0.11111111111111116
0.5882352941176471
0.0
-1.0
0.0
0.84
0.07692307692307687
0.0
0.6666666666666667
0.08333333333333337
-1.0
0.09999999999999998
0.4137931034482759
-1.0
0.4117647058823529
0.0
0.06666666666666665
0.6666666666666667
0.0
0.0
0.30000000000000004
0.0
0.0
-1.0
0.0
0.07692307692307687
0.4722222222222222
0.0
0.07692307692307687
0.05555555555555558
0.0
0.7692307692307692
0.4137931034482759
0.4375
0.0
0.625
0.0
0.5833333333333333
-1.0
0.0
0.4444444444444444
0.21621621621621623
0.4375
0.0714285714285714
-1.0
0.0
0.0
0.0
