0.9148936170212766
0.9130434782608696
0.9545454545454546
0.9178082191780822
0.9545454545454546
0.9545454545454546
0.9705882352941176
0.9148936170212766
0.9705882352941176
0.9705882352941176
0.9545454545454546
0.9130434782608696
0.9705882352941176
0.8961038961038961
0.9189189189189189
0.8947368421052632
0.8961038961038961
0.8947368421052632
0.9130434782608696
0.9705882352941176
0.9705882352941176
0.9178082191780822
0.9705882352941176
0.9189189189189189
0.8947368421052632
0.9705882352941176
0.8987341772151899
0.8947368421052632
0.9705882352941176
0.9189189189189189
0.9705882352941176
0.9189189189189189
0.9189189189189189
0.9705882352941176
0.6823529411764706
0.9189189189189189
0.9705882352941176
0.9705882352941176
0.9436619718309859
0.9545454545454546
0.88
0.9705882352941176
0.9178082191780822
0.9545454545454546
0.9178082191780822
0.8987341772151899
0.9178082191780822
0.9705882352941176
0.8490566037735849
0.9189189189189189
0.9545454545454546
0.8490566037735849
0.9705882352941176
0.9436619718309859
0.9428571428571428
0.9428571428571428
0.8961038961038961
0.88
0.9705882352941176
0.8947368421052632
0.9189189189189189
0.8947368421052632
0.7021276595744681
0.9189189189189189
0.9189189189189189
0.9436619718309859
0.9189189189189189
0.9178082191780822
0.9178082191780822
0.88
0.9545454545454546
0.8961038961038961
0.9705882352941176
0.9705882352941176
0.9705882352941176
0.9189189189189189
0.8961038961038961
0.9130434782608696
0.9178082191780822
0.9130434782608696
0.9705882352941176
0.8390804597701149
0.9436619718309859
0.9436619718309859
0.9705882352941176
0.9189189189189189
0.8987341772151899
0.8490566037735849
0.9705882352941176
0.5476190476190477
0.9436619718309859
0.9436619718309859
0.9545454545454546
0.9189189189189189
0.9705882352941176
0.8961038961038961
0.9189189189189189
0.9545454545454546
0.8947368421052632
0.9436619718309859
0.9189189189189189
0.8947368421052632
0.9189189189189189
0.9436619718309859
0.9705882352941176
0.8490566037735849
0.8961038961038961
0.9545454545454546
0.8947368421052632
0.9189189189189189
0.8961038961038961
0.9705882352941176
0.9436619718309859
0.9189189189189189
0.9189189189189189
0.9705882352941176
0.9189189189189189
0.9705882352941176
0.9436619718309859
