0.9555555555555556
0.9545454545454546
0.9767441860465116
0.9571428571428572
0.9767441860465116
0.9767441860465116
0.9850746268656716
0.9555555555555556
0.9850746268656716
0.9850746268656716
0.9767441860465116
0.9545454545454546
0.9850746268656716
0.9452054794520548
0.9577464788732395
0.9444444444444444
0.9452054794520548
0.9444444444444444
0.9545454545454546
0.9850746268656716
0.9850746268656716
0.9571428571428572
0.9850746268656716
0.9577464788732395
0.9444444444444444
0.9850746268656716
0.9466666666666667
0.9444444444444444
0.9850746268656716
0.9577464788732395
0.9850746268656716
0.9577464788732395
0.9577464788732395
0.9850746268656716
0.8111888111888113
0.9577464788732395
0.9850746268656716
0.9850746268656716
0.9710144927536232
0.9767441860465116
0.9361702127659575
0.9850746268656716
0.9571428571428572
0.9767441860465116
0.9571428571428572
0.9466666666666667
0.9571428571428572
0.9850746268656716
0.9183673469387755
0.9577464788732395
0.9767441860465116
0.9183673469387755
0.9850746268656716
0.9710144927536232
0.9705882352941176
0.9705882352941176
0.9452054794520548
0.9361702127659575
0.9850746268656716
0.9444444444444444
0.9577464788732395
0.9444444444444444
0.825
0.9577464788732395
0.9577464788732395
0.9710144927536232
0.9577464788732395
0.9571428571428572
0.9571428571428572
0.9361702127659575
0.9767441860465116
0.9452054794520548
0.9850746268656716
0.9850746268656716
0.9850746268656716
0.9577464788732395
0.9452054794520548
0.9545454545454546
0.9571428571428572
0.9545454545454546
0.9850746268656716
0.9125
0.9710144927536232
0.9710144927536232
0.9850746268656716
0.9577464788732395
0.9466666666666667
0.9183673469387755
0.9850746268656716
0.7076923076923076
0.9710144927536232
0.9710144927536232
0.9767441860465116
0.9577464788732395
0.9850746268656716
0.9452054794520548
0.9577464788732395
0.9767441860465116
0.9444444444444444
0.9710144927536232
0.9577464788732395
0.9444444444444444
0.9577464788732395
0.9710144927536232
0.9850746268656716
0.9183673469387755
0.9452054794520548
0.9767441860465116
0.9444444444444444
0.9577464788732395
0.9452054794520548
0.9850746268656716
0.9710144927536232
0.9577464788732395
0.9577464788732395
0.9850746268656716
0.9577464788732395
0.9850746268656716
0.9710144927536232
