0.33371625502584723
0.36652293218345744
0.36639874534405015
0.3343399482312338
0.3339080459770115
0.33409939672507905
0.3339080459770115
0.33419633225458467
0.33434060004316857
0.33419633225458467
0.3339080459770115
0.37537993920972645
0.33371625502584723
0.3339080459770115
0.35801163405605496
0.33419633225458467
0.33409939672507905
-1.0
-1.0
0.37537993920972645
-1.0
0.34612129760225674
0.33371625502584723
-1.0
0.37537993920972645
0.3339080459770115
0.33848275862068966
0.36652293218345744
0.3383002207505519
0.3339080459770115
0.37537993920972645
-1.0
0.3339080459770115
0.33371625502584723
0.33371625502584723
0.3339080459770115
0.33371625502584723
0.33314220183486243
0.3344842468709538
0.3383002207505519
0.33434060004316857
0.37553811091415545
0.33409939672507905
0.3375183092697217
-1.0
0.33848275862068966
0.33419633225458467
0.3339080459770115
-1.0
0.33434060004316857
0.33409939672507905
0.33434060004316857
0.33371625502584723
0.33371625502584723
0.4184769634757699
0.3386232039459576
0.3339080459770115
0.33409939672507905
0.3339080459770115
-1.0
0.33371625502584723
0.33371625502584723
0.3339080459770115
-1.0
0.33409939672507905
0.33765961900774544
0.33577052868391455
-1.0
0.33434060004316857
0.3339080459770115
0.33409939672507905
0.3339080459770115
0.32950436077430334
0.33434060004316857
0.34612129760225674
0.3386232039459576
-1.0
-1.0
0.33390755096181457
0.35801163405605496
-1.0
0.3339080459770115
0.33371625502584723
0.36639874534405015
-1.0
-1.0
0.33419633225458467
-1.0
0.3344842468709538
1.0
0.3339080459770115
0.33434060004316857
0.3383002207505519
0.37553811091415545
0.3339080459770115
0.3383002207505519
0.33409939672507905
