0.5013282732447818
0.522023302074453
0.5218874360432064
0.5015024038461539
0.5
0.49785775492716366
0.5
0.5016152716593245
0.49919380844888744
0.5016152716593245
0.5015186028853454
0.527292576419214
0.5013282732447818
0.5015186028853454
0.5149166989538938
0.5013525698827773
0.5002152389151958
-1.0
-1.0
0.527292576419214
-1.0
0.5136154168412232
0.49978476108480413
-1.0
0.527292576419214
0.5
0.5002066969822241
0.522023302074453
0.5014652014652015
0.5015186028853454
0.5276766205389658
-1.0
0.5015186028853454
0.5013282732447818
0.5013282732447818
0.5001538935056941
0.5013282732447818
0.499140154772141
0.5008082767539606
0.5
0.500646830530401
0.5274645325572935
0.501707779886148
0.50157097972008
-1.0
0.5016477480776272
0.5016152716593245
0.5
-1.0
0.5017626321974148
0.501707779886148
0.5017626321974148
0.5013282732447818
0.5013282732447818
0.6203143893591294
0.5039370078740157
0.5015186028853454
0.5002152389151958
0.5015186028853454
-1.0
0.5002154243860405
0.5013282732447818
0.5015186028853454
-1.0
0.501707779886148
0.5006273525721455
0.49957841483979765
-1.0
0.500646830530401
0.5
0.501707779886148
0.4976425203600514
0.49551856594110116
0.5017626321974148
0.5136154168412232
0.5039370078740157
-1.0
-1.0
0.497644539614561
0.5149166989538938
-1.0
0.5
0.49978476108480413
0.5218874360432064
-1.0
-1.0
0.5016152716593245
-1.0
0.4993552546744036
1.0
0.5015186028853454
0.5017626321974148
0.5
0.5274645325572935
0.5
0.5014652014652015
0.501707779886148
