0.030258302583025865
0.08487486398258981
0.08487486398258981
0.0212389380530974
0.007692307692307665
0.007620660457239636
0.007692307692307665
0.0252728317059161
0.007667731629392938
0.0252728317059161
0.030280649926144765
0.10537190082644632
0.030258302583025865
0.030280649926144765
0.06914498141263936
0.0212389380530974
0.007692307692307665
-1.0
-1.0
0.10537190082644632
-1.0
0.05915721231766613
0.0076857386848847575
-1.0
0.10537190082644632
0.007692307692307665
0.02657004830917875
0.08487486398258981
0.045582047685834515
0.030280649926144765
0.1055172413793104
-1.0
0.030280649926144765
0.030258302583025865
0.030258302583025865
0.015160703456640334
0.030258302583025865
0.0076660988074956915
0.007712082262210762
0.02657004830917875
0.007712082262210762
0.10537190082644632
0.030280649926144765
0.037506894649751765
-1.0
0.045582047685834515
0.0252728317059161
0.007692307692307665
-1.0
0.025287356321839094
0.030280649926144765
0.025287356321839094
0.030258302583025865
0.030258302583025865
0.06893995552260934
0.012991975544516587
0.030280649926144765
0.007692307692307665
0.030280649926144765
-1.0
0.007698887938408894
0.030258302583025865
0.030280649926144765
-1.0
0.030280649926144765
0.02211302211302213
0.01738410596026485
-1.0
0.007712082262210762
0.007692307692307665
0.030280649926144765
0.007620660457239636
0.007556675062972307
0.025287356321839094
0.05915721231766613
0.012991975544516587
-1.0
-1.0
0.0076142131979695105
0.06914498141263936
-1.0
0.007692307692307665
0.0076857386848847575
0.08487486398258981
-1.0
-1.0
0.0252728317059161
-1.0
0.007667731629392938
1.0
0.030280649926144765
0.025287356321839094
0.02657004830917875
0.10537190082644632
0.007692307692307665
0.045582047685834515
0.030280649926144765
