0.5004306632213609
0.5364314400458978
0.5362984218077476
0.5011315874555448
0.5006462731581215
0.5008613264427217
0.5006462731581215
0.5009702457956016
0.5011323196376577
0.5009702457956016
0.5006462731581215
0.5458563535911602
0.5004306632213609
0.5006462731581215
0.5272585669781931
0.5009702457956016
0.5008613264427217
-1.0
-1.0
0.5458563535911602
-1.0
0.5142497904442582
0.5004306632213609
-1.0
0.5458563535911602
0.5006462731581215
0.5057708161582852
0.5364314400458978
0.5055670103092784
0.5006462731581215
0.5458563535911602
-1.0
0.5006462731581215
0.5004306632213609
0.5004306632213609
0.5006462731581215
0.5004306632213609
0.4997849462365591
0.5012936610608021
0.5055670103092784
0.5011323196376577
0.5460235640648012
0.5008613264427217
0.5046933667083855
-1.0
0.5057708161582852
0.5009702457956016
0.5006462731581215
-1.0
0.5011323196376577
0.5008613264427217
0.5011323196376577
0.5004306632213609
0.5004306632213609
0.5900370245708515
0.505927587311759
0.5006462731581215
0.5008613264427217
0.5006462731581215
-1.0
0.5004306632213609
0.5004306632213609
0.5006462731581215
-1.0
0.5008613264427217
0.5048513302034429
0.5027368421052631
-1.0
0.5011323196376577
0.5006462731581215
0.5008613264427217
0.5006462731581215
0.49568
0.5011323196376577
0.5142497904442582
0.505927587311759
-1.0
-1.0
0.5006457167455876
0.5272585669781931
-1.0
0.5006462731581215
0.5004306632213609
0.5362984218077476
-1.0
-1.0
0.5009702457956016
-1.0
0.5012936610608021
1.0
0.5006462731581215
0.5011323196376577
0.5055670103092784
0.5460235640648012
0.5006462731581215
0.5055670103092784
0.5008613264427217
