0.008547008547008517
0.12030484485574311
0.12030484485574311
0.008354755784061751
0.008554319931565413
0.008554319931565413
0.008554319931565413
0.008354755784061751
0.00836012861736335
0.008354755784061751
0.008554319931565413
0.15024121295658166
0.008547008547008517
0.008554319931565413
0.09672619047619047
0.008354755784061751
0.008554319931565413
-1.0
-1.0
0.15024121295658166
-1.0
0.06001622060016221
0.008547008547008517
-1.0
0.15024121295658166
0.008554319931565413
0.03384367445608383
0.12030484485574311
0.03384367445608383
0.008554319931565413
0.15024121295658166
-1.0
0.008554319931565413
0.008547008547008517
0.008547008547008517
0.008554319931565413
0.008547008547008517
0.008525149190110826
0.00836012861736335
0.03384367445608383
0.00836012861736335
0.15024121295658166
0.008554319931565413
0.027641277641277662
-1.0
0.03384367445608383
0.008354755784061751
0.008554319931565413
-1.0
0.00836012861736335
0.008554319931565413
0.00836012861736335
0.008547008547008517
0.008547008547008517
0.09643916913946593
0.00836012861736335
0.008554319931565413
0.008554319931565413
0.008554319931565413
-1.0
0.008547008547008517
0.008547008547008517
0.008554319931565413
-1.0
0.008554319931565413
0.027658266748617044
0.02154101077050541
-1.0
0.00836012861736335
0.008554319931565413
0.008554319931565413
0.008554319931565413
0.00818124606670867
0.00836012861736335
0.06001622060016221
0.00836012861736335
-1.0
-1.0
0.008547008547008517
0.09672619047619047
-1.0
0.008554319931565413
0.008547008547008517
0.12030484485574311
-1.0
-1.0
0.008354755784061751
-1.0
0.00836012861736335
1.0
0.008554319931565413
0.00836012861736335
0.03384367445608383
0.15024121295658166
0.008554319931565413
0.03384367445608383
0.008554319931565413
