0.3345150671055963
0.35320130744087674
0.35307692307692307
0.33467014237016246
0.33333333333333337
0.3314318311466058
0.33333333333333337
0.3347706781654253
0.3326171035668243
0.3347706781654253
0.33468457055991896
0.3580429948109711
0.3345150671055963
0.33468457055991896
0.34672580224367333
0.3345367027677497
0.33352468427095294
-1.0
-1.0
0.3580429948109711
-1.0
0.34554678692220975
0.33314203730272596
-1.0
0.3580429948109711
0.33333333333333337
0.33351708930540247
0.35320130744087674
0.33463700806648744
0.33468457055991896
0.35839722977986643
-1.0
0.33468457055991896
0.3345150671055963
0.3345150671055963
0.3334701415965524
0.3345150671055963
0.3325694643368662
0.3340521889152469
0.33333333333333337
0.3339085418464194
0.35820158102766797
0.3348530901722391
0.334731223789554
-1.0
0.3347996089931574
0.3347706781654253
0.33333333333333337
-1.0
0.3349019607843138
0.3348530901722391
0.3349019607843138
0.3345150671055963
0.3345150671055963
0.4496056091148116
0.33684210526315794
0.33468457055991896
0.33352468427095294
0.33468457055991896
-1.0
0.3335248491812698
0.3345150671055963
0.33468457055991896
-1.0
0.3348530901722391
0.3338912133891213
0.33295869626299524
-1.0
0.3339085418464194
0.33333333333333337
0.3348530901722391
0.33124108416547793
0.3293617021276596
0.3349019607843138
0.34554678692220975
0.33684210526315794
-1.0
-1.0
0.3312428734321551
0.34672580224367333
-1.0
0.33333333333333337
0.33314203730272596
0.35307692307692307
-1.0
-1.0
0.3347706781654253
-1.0
0.33276047261009667
1.0
0.33468457055991896
0.3349019607843138
0.33333333333333337
0.35820158102766797
0.33333333333333337
0.33463700806648744
0.3348530901722391
