0.0010111223458038054
0.0015015015015015232
0.06862745098039214
0.0015015015015015232
0.004484304932735439
0.0
0.0
0.0
0.09718670076726343
0.09626719056974464
0.004587155963302725
0.001506024096385561
0.0
0.0
0.0
0.0
0.0010111223458038054
0.0010111223458038054
0.12125534950071326
0.0015037593984962294
0.0015015015015015232
0.0
0.0
0.0010111223458038054
0.0014858841010401136
0.0
0.001386962552011095
0.001506024096385561
0.001386962552011095
0.0
0.001506024096385561
0.054016620498615
0.004854368932038833
0.0
0.01812688821752262
0.0
0.040185471406491535
0.0014705882352941124
0.0
0.0030030030030030463
0.07529722589167764
0.0024691358024691024
0.10079051383399207
0.001506024096385561
0.0014619883040936088
0.02285714285714291
0.003007518796992459
0.10906040268456374
0.0010111223458038054
0.03234501347708896
0.06998654104979807
0.001506024096385561
0.03654485049833889
0.0
0.0
0.0
0.017391304347826098
0.017391304347826098
0.0431034482758621
0.06779661016949157
0.004555808656036442
0.0014836795252225476
0.047306176084099816
0.07868852459016396
0.0720108695652174
0.0029985007496251548
0.07381615598885793
0.1917808219178082
0.0
0.0
0.044642857142857095
0.0014727540500736325
0.01744186046511631
0.0
0.06853146853146852
0.14727272727272722
0.0
0.0010111223458038054
0.0010111223458038054
0.0
0.003007518796992459
0.0
0.0
0.0
0.0
0.0
0.0
0.0
0.002020202020202033
0.0010111223458038054
0.0
0.0015037593984962294
0.0015037593984962294
0.0015037593984962294
0.0015037593984962294
0.04716073147256983
0.0
0.0024691358024691024
0.07074829931972793
0.0720108695652174
0.0720108695652174
0.0
0.0010111223458038054
0.0
0.0
0.0010111223458038054
0.0010111223458038054
0.0
0.0014727540500736325
0.0
0.001506024096385561
0.0015037593984962294
0.0014970059880239361
0.0010111223458038054
0.0
0.0010111223458038054
0.0010111223458038054
0.0010111223458038054
0.0010111223458038054
0.0
0.0010111223458038054
0.0
0.001506024096385561
0.0015015015015015232
0.04475524475524473
0.0014662756598240456
0.09999999999999998
0.0
0.07520891364902504
0.001506024096385561
0.0010256410256410664
0.102013422818792
0.027700831024930705
0.038812785388127824
0.012787723785166238
0.0010111223458038054
0.0010111223458038054
0.0
0.0
0.0015015015015015232
0.05211726384364823
0.0014727540500736325
0.03703703703703709
0.0015015015015015232
0.0720108695652174
0.0
0.13714285714285712
0.03614457831325302
0.0015015015015015232
0.0015015015015015232
0.0010111223458038054
0.0010111223458038054
0.0015037593984962294
0.0015037593984962294
0.0023866348448687846
0.0010111223458038054
0.0010111223458038054
0.02580645161290318
0.001506024096385561
0.0015015015015015232
0.06382978723404253
0.03777335984095431
0.14426877470355737
0.0
0.0010111223458038054
0.013100436681222738
0.0011627906976744429
0.0010111223458038054
0.0010111223458038054
0.01867816091954022
0.005012531328320802
0.0
0.0010111223458038054
0.0015037593984962294
0.0
0.0015015015015015232
0.001506024096385561
0.0
0.002557544757033292
0.01935483870967747
0.05054151624548742
0.0
0.01379310344827589
0.016129032258064502
0.01867816091954022
0.001468428781204123
0.0015015015015015232
0.050912584053794396
0.01726618705035976
0.0015432098765432167
0.0
0.0
0.005979073243647215
0.0032573289902280145
0.001506024096385561
0.005979073243647215
0.07074829931972793
0.00738552437223039
0.001477104874446078
0.0
0.014513788098693747
0.045929018789144016
0.0
0.0
0.04509283819628651
0.0
0.0015015015015015232
0.0
0.0029985007496251548
0.017857142857142905
0.0
0.0
0.04978354978354982
0.06853146853146852
0.01869158878504673
0.0
0.0014792899408283544
0.02020202020202022
0.0023529411764705577
0.006281407035175879
0.08036890645586303
0.007462686567164201
0.007440476190476164
0.03269230769230769
-1.0
0.0014084507042253502
0.0
0.10425531914893615
0.017057569296375252
0.0029985007496251548
0.037117903930131035
0.08949416342412453
0.0
0.0010111223458038054
0.04575163398692805
0.0025839793281653423
0.0010111223458038054
0.0015015015015015232
0.01384083044982698
0.0010111223458038054
0.0010111223458038054
0.0
0.0015015015015015232
0.0010111223458038054
0.0
0.0
0.0
0.0010111223458038054
0.0
0.001506024096385561
