0.001918649270913277
0.001918649270913277
0.001918649270913277
0.0009569377990430622
0.0
0.05415162454873646
0.0019120458891013384
0.0
0.0019083969465648854
0.03676470588235294
0.07192737430167598
0.002190580503833516
0.027656477438136828
0.05263157894736842
0.04379038047379756
0.11271676300578035
0.0
0.025552486187845305
0.0024554941682013503
0.026224982746721876
0.0009569377990430622
0.013888888888888888
0.028142589118198873
0.0014094432699083862
0.0019083969465648854
0.10502793296089385
0.00706090026478376
0.09444444444444444
0.039603960396039604
0.043478260869565216
0.06942590120160214
0.05181347150259067
0.043478260869565216
0.018093249826026444
0.016736401673640166
0.026224982746721876
0.011212333566923615
0.0
0.0007052186177715092
0.06553911205073996
0.0
0.038558786346396964
0.038558786346396964
0.0856873822975518
0.05829228243021346
0.00078125
0.0015282730514518594
0.0003885003885003885
0.0012307692307692308
0.07547169811320754
0.0
0.07802874743326489
0.0670995670995671
0.0
0.053791887125220456
0.012465373961218837
0.06073943661971831
0.0006688963210702341
0.0018709073900841909
0.053791887125220456
0.0
0.11984659635666348
0.12344497607655502
0.11984659635666348
0.11984659635666348
0.11984659635666348
0.11984659635666348
0.11984659635666348
0.12344497607655502
0.1206896551724138
0.12344497607655502
0.11984659635666348
0.11984659635666348
0.11984659635666348
0.11984659635666348
0.11984659635666348
0.1206896551724138
0.11984659635666348
0.11984659635666348
0.11984659635666348
0.11984659635666348
0.124282982791587
0.11984659635666348
0.028517110266159697
0.07678132678132678
0.06261022927689594
0.1190233977619532
0.04924242424242424
0.07428571428571429
0.0021810250817884407
0.06517094017094018
0.001918649270913277
0.001918649270913277
0.039141414141414144
0.001918649270913277
0.03335980937251787
0.08085430968726164
0.10865874363327674
0.000664451827242525
0.0011614401858304297
0.1190233977619532
0.035862785862785865
0.12344497607655502
0.12344497607655502
0.039540816326530615
0.039540816326530615
0.0
0.04818042029728344
0.08404009252120277
0.02421129860601614
-1.0
0.06729758149316509
0.11926605504587157
0.11735205616850551
-1.0
0.053886925795053005
0.0008968609865470852
0.0017937219730941704
0.08496732026143791
0.0007230657989877079
0.0007230657989877079
-1.0
0.010535557506584723
0.06351626016260163
0.08831908831908832
0.09543918918918919
0.053886925795053005
0.09831932773109243
0.064882400648824
0.053003533568904596
0.053886925795053005
0.046644844517184945
0.010344827586206896
0.07672955974842767
0.02608695652173913
0.053886925795053005
0.046644844517184945
0.001918649270913277
0.0008375209380234506
0.0010090817356205853
0.07914110429447853
0.13441483198146004
0.010610079575596816
0.05638766519823789
0.12077294685990338
0.00703125
0.05963302752293578
0.036163522012578615
0.018484288354898338
0.11271676300578035
0.06057385759829968
0.062118126272912425
0.11794354838709678
0.11984659635666348
0.0283363802559415
0.11812627291242363
0.027709861450692746
0.026905829596412557
0.03125
0.08528784648187633
0.026905829596412557
0.0010277492291880781
0.019122609673790775
-1.0
0.022099447513812154
0.03990610328638498
0.09131905298759865
0.01048951048951049
0.030166880616174584
0.062118126272912425
0.0
0.0013297872340425532
0.0
0.013879709187045605
0.005502063273727648
0.0
0.0014792899408284023
0.0014792899408284023
0.030685920577617327
0.07979870596693027
0.07913669064748201
0.0011389521640091116
0.10221870047543581
0.06990881458966565
0.0326197757390418
0.0660377358490566
0.0876010781671159
0.0876010781671159
0.0876010781671159
0.14602803738317757
0.12080536912751678
0.05305039787798409
0.05415162454873646
0.0010893246187363835
0.0876010781671159
0.0876010781671159
0.0876010781671159
0.0876010781671159
0.0876010781671159
0.015366430260047281
0.0876010781671159
0.0876010781671159
0.0876010781671159
0.0876010781671159
0.0876010781671159
0.0876010781671159
0.0876010781671159
0.0876010781671159
0.0876010781671159
0.0876010781671159
0.0876010781671159
0.0876010781671159
0.06929637526652452
0.07340425531914893
0.07340425531914893
0.06929637526652452
0.07340425531914893
0.07340425531914893
0.07340425531914893
0.07438894792773645
0.0660377358490566
0.0
0.01048951048951049
0.010514018691588784
0.01048951048951049
0.05181347150259067
0.030685920577617327
0.053886925795053005
-1.0
0.05239852398523985
0.10080645161290322
0.14021739130434782
0.01048951048951049
0.029262086513994912
0.1142578125
0.06929637526652452
0.06929637526652452
0.06929637526652452
0.06929637526652452
0.06929637526652452
0.06929637526652452
0.015408320493066256
0.023356401384083045
0.0009057971014492754
0.007936507936507936
0.07340425531914893
0.12100677637947725
0.05113160100586756
0.1067463706233988
0.028054298642533938
0.0
0.0357981220657277
0.014958863126402393
0.10080645161290322
0.07340425531914893
0.12344497607655502
0.06929637526652452
0.0876010781671159
0.009359251259899209
0.06929637526652452
0.06929637526652452
0.06929637526652452
0.08994708994708994
0.0642570281124498
0.0529567519858782
0.027750247770069375
0.05660377358490566
0.07904411764705882
0.10386473429951691
0.003007016371533578
0.0642570281124498
0.0010741138560687433
0.0
0.0010362694300518134
0.125
0.0
0.12332695984703633
0.01048951048951049
0.010514018691588784
0.06929637526652452
0.12344497607655502
0.030625
0.06116207951070336
0.06929637526652452
0.0876010781671159
0.06929637526652452
0.06929637526652452
0.007042253521126761
0.010514018691588784
0.0010162601626016261
0.04415954415954416
0.02696225284601558
0.042796005706134094
