0.0
0.0714285714285714
0.0
0.09473684210526312
0.0
0.0
0.0
0.11340206185567014
0.0714285714285714
0.0714285714285714
0.0
0.06315789473684208
0.010309278350515427
0.0
0.0
0.0
0.02083333333333337
0.02083333333333337
0.01041666666666663
0.0
0.01041666666666663
0.0
0.01041666666666663
0.0
0.0
0.0
0.0
0.0
0.0
0.0
0.01041666666666663
0.0
0.0
0.0
0.0
0.01041666666666663
0.0
0.0
0.01041666666666663
0.0
0.0
0.0
0.0
0.0
0.0
0.0
0.06976744186046513
0.0
0.08695652173913049
0.0
0.0714285714285714
0.0
0.06976744186046513
0.06451612903225812
0.0
0.0
0.0
0.0
0.0
0.0
0.0
0.02020202020202022
0.0
0.0
0.0
0.0
0.0
0.09278350515463918
0.0
0.0
0.0
0.0
0.0
0.0
0.0
0.0
0.0
0.0
0.0
0.021052631578947323
0.0
0.0
0.0
0.1417322834645669
0.1417322834645669
0.0
0.0
0.0
0.0
0.0
0.0
0.0
0.0
0.0
0.0
0.0
0.0
0.0
0.0
0.0
0.0
0.0
0.0
0.0
0.0
0.0
0.0
0.0
0.0
0.06976744186046513
0.08695652173913049
0.0
0.0
0.0
0.0888888888888889
0.0888888888888889
0.0714285714285714
0.0
0.0
0.06666666666666665
0.0
0.0
0.022727272727272707
0.0
0.0
0.0
0.07228915662650603
0.06896551724137934
0.0
0.0
0.0
0.0
0.011904761904761862
0.0
0.0
0.07594936708860756
0.07407407407407407
0.0
0.07407407407407407
0.0
0.0
0.0
0.0
0.0
0.011494252873563204
0.0
0.0
0.0
0.0
0.08108108108108103
0.0
0.0
0.0
0.0
0.0
0.0
0.0
0.07228915662650603
0.0
0.0
0.07407407407407407
0.07407407407407407
0.0
0.0
0.08333333333333337
0.012195121951219523
0.0
0.0
0.0
0.0
0.12631578947368416
0.0
0.0
0.0
0.0
0.0
0.0
0.08247422680412375
0.0
0.0
0.013157894736842146
0.0
0.0
0.0
0.0
0.0
0.0
0.0
0.0
0.0
0.0
0.0
0.0
0.07228915662650603
0.0
0.0
0.0
0.0
0.0
0.0
0.0
0.0
0.0
0.0
0.0
0.0
0.0
0.101010101010101
0.0
0.0
0.0
0.0
0.0
0.0
0.0
0.0
0.0
0.0
0.0
0.0
0.0
0.0
0.0
0.0
0.0
0.0
0.0
0.0
0.0
0.0
0.0
0.0
0.0
0.0
0.0
0.0
0.0
0.07407407407407407
0.0
0.0
0.0
0.0
0.0
0.011494252873563204
0.0
0.0
0.011904761904761862
0.08536585365853655
0.0
0.07407407407407407
0.0
0.0
0.0
0.07058823529411762
0.0
0.0
0.0
0.0
0.0
0.0
0.0
0.0
0.0
0.0
0.0
0.0
0.0
0.0
0.0
0.0
0.0
0.0
0.0
0.0
0.0
0.0
0.0
0.0
0.0
0.0
0.0
0.0
0.0
0.0
0.0
0.0
0.0
0.0
0.0
0.0
0.0
0.0
0.0
0.0
0.0
0.0
0.0
0.0
0.0
0.0
0.0
0.0
0.0
0.0
0.0
0.0
0.0
0.0
0.0
0.0
0.0
0.0
0.0
0.0
0.0
0.0
0.0
