-1.0
0.5360824742268041
1.0
0.4814814814814815
-1.0
1.0
1.0
0.0
0.0
0.0
0.5
0.5
0.35051546391752575
-1.0
0.4948453608247423
1.0
0.4814814814814815
-1.0
1.0
1.0
0.0
0.0
0.0
0.5
0.40909090909090906
0.35051546391752575
-1.0
0.5567010309278351
1.0
0.4814814814814815
-1.0
1.0
1.0
0.0
0.0
0.0
0.5
0.40909090909090906
0.35051546391752575
0.4545454545454546
0.5714285714285714
0.625
0.65625
1.0
0.75
0.65625
-1.0
0.625
-1.0
-1.0
1.0
1.0
-1.0
-1.0
-1.0
-1.0
-1.0
-1.0
-1.0
-1.0
1.0
-1.0
-1.0
-1.0
-1.0
-1.0
-1.0
-1.0
1.0
1.0
-1.0
-1.0
1.0
-1.0
1.0
-1.0
-1.0
0.0
0.0
0.0
0.0
0.0
0.0
0.0
0.0
0.0
0.0
0.0
0.0
0.0
0.0
0.0
0.6666666666666667
0.0
0.6666666666666667
0.0
0.0
0.0
0.0
0.0
0.0
0.0
0.6666666666666667
0.0
0.0
0.0
0.6666666666666667
0.0
0.0
0.5
0.0
0.0
0.6666666666666667
0.6666666666666667
0.0
0.0
0.0
1.0
1.0
-1.0
1.0
1.0
1.0
1.0
1.0
0.0
0.0
0.0
1.0
1.0
1.0
1.0
1.0
1.0
1.0
1.0
1.0
1.0
1.0
-1.0
1.0
-1.0
1.0
-1.0
0.0
1.0
1.0
0.0
-1.0
1.0
0.65
0.65
0.65
0.75
1.0
0.75
0.75
0.65
0.75
0.75
0.75
0.75
0.0
0.1917808219178082
0.13793103448275867
0.13793103448275867
0.13793103448275867
0.13793103448275867
0.20270270270270274
0.13793103448275867
-1.0
0.2465753424657534
1.0
-1.0
1.0
1.0
0.65
0.65
0.75
0.65
0.65
0.75
1.0
-1.0
1.0
-1.0
-1.0
0.75
1.0
0.75
0.75
0.75
1.0
0.26315789473684215
0.65
0.65
0.0
1.0
1.0
-1.0
1.0
1.0
-1.0
-1.0
1.0
0.0
0.5
1.0
0.1917808219178082
1.0
1.0
0.0
0.0
0.0
0.33333333333333337
1.0
1.0
0.0
0.4878048780487805
0.4390243902439024
0.3902439024390244
0.7317073170731707
0.4285714285714286
0.75
0.40909090909090906
0.7727272727272727
1.0
0.38095238095238093
0.0
1.0
0.18181818181818177
0.09999999999999998
0.7777777777777778
-1.0
-1.0
0.0
0.4390243902439024
0.0
0.0
0.0
0.65
0.0
1.0
0.75
0.0
-1.0
0.75
0.5360824742268041
0.5
0.0
0.35051546391752575
0.5567010309278351
0.35051546391752575
0.5360824742268041
0.4390243902439024
0.09756097560975607
0.0
0.75
0.0
0.5567010309278351
0.75
0.30927835051546393
0.45360824742268047
0.5773195876288659
0.5773195876288659
0.7027027027027026
0.0
0.75
1.0
1.0
0.75
1.0
0.0
0.13793103448275867
0.13793103448275867
0.0
0.5
-1.0
-1.0
1.0
0.65
1.0
1.0
0.0
0.18181818181818177
1.0
1.0
0.0
0.75
0.75
0.0
0.0
0.3414634146341463
0.0
0.09999999999999998
0.09999999999999998
0.65
0.65625
1.0
0.09999999999999998
0.44999999999999996
0.5263157894736843
0.1917808219178082
0.09999999999999998
1.0
-1.0
0.75
1.0
1.0
1.0
-1.0
1.0
0.4285714285714286
0.0
-1.0
0.75
0.6071428571428572
0.6071428571428572
0.6829268292682926
0.0
-1.0
