0.0009602458229306388
0.0009602458229306388
0.0009602458229306388
0.00047869794159882684
0.0
0.0278293135435993
0.000956937799043045
0.0
0.0009551098376313627
0.01872659176029967
0.037305324157913766
0.0010964912280702066
0.014022140221402246
0.027027027027026973
0.0223853211009174
0.0597243491577335
0.0
0.012941587967820967
0.0012292562999385304
0.01328671328671327
0.00047869794159882684
0.006993006993006978
0.014272121788772574
0.0007052186177715081
0.0009551098376313627
0.05542452830188682
0.003542958370239102
0.04956268221574345
0.02020202020202022
0.022222222222222254
0.03596127247579528
0.02659574468085102
0.022222222222222254
0.009129213483146104
0.008438818565400852
0.01328671328671327
0.005637773079633535
0.0
0.0003527336860670305
0.033879781420764976
0.0
0.01965839510151468
0.01965839510151468
0.04476143630103291
0.030021141649048677
0.0003907776475186031
0.000764720876879954
0.00019428793471920613
0.0006157635467980427
0.039215686274509776
0.0
0.040598290598290565
0.034714445688689755
0.0
0.0276393294064341
0.006271777003484358
0.03132092600998637
0.00033456005352960894
0.000936329588014928
0.0276393294064341
0.0
0.06374298827129021
0.06578276389597149
0.06374298827129021
0.06374298827129021
0.06374298827129021
0.06374298827129021
0.06374298827129021
0.06578276389597149
0.06422018348623848
0.06578276389597149
0.06374298827129021
0.06374298827129021
0.06374298827129021
0.06374298827129021
0.06374298827129021
0.06422018348623848
0.06374298827129021
0.06374298827129021
0.06374298827129021
0.06374298827129021
0.06625891946992868
0.06374298827129021
0.014464802314368419
0.03992334717342705
0.032316795630405126
0.06327744726879392
0.025242718446601975
0.03857566765578635
0.0010917030567685337
0.03368304803975708
0.0009602458229306388
0.0009602458229306388
0.019961365099806838
0.0009602458229306388
0.01696284329563813
0.04213036565977746
0.0574506283662477
0.0003323363243602495
0.0005810575246949501
0.06327744726879392
0.018258798623974615
0.06578276389597149
0.06578276389597149
0.0201691607026675
0.0201691607026675
0.0
0.024684873949579855
0.0438631790744467
0.012253991830672106
-1.0
0.03482045701849834
0.06341463414634141
0.06233351092168349
-1.0
0.027689514298683604
0.0004486316733961493
0.0008976660682226134
0.04436860068259385
0.0003616636528028794
0.0003616636528028794
-1.0
0.005295675198587868
0.03279979008134348
0.046199701937406856
0.05011086474501114
0.027689514298683604
0.051701281484754724
0.03352891869237218
0.02722323049001818
0.027689514298683604
0.02387934645999157
0.005199306759098743
0.039895356442119057
0.013215859030836996
0.027689514298683604
0.02387934645999157
0.0009602458229306388
0.00041893590280683846
0.0005047955577991425
0.041200894282976686
0.07204968944099377
0.005333333333333301
0.02901178603807797
0.06426735218508994
0.003528028224225821
0.030732860520094607
0.018414731785428295
0.009328358208955279
0.0597243491577335
0.031232876712328772
0.03205465055176038
0.06266738082485268
0.06374298827129021
0.014371812702828057
0.06277056277056281
0.014049586776859524
0.013636363636363669
0.015873015873015928
0.04454342984409798
0.013636363636363669
0.0005141388174807471
0.009653605905735385
-1.0
0.011173184357541888
0.02035928143712573
0.047844063792085056
0.005272407732864637
0.015314434669273402
0.03205465055176038
0.0
0.0006653359946773296
0.0
0.006988352745424309
0.0027586206896551557
0.0
0.0007401924500369805
0.0007401924500369805
0.015582034830430747
0.04155746911269187
0.041198501872659166
0.0005698005698006048
0.05386221294363258
0.03622047244094484
0.016580310880829008
0.034146341463414664
0.04580690627202255
0.04580690627202255
0.04580690627202255
0.07876496534341526
0.06428571428571428
0.027247956403269713
0.0278293135435993
0.0005449591280654031
0.04580690627202255
0.04580690627202255
0.04580690627202255
0.04580690627202255
0.04580690627202255
0.007742703990470501
0.04580690627202255
0.04580690627202255
0.04580690627202255
0.04580690627202255
0.04580690627202255
0.04580690627202255
0.04580690627202255
0.04580690627202255
0.04580690627202255
0.04580690627202255
0.04580690627202255
0.04580690627202255
0.035891772501380426
0.03810049696300388
0.03810049696300388
0.035891772501380426
0.03810049696300388
0.03810049696300388
0.03810049696300388
0.03863134657836642
0.034146341463414664
0.0
0.005272407732864637
0.005284791544333478
0.005272407732864637
0.02659574468085102
0.015582034830430747
0.027689514298683604
-1.0
0.02690413035240624
0.05307855626326963
0.07539450613676213
0.005272407732864637
0.01484828921885084
0.06059036768513726
0.035891772501380426
0.035891772501380426
0.035891772501380426
0.035891772501380426
0.035891772501380426
0.035891772501380426
0.00776397515527949
0.011816192560175076
0.00045310376076124204
0.003984063745019917
0.03810049696300388
0.06439979392065942
0.026236559139784954
0.05638249887235003
0.014226709499770562
0.0
0.01822527636689575
0.007535795026375247
0.05307855626326963
0.03810049696300388
0.06578276389597149
0.035891772501380426
0.04580690627202255
0.004701627486437654
0.035891772501380426
0.035891772501380426
0.035891772501380426
0.047091412742382266
0.03319502074688796
0.027198549410698103
0.014070351758794009
0.029126213592232997
0.04114832535885171
0.054777070063694255
0.001505772126484839
0.03319502074688796
0.0005373455131649774
0.0
0.0005184033177811909
0.06666666666666665
0.0
0.06571574121242996
0.005272407732864637
0.005284791544333478
0.035891772501380426
0.06578276389597149
0.015550618851158382
0.03154574132492116
0.035891772501380426
0.04580690627202255
0.035891772501380426
0.035891772501380426
0.0035335689045936647
0.005284791544333478
0.0005083884087442314
0.022578295702840534
0.013665350744002436
0.02186588921282795
