0.0012953367875647669
0.0006476683937823834
0.0003965107057890563
0.0006480881399870382
0.0012953367875647669
0.0012944983818770227
0.0011885895404120444
0.0012953367875647669
0.0012953367875647669
0.0006476683937823834
0.0003965107057890563
0.0006480881399870382
0.0007927070947284979
0.0007927070947284979
0.0007927070947284979
0.0
0.0007927070947284979
0.0011885895404120444
0.0003965107057890563
0.0007927070947284979
0.0011885895404120444
0.0003965107057890563
0.05307096004770424
0.0006480881399870382
0.0012953367875647669
0.07319952774498228
0.0
0.0012953367875647669
0.0003965107057890563
0.0006480881399870382
0.0
0.0006480881399870382
0.0006480881399870382
0.0
0.0012953367875647669
0.0
0.0
0.003229974160206718
0.0012944983818770227
0.002585649644473174
0.002585649644473174
0.0012944983818770227
0.0019404915912031048
0.0019404915912031048
0.0006476683937823834
0.0019404915912031048
0.0006476683937823834
0.0012944983818770227
0.0006476683937823834
0.0012944983818770227
0.0006476683937823834
0.0019404915912031048
0.0019404915912031048
0.0012944983818770227
0.0019404915912031048
0.0006476683937823834
0.0006476683937823834
0.0006476683937823834
0.0019404915912031048
0.0012944983818770227
0.003873466752743706
0.0006476683937823834
0.0012944983818770227
0.0019404915912031048
0.0012944983818770227
0.002585649644473174
0.0019404915912031048
0.0014114326040931546
0.0014104372355430183
0.0006476683937823834
0.002585649644473174
0.0012944983818770227
0.0012944983818770227
0.0012944983818770227
0.0006476683937823834
0.0006476683937823834
0.0012944983818770227
0.0006476683937823834
0.0019404915912031048
0.0019404915912031048
0.0019404915912031048
0.0012944983818770227
0.0019404915912031048
0.0012944983818770227
0.0006476683937823834
0.0006476683937823834
0.0012944983818770227
0.0019404915912031048
0.0006476683937823834
0.0019404915912031048
0.0019404915912031048
0.0012944983818770227
0.0007062146892655367
0.0006476683937823834
0.0
0.002585649644473174
0.0006476683937823834
0.0
0.0012944983818770227
0.0019404915912031048
0.0019404915912031048
0.0019404915912031048
0.0012944983818770227
0.0012944983818770227
0.0012944983818770227
0.0012944983818770227
0.0006476683937823834
0.0006476683937823834
0.0012944983818770227
0.0
0.002585649644473174
0.0019404915912031048
0.002585649644473174
0.0006476683937823834
0.0
0.0019404915912031048
0.0012944983818770227
0.003229974160206718
0.0019404915912031048
0.0006476683937823834
0.003229974160206718
0.0019404915912031048
0.0019404915912031048
0.0012944983818770227
0.0019404915912031048
0.0019404915912031048
0.002585649644473174
0.002585649644473174
0.0006476683937823834
0.0006476683937823834
0.0006476683937823834
0.0012944983818770227
0.0012944983818770227
0.0012944983818770227
0.0019404915912031048
0.0006476683937823834
0.0006476683937823834
0.0006476683937823834
0.0019404915912031048
0.0019404915912031048
0.0006476683937823834
0.0019404915912031048
0.0019404915912031048
0.0019404915912031048
0.0012944983818770227
0.0006476683937823834
0.0012944983818770227
0.0006476683937823834
0.0019404915912031048
0.0019404915912031048
0.0012944983818770227
0.002585649644473174
0.0012944983818770227
0.0012944983818770227
0.0
0.0012944983818770227
0.0035211267605633804
0.002585649644473174
0.002585649644473174
0.0019404915912031048
0.0019404915912031048
0.0006476683937823834
0.0006476683937823834
0.0006476683937823834
0.0019404915912031048
0.003229974160206718
0.0006476683937823834
0.0006476683937823834
0.002585649644473174
0.0006476683937823834
0.0012944983818770227
0.0019404915912031048
0.0019404915912031048
0.0012944983818770227
0.0012944983818770227
0.0003965107057890563
0.0012944983818770227
0.0012944983818770227
0.0
0.003229974160206718
0.0006476683937823834
0.0019404915912031048
0.0012944983818770227
0.07770472205618649
0.0012944983818770227
0.0012944983818770227
0.0006476683937823834
0.04318734793187348
0.002585649644473174
0.08354922279792747
0.002585649644473174
0.0006476683937823834
0.0006476683937823834
0.0012944983818770227
0.08748403575989783
0.0006476683937823834
0.0006476683937823834
0.002585649644473174
0.0012944983818770227
0.0012944983818770227
0.0019404915912031048
0.0012944983818770227
0.0006476683937823834
0.002585649644473174
0.0012944983818770227
0.0012944983818770227
0.0012944983818770227
0.0012944983818770227
0.0019404915912031048
0.0012944983818770227
0.0019404915912031048
0.05837466615795498
0.0007736943907156673
0.0003965107057890563
0.0006476683937823834
0.07770472205618649
0.0019404915912031048
0.0019404915912031048
0.0
0.03724053724053724
0.0019404915912031048
0.04867924528301887
0.002585649644473174
0.0
0.0
0.0006476683937823834
0.0012944983818770227
0.0019404915912031048
0.0019404915912031048
0.0006476683937823834
0.0003965107057890563
0.0007927070947284979
0.002585649644473174
