0.0030487804878048808
0.0
0.03100775193798455
0.0
0.03100775193798455
0.0030487804878048808
0.03100775193798455
0.0
0.0014224751066855834
0.0
0.004587155963302725
0.0013210039630119352
0.004484304932735439
0.0
0.004545454545454519
0.0
0.0
0.004484304932735439
0.004484304932735439
0.0021141649048626032
0.0
0.0
0.0024999999999999467
0.0015037593984962294
0.0
0.0
0.0
0.004484304932735439
0.0
0.0015037593984962294
0.0
0.0
0.0045045045045044585
0.004784688995215336
0.004878048780487809
0.0
0.0
0.0
0.004566210045662156
0.07672955974842766
0.004545454545454519
0.16918429003021151
0.0045045045045044585
0.0
0.0021141649048626032
0.0
0.004484304932735439
0.0045045045045044585
0.0
0.0
0.0
0.004545454545454519
0.0
0.0
0.0024999999999999467
0.004587155963302725
0.0
0.0028530670470755526
0.0014705882352941124
0.0
0.004524886877828038
0.0
0.0
0.0
0.0
0.0014727540500736325
0.002512562814070307
0.004545454545454519
0.0045045045045044585
0.001322751322751281
0.0
0.004545454545454519
0.108416547788873
0.07514450867052025
0.0276967930029155
0.0
0.0010111223458038054
0.0
0.009009009009009028
0.0014992503748125774
0.0
0.07212205270457694
0.0045045045045044585
0.0
0.0
0.0
0.0045045045045044585
0.0014265335235378318
0.0013850415512465242
0.0
0.0
0.001386962552011095
0.0
0.001386962552011095
0.0
0.0014727540500736325
0.0
0.0
0.0
0.0
0.001386962552011095
0.001536098310291889
0.0
0.0
0.0
0.14237288135593218
0.0
0.189873417721519
0.0
0.0
0.0
0.0
0.00421940928270037
0.005376344086021501
0.0
0.0014705882352941124
0.0
0.004587155963302725
0.004545454545454519
0.0
0.0049261083743842304
0.0
0.0
0.0
0.0
0.0014705882352941124
0.1362007168458781
0.0
0.0
0.0014285714285714457
0.0
0.0023529411764705577
0.0014705882352941124
0.0010256410256410664
0.0
0.058394160583941646
0.0031746031746031633
0.0
0.0010111223458038054
0.0
0.0010256410256410664
0.0
0.005970149253731294
0.0
0.0
0.0
0.0014727540500736325
0.0014727540500736325
0.0014705882352941124
0.0014705882352941124
0.109375
0.004807692307692291
0.004545454545454519
0.0
0.0
0.0757780784844384
0.0010256410256410664
0.0
0.0
0.0014727540500736325
0.0
0.0039447731755424265
0.1382113821138211
0.1607142857142857
0.0014727540500736325
0.0
0.0
0.004524886877828038
0.017804154302670572
0.0010111223458038054
0.0
0.004587155963302725
0.0014727540500736325
0.17508417508417506
0.0
0.0
0.004524886877828038
0.1425389755011136
0.0014727540500736325
0.004854368932038833
0.21031746031746035
0.0
0.2068965517241379
0.22356495468277948
0.1254295532646048
0.0015384615384614886
0.004854368932038833
0.006756756756756799
0.001536098310291889
0.0
0.0015384615384614886
0.004545454545454519
0.06856403622250973
0.0
0.0
0.0013850415512465242
0.11856474258970362
0.0013850415512465242
0.0
0.0
0.0
0.0
0.0
0.0010101010101010166
0.0
0.0
0.0
0.0
0.0
0.08356164383561648
0.0
0.0
0.0015337423312883347
0.004901960784313708
0.004566210045662156
0.11864406779661019
0.041916167664670656
0.006849315068493178
0.0
0.005012531328320802
0.18154761904761907
0.00497512437810943
0.0
0.0034364261168384758
0.009009009009009028
0.004587155963302725
0.05458089668615984
0.047306176084099816
0.0
0.0025062656641604564
0.0
0.1968253968253968
0.0
0.004255319148936176
0.0
0.009049773755656076
0.0
0.009852216748768461
0.0
0.12125534950071326
0.0
0.0
0.0010111223458038054
0.0
0.0010111223458038054
0.05809128630705396
0.0
0.004950495049504955
0.15202702702702697
0.12240184757505779
0.0
0.0014727540500736325
0.0
0.0014727540500736325
0.0
0.0
0.0014727540500736325
0.0
0.109375
0.0014285714285714457
0.0
0.0
0.0
0.18148148148148147
0.06999999999999995
0.0010101010101010166
0.0
0.0
0.0
0.002512562814070307
0.0014727540500736325
0.002849002849002802
0.0
0.002512562814070307
0.207843137254902
0.07549857549857553
0.07391910739191077
0.0010101010101010166
0.0
0.0
0.0
0.0
0.0
0.0
0.0
0.0
0.007692307692307665
0.014184397163120588
0.23478260869565215
0.0
0.25
0.009009009009009028
0.0038461538461538325
0.0
0.0
0.0
0.0
0.14027149321266963
0.15964523281596454
0.13019891500904157
0.004545454545454519
0.0
0.06024096385542166
0.0
0.12969283276450516
0.0
0.004545454545454519
0.0010111223458038054
0.0010101010101010166
0.081989247311828
0.0049261083743842304
0.05614567526555392
0.0049261083743842304
0.054711246200607855
0.0024691358024691024
0.0024691358024691024
0.05614567526555392
0.0014285714285714457
0.09090909090909094
0.0010111223458038054
0.10215827338129502
0.053735255570117935
0.13015873015873014
0.0015384615384614886
0.1784386617100372
0.0014727540500736325
0.0
0.002512562814070307
0.0045045045045044585
0.001536098310291889
0.0014727540500736325
0.0010256410256410664
0.17191977077363896
0.0
0.02010050251256279
0.02083333333333337
0.0
0.009049773755656076
0.0014245014245014564
0.004854368932038833
0.0
0.0
0.0
0.0
0.0010111223458038054
0.001386962552011095
0.001386962552011095
0.12477064220183487
0.0360655737704918
0.13868613138686137
0.0
0.03100775193798455
0.03100775193798455
0.037878787878787845
0.03474903474903479
0.0
0.002409638554216831
0.14406779661016944
0.09499999999999997
0.0043290043290042934
0.0043290043290042934
0.007575757575757569
0.014814814814814836
0.0045045045045044585
0.0
0.001536098310291889
0.00694444444444442
0.0
0.1955719557195572
0.0
0.001506024096385561
0.002557544757033292
0.041254125412541254
0.004587155963302725
0.004587155963302725
0.004587155963302725
0.0010256410256410664
0.0
0.0
0.0073260073260073
0.13749999999999996
0.18150684931506844
0.007575757575757569
0.007843137254901933
0.0028530670470755526
0.0021834061135370675
0.001980198019801982
0.057491289198606244
0.10608695652173916
0.11931818181818177
0.1596091205211726
0.0
0.0030674846625766694
0.0031746031746031633
0.0031746031746031633
0.0031746031746031633
0.007575757575757569
0.2838427947598253
0.2838427947598253
0.015151515151515138
0.015151515151515138
0.00496277915632759
0.005555555555555536
0.0
0.2987012987012987
0.0
0.005235602094240788
0.0
0.12019230769230771
0.007633587786259555
0.004524886877828038
0.03065134099616862
0.001386962552011095
0.15287769784172667
0.06533333333333335
0.004545454545454519
0.002512562814070307
0.004545454545454519
0.002512562814070307
0.03149606299212604
0.08356164383561648
0.0014727540500736325
0.0014727540500736325
0.0
0.0014727540500736325
0.0014727540500736325
0.0049261083743842304
0.07047872340425532
0.07047872340425532
0.07047872340425532
0.19485294117647056
0.06524633821571235
0.2007299270072993
0.005025125628140725
0.004484304932735439
0.009009009009009028
0.07082152974504252
0.008862629246676468
0.011747430249632873
0.0373027259684362
0.004545454545454519
0.0
0.004545454545454519
0.004545454545454519
0.19940476190476186
0.004545454545454519
0.17136150234741787
0.0
0.003095975232198178
0.2991803278688525
0.001506024096385561
0.2857142857142857
0.022727272727272707
0.029126213592232997
0.008474576271186418
0.0052631578947368585
0.22099447513812154
0.0
0.2637362637362637
0.0
0.0031645569620253333
0.0
0.0
0.002849002849002802
0.06866952789699576
0.0
0.0010256410256410664
0.0
0.10102489019033678
0.09180327868852456
0.0
0.0043290043290042934
0.0040322580645161255
0.09090909090909094
0.09090909090909094
0.09090909090909094
0.0
0.017997750281214864
0.007462686567164201
0.0010111223458038054
0.046961325966850875
0.02580645161290318
0.109375
0.009049773755656076
0.013605442176870763
0.17880794701986757
0.0
0.015151515151515138
0.015151515151515138
0.1872791519434629
0.0
0.10052219321148825
0.10052219321148825
0.10052219321148825
0.004545454545454519
0.19485294117647056
0.2597402597402597
0.04173106646058733
0.0027855153203342198
0.0
0.0
0.12420382165605093
0.1437699680511182
0.001506024096385561
0.004149377593360981
0.0
0.015037593984962405
0.059751972942502785
0.09626719056974464
0.04695652173913045
0.01179941002949858
0.0
0.004524886877828038
0.0
0.0
0.0010245901639344135
0.0010256410256410664
0.045454545454545414
0.22697368421052633
0.006756756756756799
0.6062992125984252
0.0
0.0017452006980802626
0.003490401396160525
0.0017482517482517723
0.0014265335235378318
0.0024999999999999467
0.004566210045662156
0.001386962552011095
0.0532258064516129
0.04537205081669693
0.1786941580756014
0.18150684931506844
0.0
0.0
0.0
0.0
0.19485294117647056
0.001386962552011095
0.1127659574468085
0.18150684931506844
0.1786941580756014
0.18148148148148147
0.0
0.0
0.004830917874396157
0.004566210045662156
0.0014705882352941124
0.0
0.11111111111111116
0.0010111223458038054
0.0050000000000000044
0.0
0.0
0.0
0.037135278514588865
0.13776722090261284
0.009049773755656076
0.0015384615384614886
0.02985074626865669
0.07523510971786829
0.15249999999999997
0.07599118942731276
0.001506024096385561
0.0370967741935484
0.0
0.004587155963302725
0.0045045045045044585
0.0045045045045044585
0.0
0.0017452006980802626
0.019230769230769273
0.0010256410256410664
0.004566210045662156
0.029207232267037586
0.0
0.0010111223458038054
0.0071428571428571175
0.0
0.10188679245283017
0.02298850574712641
0.018018018018018056
0.02400000000000002
0.03829787234042559
0.004166666666666652
0.08921933085501854
0.017857142857142905
0.022222222222222254
0.03745318352059923
0.10320284697508897
0.026548672566371723
0.03358208955223885
0.0017452006980802626
0.0017452006980802626
0.0
0.0
0.09090909090909094
0.0
0.06865284974093266
0.18150684931506844
0.0
0.0
0.19999999999999996
0.1843003412969283
0.0
0.07073170731707312
0.07197943444730082
0.010582010582010581
0.0
0.009615384615384581
0.2620320855614974
0.0
0.07105263157894737
0.2896174863387978
0.0146520146520146
0.0010256410256410664
0.15412844036697249
0.07830551989730428
0.0014204545454545858
0.0
0.0611510791366906
0.09523809523809523
0.0010111223458038054
0.027027027027026973
0.027027027027026973
0.0
0.03050847457627115
0.030303030303030276
0.0
0.1312607944732297
0.002293577981651418
0.0
0.0014285714285714457
0.008968609865470878
0.0028328611898017497
0.008968609865470878
0.008968609865470878
0.8305084745762712
0.11111111111111116
0.078125
0.265
0.03474903474903479
0.04641350210970463
0.002136752136752129
0.03474903474903479
0.0045045045045044585
0.02212389380530977
0.0490196078431373
0.07523510971786829
0.04888888888888887
0.8688524590163934
0.1428571428571429
0.0
0.07936507936507942
0.004545454545454519
0.06856403622250973
0.26644736842105265
0.08333333333333337
0.013913043478260834
0.0684754521963824
0.0
0.0045045045045044585
0.004901960784313708
0.0030864197530864335
0.001506024096385561
0.0014245014245014564
0.0021413276231263545
0.004950495049504955
0.004524886877828038
0.0014727540500736325
0.051587301587301626
0.07216494845360821
0.0036429872495445936
0.02298850574712641
0.0
0.0
0.12941176470588234
0.0027586206896551557
0.26644736842105265
0.0
0.002136752136752129
0.06657789613848197
0.0017921146953404632
0.009569377990430672
0.004098360655737654
0.004545454545454519
0.0023148148148147696
0.0
0.0014265335235378318
0.06865284974093266
0.0
0.0017921146953404632
0.0021645021645021467
0.0017921146953404632
0.0017889087656529634
0.0017921146953404632
0.0017889087656529634
0.015873015873015928
0.0010245901639344135
0.001506024096385561
1.0
0.0
0.02212389380530977
0.0
0.0014285714285714457
0.0023148148148147696
0.09252669039145911
0.06985769728331181
0.022486772486772444
0.002336448598130869
0.0
0.045608108108108114
0.0045045045045044585
0.10888252148997135
0.009049773755656076
0.18081180811808117
0.012328767123287676
0.0010256410256410664
0.18014705882352944
0.0
0.0010111223458038054
0.022522522522522515
0.03396226415094339
0.003577817531305927
0.0017921146953404632
0.0014285714285714457
0.0016528925619834212
0.0
0.07512953367875652
0.022522522522522515
0.05782312925170063
0.0010111223458038054
0.0010111223458038054
0.032786885245901676
0.0
0.06856403622250973
0.002192982456140302
0.002192982456140302
0.1347305389221557
0.01632653061224487
0.0010111223458038054
0.19485294117647056
0.01178203240058906
0.004464285714285698
0.018292682926829285
0.00666666666666671
0.006557377049180357
0.002512562814070307
0.003984063745019917
0.014388489208633115
0.0014727540500736325
0.0017921146953404632
0.014903129657228065
0.004545454545454519
0.0
0.0014727540500736325
0.05410447761194026
0.05410447761194026
0.0
0.06338028169014087
0.0014285714285714457
0.015151515151515138
0.18283582089552242
0.007692307692307665
0.1021897810218978
0.03263403263403264
0.022321428571428603
0.0
0.0014245014245014564
0.0
0.31063829787234043
0.0045045045045044585
0.0045045045045044585
0.01379310344827589
0.002123142250530785
0.015151515151515138
0.0
0.0009891196834816984
0.109375
0.009009009009009028
0.028753993610223683
0.18081180811808117
0.004484304932735439
0.11041666666666672
0.002320185614849146
0.002320185614849146
0.0006640106241699861
0.0
0.004819277108433773
0.001386962552011095
0.0
0.18014705882352944
