0.5076923076923077
0.5102040816326531
0.45
0.5814977973568282
0.4567901234567901
0.45
0.45
0.5814977973568282
0.5796460176991151
0.45
0.45
0.4394904458598726
0.5796460176991151
0.5796460176991151
0.5833333333333334
0.4810810810810811
0.45
0.5911111111111111
0.45
0.5911111111111111
0.597457627118644
0.45
0.4567901234567901
0.5220125786163522
0.45
0.45
0.45
0.5796460176991151
0.45
0.5882352941176471
0.5411764705882353
0.45
0.5411764705882353
0.45
0.45
0.4358974358974359
0.48
0.45
0.45
0.4657534246575342
0.4657534246575342
0.4358974358974359
0.4394904458598726
0.5411764705882353
0.4358974358974359
0.4657534246575342
0.4358974358974359
0.4358974358974359
0.4657534246575342
0.4657534246575342
0.4358974358974359
0.569620253164557
0.4358974358974359
0.4657534246575342
0.5329341317365269
0.5301204819277109
0.4358974358974359
0.4657534246575342
0.5641025641025641
0.4394904458598726
0.4394904458598726
0.48
0.5796460176991151
0.45
0.4714285714285714
0.45
0.45
0.45
0.45
0.5814977973568282
0.45
0.45
0.45
0.45
0.45
0.6476190476190476
0.4358974358974359
0.4358974358974359
0.4657534246575342
0.4358974358974359
0.4358974358974359
0.4358974358974359
0.4358974358974359
0.4657534246575342
0.4358974358974359
0.5641025641025641
0.45
0.45
0.45
0.45
0.4676258992805755
0.45
0.45
0.4657534246575342
0.45
0.45
0.45
0.45
0.45
0.4567901234567901
0.45
0.45
0.45
0.45
0.45
0.45
0.45
0.45
0.4657534246575342
0.4358974358974359
0.4358974358974359
0.5301204819277109
0.45
0.45
0.45
0.5411764705882353
0.432258064516129
0.45
0.45
0.5411764705882353
0.45
0.5411764705882353
0.45
0.4657534246575342
0.4657534246575342
