0.13793103448275867
0.0
0.05714285714285716
0.0
0.3137254901960784
0.26086956521739135
0.13793103448275867
0.0
0.05714285714285716
0.0
0.3137254901960784
0.26086956521739135
0.13793103448275867
0.0
0.05714285714285716
0.0
0.3137254901960784
0.26086956521739135
0.0
0.00952380952380949
0.16176470588235292
0.0
0.007407407407407418
0.14925373134328357
0.18947368421052635
0.024390243902439046
0.0
0.0
0.16822429906542058
0.0
0.025000000000000022
0.2432432432432432
0.0
0.0
0.0
0.0
0.0
0.0
0.05714285714285716
0.0
0.05714285714285716
0.43999999999999995
0.05714285714285716
0.05714285714285716
0.05714285714285716
0.16000000000000003
0.05714285714285716
0.16000000000000003
0.16000000000000003
0.05714285714285716
0.11111111111111116
0.05714285714285716
0.05714285714285716
0.11111111111111116
0.05714285714285716
0.09523809523809523
0.09523809523809523
0.05714285714285716
0.05714285714285716
0.05714285714285716
0.05714285714285716
0.05555555555555558
0.05714285714285716
0.05714285714285716
0.05714285714285716
0.05555555555555558
0.05714285714285716
0.05714285714285716
0.05714285714285716
0.05714285714285716
0.05714285714285716
0.0
0.05714285714285716
0.05714285714285716
0.05714285714285716
0.05714285714285716
0.05714285714285716
0.05714285714285716
0.05714285714285716
0.1785714285714286
0.05714285714285716
0.0
0.29702970297029707
0.13793103448275867
0.13793103448275867
0.41666666666666663
0.13793103448275867
0.13793103448275867
0.13793103448275867
0.13793103448275867
0.41666666666666663
0.125
0.05714285714285716
0.09523809523809523
0.05714285714285716
0.05714285714285716
0.05714285714285716
0.05714285714285716
0.05714285714285716
0.05714285714285716
0.0
0.13793103448275867
0.05714285714285716
0.3008849557522124
0.2920353982300885
0.3008849557522124
0.2920353982300885
0.13793103448275867
0.5333333333333333
0.27601809954751133
0.2627118644067796
0.15929203539823011
0.25806451612903225
0.0
0.20588235294117652
0.41666666666666663
0.13793103448275867
0.5037593984962406
0.44999999999999996
0.33333333333333337
0.0
0.08571428571428574
0.48484848484848486
0.17821782178217827
0.17821782178217827
0.0
0.0
0.17821782178217827
0.17821782178217827
0.0
0.17821782178217827
0.0
0.17821782178217827
0.0
0.0
0.0
0.17821782178217827
0.28037383177570097
0.17821782178217827
0.18226600985221675
0.17821782178217827
0.17821782178217827
0.48484848484848486
0.13793103448275867
0.0
0.0
0.0
0.0
0.0
0.0
0.0
0.0
0.17821782178217827
0.13793103448275867
0.0
0.0
0.17821782178217827
0.0
0.17821782178217827
0.17821782178217827
