0.0006480881399870686
0.00032393909944927746
0.00019829466587351074
0.00032414910858991064
0.0006480881399870686
0.0006476683937823857
0.0005946481665014547
0.0006480881399870686
0.0006480881399870686
0.00032393909944927746
0.00019829466587351074
0.00032414910858991064
0.0003965107057890549
0.0003965107057890549
0.0003965107057890549
0.0
0.0003965107057890549
0.0005946481665014547
0.00019829466587351074
0.0003965107057890549
0.0005946481665014547
0.00019829466587351074
0.02725880551301685
0.00032414910858991064
0.0006480881399870686
0.03799019607843135
0.0
0.0006480881399870686
0.00019829466587351074
0.00032414910858991064
0.0
0.00032414910858991064
0.00032414910858991064
0.0
0.0006480881399870686
0.0
0.0
0.0016175994823681705
0.0006476683937823857
0.0012944983818770073
0.0012944983818770073
0.0006476683937823857
0.0009711880867594447
0.0009711880867594447
0.00032393909944927746
0.0009711880867594447
0.00032393909944927746
0.0006476683937823857
0.00032393909944927746
0.0006476683937823857
0.00032393909944927746
0.0009711880867594447
0.0009711880867594447
0.0006476683937823857
0.0009711880867594447
0.00032393909944927746
0.00032393909944927746
0.00032393909944927746
0.0009711880867594447
0.0006476683937823857
0.0019404915912031306
0.00032393909944927746
0.0006476683937823857
0.0009711880867594447
0.0006476683937823857
0.0012944983818770073
0.0009711880867594447
0.0007062146892655718
0.0007057163020465218
0.00032393909944927746
0.0012944983818770073
0.0006476683937823857
0.0006476683937823857
0.0006476683937823857
0.00032393909944927746
0.00032393909944927746
0.0006476683937823857
0.00032393909944927746
0.0009711880867594447
0.0009711880867594447
0.0009711880867594447
0.0006476683937823857
0.0009711880867594447
0.0006476683937823857
0.00032393909944927746
0.00032393909944927746
0.0006476683937823857
0.0009711880867594447
0.00032393909944927746
0.0009711880867594447
0.0009711880867594447
0.0006476683937823857
0.00035323207347226493
0.00032393909944927746
0.0
0.0012944983818770073
0.00032393909944927746
0.0
0.0006476683937823857
0.0009711880867594447
0.0009711880867594447
0.0009711880867594447
0.0006476683937823857
0.0006476683937823857
0.0006476683937823857
0.0006476683937823857
0.00032393909944927746
0.00032393909944927746
0.0006476683937823857
0.0
0.0012944983818770073
0.0009711880867594447
0.0012944983818770073
0.00032393909944927746
0.0
0.0009711880867594447
0.0006476683937823857
0.0016175994823681705
0.0009711880867594447
0.00032393909944927746
0.0016175994823681705
0.0009711880867594447
0.0009711880867594447
0.0006476683937823857
0.0009711880867594447
0.0009711880867594447
0.0012944983818770073
0.0012944983818770073
0.00032393909944927746
0.00032393909944927746
0.00032393909944927746
0.0006476683937823857
0.0006476683937823857
0.0006476683937823857
0.0009711880867594447
0.00032393909944927746
0.00032393909944927746
0.00032393909944927746
0.0009711880867594447
0.0009711880867594447
0.00032393909944927746
0.0009711880867594447
0.0009711880867594447
0.0009711880867594447
0.0006476683937823857
0.00032393909944927746
0.0006476683937823857
0.00032393909944927746
0.0009711880867594447
0.0009711880867594447
0.0006476683937823857
0.0012944983818770073
0.0006476683937823857
0.0006476683937823857
0.0
0.0006476683937823857
0.0017636684303351524
0.0012944983818770073
0.0012944983818770073
0.0009711880867594447
0.0009711880867594447
0.00032393909944927746
0.00032393909944927746
0.00032393909944927746
0.0009711880867594447
0.0016175994823681705
0.00032393909944927746
0.00032393909944927746
0.0012944983818770073
0.00032393909944927746
0.0006476683937823857
0.0009711880867594447
0.0009711880867594447
0.0006476683937823857
0.0006476683937823857
0.00019829466587351074
0.0006476683937823857
0.0006476683937823857
0.0
0.0016175994823681705
0.00032393909944927746
0.0009711880867594447
0.0006476683937823857
0.040422885572139355
0.0006476683937823857
0.0006476683937823857
0.00032393909944927746
0.022070251787379536
0.0012944983818770073
0.04359580939506591
0.0012944983818770073
0.00032393909944927746
0.00032393909944927746
0.0006476683937823857
0.04574290484140231
0.00032393909944927746
0.00032393909944927746
0.0012944983818770073
0.0006476683937823857
0.0006476683937823857
0.0009711880867594447
0.0006476683937823857
0.00032393909944927746
0.0012944983818770073
0.0006476683937823857
0.0006476683937823857
0.0006476683937823857
0.0006476683937823857
0.0009711880867594447
0.0006476683937823857
0.0009711880867594447
0.0300648457457261
0.00038699690402477227
0.00019829466587351074
0.00032393909944927746
0.040422885572139355
0.0009711880867594447
0.0009711880867594447
0.0
0.018973561430793207
0.0009711880867594447
0.024946818797137893
0.0012944983818770073
0.0
0.0
0.00032393909944927746
0.0006476683937823857
0.0009711880867594447
0.0009711880867594447
0.00032393909944927746
0.00019829466587351074
0.0003965107057890549
0.0012944983818770073
