0.6986754966887417
0.7387096774193549
0.5752212389380531
0.6008403361344538
0.6986754966887417
0.6946308724832215
0.5752212389380531
0.6008403361344538
0.737012987012987
0.7403846153846154
0.5752212389380531
0.6008403361344538
0.5126903553299492
0.5102040816326531
0.5102040816326531
0.5102040816326531
0.6865671641791045
0.6865671641791045
0.5126903553299492
0.5102040816326531
0.5126903553299492
0.5102040816326531
0.5126903553299492
0.5102040816326531
0.5102040816326531
0.5076923076923077
0.5102040816326531
0.5102040816326531
0.5102040816326531
0.5102040816326531
0.5126903553299492
0.5102040816326531
0.5102040816326531
0.5102040816326531
0.5102040816326531
0.5126903553299492
0.5076923076923077
0.5076923076923077
0.5126903553299492
0.5076923076923077
0.5076923076923077
0.5076923076923077
0.5076923076923077
0.6740088105726872
0.6986754966887417
0.6986754966887417
0.7403846153846154
0.7387096774193549
0.6964285714285714
0.6986754966887417
0.737012987012987
0.6986754966887417
0.7403846153846154
0.5869565217391305
0.5227272727272727
0.5227272727272727
0.5227272727272727
0.5227272727272727
0.5227272727272727
0.5227272727272727
0.5813008130081301
0.5227272727272727
0.5227272727272727
0.5227272727272727
0.5227272727272727
0.49282296650717705
0.5227272727272727
0.6008403361344538
0.5227272727272727
0.5102040816326531
0.6761006289308176
0.6268115942028986
0.5076923076923077
0.5102040816326531
0.5076923076923077
0.5076923076923077
0.5076923076923077
0.49282296650717705
0.5227272727272727
0.5227272727272727
0.6677215189873418
0.6259842519685039
0.6698113207547169
0.6235294117647059
0.6235294117647059
0.5102040816326531
0.5733333333333334
0.5733333333333334
0.6635220125786163
0.6635220125786163
0.6635220125786163
0.5076923076923077
0.45
0.5076923076923077
0.7181818181818181
0.5752212389380531
0.5733333333333334
0.5076923076923077
0.5076923076923077
0.5076923076923077
0.5076923076923077
0.5102040816326531
0.5102040816326531
0.7168141592920354
0.45
0.5814977973568282
0.4567901234567901
0.45
0.45
0.5814977973568282
0.5796460176991151
0.45
0.45
0.4394904458598726
0.5796460176991151
0.5796460176991151
0.5833333333333334
0.4810810810810811
0.45
0.5555555555555556
0.5906976744186047
0.5121951219512195
0.597457627118644
0.45
0.45
0.6718146718146718
0.6591760299625468
0.651685393258427
0.6031746031746031
0.5220125786163522
0.45
0.45
0.45
0.5796460176991151
0.45
0.5882352941176471
0.5411764705882353
0.45
0.5411764705882353
0.45
0.45
0.4358974358974359
0.4657534246575342
0.45
0.45
0.4657534246575342
0.4657534246575342
0.4358974358974359
0.4394904458598726
0.5411764705882353
0.4358974358974359
0.4657534246575342
0.4358974358974359
0.4358974358974359
0.6157635467980296
0.4657534246575342
0.4358974358974359
0.569620253164557
0.4358974358974359
0.4657534246575342
0.5301204819277109
0.5301204819277109
0.4358974358974359
0.4657534246575342
0.5641025641025641
0.4358974358974359
0.4358974358974359
0.5
0.5076923076923077
0.6195121951219512
0.5796460176991151
0.45
0.4714285714285714
0.45
0.45
0.45
0.45
0.5814977973568282
0.45
0.45
0.45
0.45
0.45
0.5944700460829493
0.4358974358974359
0.4358974358974359
0.4657534246575342
0.4358974358974359
0.4358974358974359
0.4358974358974359
0.4358974358974359
0.4657534246575342
0.4358974358974359
0.5641025641025641
0.5
0.6209386281588448
0.45
0.45
0.45
0.45
0.4676258992805755
0.45
0.45
0.6157635467980296
0.5733333333333334
0.5733333333333334
0.5992217898832685
0.6666666666666666
0.45
0.45
0.45
0.5076923076923077
0.45
0.45
0.4567901234567901
0.45
0.45
0.45
0.45
0.45
0.45
0.694078947368421
0.45
0.45
0.4657534246575342
0.5102040816326531
0.4358974358974359
0.4358974358974359
0.5301204819277109
0.45
0.45
0.6996587030716723
0.6856287425149701
0.6730769230769231
0.5102040816326531
0.5102040816326531
0.45
0.5411764705882353
0.7275641025641025
0.6521739130434783
0.5076923076923077
0.5076923076923077
0.5076923076923077
0.432258064516129
0.5752212389380531
0.45
0.45
0.5411764705882353
0.45
0.5411764705882353
0.45
0.6996587030716723
0.6465863453815262
0.6854304635761589
0.5076923076923077
0.5076923076923077
0.5102040816326531
0.5076923076923077
0.5076923076923077
0.5102040816326531
0.5076923076923077
0.5076923076923077
0.5076923076923077
0.5102040816326531
0.5102040816326531
0.5076923076923077
0.5076923076923077
0.5102040816326531
0.4657534246575342
0.5102040816326531
0.5102040816326531
0.5102040816326531
0.5076923076923077
0.5102040816326531
0.5102040816326531
0.5102040816326531
0.5076923076923077
0.5102040816326531
0.5076923076923077
0.5076923076923077
0.5076923076923077
0.5102040816326531
0.5102040816326531
0.5102040816326531
0.5102040816326531
0.5102040816326531
0.5102040816326531
0.5102040816326531
0.5102040816326531
0.5076923076923077
0.5102040816326531
0.5102040816326531
0.5076923076923077
0.5076923076923077
0.5076923076923077
0.5102040816326531
0.5076923076923077
0.5102040816326531
0.5076923076923077
0.5102040816326531
0.5076923076923077
0.5102040816326531
0.5076923076923077
0.5102040816326531
0.5102040816326531
0.5076923076923077
0.5102040816326531
0.5102040816326531
0.5076923076923077
0.5102040816326531
0.5076923076923077
0.5102040816326531
0.5733333333333334
0.5076923076923077
0.5102040816326531
0.4657534246575342
0.5076923076923077
