0.5076923076923077
0.5102040816326531
0.44999999999999996
0.5814977973568283
0.45679012345679015
0.44999999999999996
0.44999999999999996
0.5814977973568283
0.5796460176991151
0.44999999999999996
0.44999999999999996
0.4394904458598726
0.5796460176991151
0.5796460176991151
0.5833333333333333
0.48108108108108105
0.44999999999999996
0.5911111111111111
0.44999999999999996
0.5911111111111111
0.597457627118644
0.44999999999999996
0.45679012345679015
0.5220125786163522
0.44999999999999996
0.44999999999999996
0.44999999999999996
0.5796460176991151
0.44999999999999996
0.5882352941176471
0.5411764705882354
0.44999999999999996
0.5411764705882354
0.44999999999999996
0.44999999999999996
0.4358974358974359
0.48
0.44999999999999996
0.44999999999999996
0.4657534246575342
0.4657534246575342
0.4358974358974359
0.4394904458598726
0.5411764705882354
0.4358974358974359
0.4657534246575342
0.4358974358974359
0.4358974358974359
0.4657534246575342
0.4657534246575342
0.4358974358974359
0.5696202531645569
0.4358974358974359
0.4657534246575342
0.5329341317365269
0.5301204819277108
0.4358974358974359
0.4657534246575342
0.5641025641025641
0.4394904458598726
0.4394904458598726
0.48
0.5796460176991151
0.44999999999999996
0.4714285714285714
0.44999999999999996
0.44999999999999996
0.44999999999999996
0.44999999999999996
0.5814977973568283
0.44999999999999996
0.44999999999999996
0.44999999999999996
0.44999999999999996
0.44999999999999996
0.6476190476190475
0.4358974358974359
0.4358974358974359
0.4657534246575342
0.4358974358974359
0.4358974358974359
0.4358974358974359
0.4358974358974359
0.4657534246575342
0.4358974358974359
0.5641025641025641
0.44999999999999996
0.44999999999999996
0.44999999999999996
0.44999999999999996
0.4676258992805755
0.44999999999999996
0.44999999999999996
0.4657534246575342
0.44999999999999996
0.44999999999999996
0.44999999999999996
0.44999999999999996
0.44999999999999996
0.45679012345679015
0.44999999999999996
0.44999999999999996
0.44999999999999996
0.44999999999999996
0.44999999999999996
0.44999999999999996
0.44999999999999996
0.44999999999999996
0.4657534246575342
0.4358974358974359
0.4358974358974359
0.5301204819277108
0.44999999999999996
0.44999999999999996
0.44999999999999996
0.5411764705882354
0.432258064516129
0.44999999999999996
0.44999999999999996
0.5411764705882354
0.44999999999999996
0.5411764705882354
0.44999999999999996
0.4657534246575342
0.4657534246575342
