0.3167259786476868
0.44171779141104295
0.5
0.3191489361702128
0.5261845386533666
0.3167259786476868
0.44171779141104295
0.4347826086956522
0.3191489361702128
0.5261845386533666
0.3167259786476868
0.49689440993788825
0.5045871559633027
0.3191489361702128
0.5261845386533666
0.32155477031802115
0.3191489361702128
0.3191489361702128
0.3191489361702128
0.5181818181818182
0.5181818181818182
0.32155477031802115
0.3191489361702128
0.32155477031802115
0.3191489361702128
0.32155477031802115
0.3191489361702128
0.3191489361702128
0.3167259786476868
0.3191489361702128
0.3191489361702128
0.3191489361702128
0.3191489361702128
0.32155477031802115
0.3191489361702128
0.3191489361702128
0.3191489361702128
0.3191489361702128
0.32155477031802115
0.3167259786476868
0.3167259786476868
0.32155477031802115
0.3167259786476868
0.3167259786476868
0.3167259786476868
0.3167259786476868
0.475177304964539
0.44171779141104295
0.4276729559748428
0.5030674846625767
0.5030674846625767
0.5160142348754448
0.532133676092545
0.5824742268041236
0.5297157622739018
0.4774193548387097
0.527363184079602
0.4776119402985075
0.4776119402985075
0.4776119402985075
0.4776119402985075
0.4776119402985075
0.4776119402985075
0.5
0.4776119402985075
0.4776119402985075
0.4776119402985075
0.4776119402985075
0.4776119402985075
0.4776119402985075
0.5261845386533666
0.4776119402985075
0.3191489361702128
0.5024154589371981
0.5118483412322274
0.3167259786476868
0.3191489361702128
0.3167259786476868
0.3167259786476868
0.3167259786476868
0.4776119402985075
0.4776119402985075
0.4776119402985075
0.4117647058823529
0.537712895377129
0.41666666666666663
0.4018691588785047
0.4018691588785047
0.3191489361702128
0.3167259786476868
0.3167259786476868
0.37058823529411766
0.407202216066482
0.4904761904761905
0.3167259786476868
0.415282392026578
0.3167259786476868
0.48189415041782735
0.3191489361702128
0.3167259786476868
0.3167259786476868
0.3167259786476868
0.3167259786476868
0.3167259786476868
0.3191489361702128
0.3191489361702128
0.3167259786476868
0.415282392026578
0.5261845386533666
0.4191419141914191
0.415282392026578
0.30708661417322836
0.5261845386533666
0.525
0.415282392026578
0.30708661417322836
0.415282392026578
0.525
0.525
0.527363184079602
0.3191489361702128
0.415282392026578
0.44744744744744747
0.415282392026578
0.41002949852507375
0.525
0.415282392026578
0.415282392026578
0.4879518072289156
0.45833333333333337
0.4497041420118343
0.3975903614457831
0.4758620689655172
0.30708661417322836
0.30708661417322836
0.415282392026578
0.525
0.415282392026578
0.5254237288135593
0.3858267716535433
0.30708661417322836
0.3858267716535433
0.30708661417322836
0.30708661417322836
0.30708661417322836
0.33333333333333337
0.30708661417322836
0.415282392026578
0.33333333333333337
0.44483985765124556
0.415282392026578
0.30708661417322836
0.3858267716535433
0.415282392026578
0.44483985765124556
0.415282392026578
0.415282392026578
0.44483985765124556
0.44483985765124556
0.415282392026578
0.519434628975265
0.415282392026578
0.33333333333333337
0.3858267716535433
0.4817275747508306
0.415282392026578
0.44483985765124556
0.5160142348754448
0.30708661417322836
0.30708661417322836
0.4671052631578947
0.3167259786476868
0.33333333333333337
0.525
0.30708661417322836
0.32727272727272727
0.30708661417322836
0.30708661417322836
0.30708661417322836
0.30708661417322836
0.5261845386533666
0.30708661417322836
0.30708661417322836
0.30708661417322836
0.30708661417322836
0.30708661417322836
0.415282392026578
0.415282392026578
0.415282392026578
0.33333333333333337
0.415282392026578
0.415282392026578
0.415282392026578
0.415282392026578
0.44483985765124556
0.415282392026578
0.5160142348754448
0.49689440993788825
0.41666666666666663
0.415282392026578
0.415282392026578
0.30708661417322836
0.30708661417322836
0.32420091324200917
0.30708661417322836
0.30708661417322836
0.44483985765124556
0.3167259786476868
0.3167259786476868
0.3905325443786982
0.5285359801488834
0.30708661417322836
0.415282392026578
0.30708661417322836
0.3167259786476868
0.30708661417322836
0.30708661417322836
0.3125
0.30708661417322836
0.415282392026578
0.415282392026578
0.415282392026578
0.415282392026578
0.415282392026578
0.4414414414414415
0.30708661417322836
0.30708661417322836
0.44483985765124556
0.3191489361702128
0.415282392026578
0.415282392026578
0.415282392026578
0.415282392026578
0.415282392026578
0.415282392026578
0.5170842824601367
0.38181818181818183
0.3191489361702128
0.3191489361702128
0.30708661417322836
0.3858267716535433
0.5663265306122449
0.4623655913978495
0.3167259786476868
0.3167259786476868
0.3167259786476868
0.415282392026578
0.3191489361702128
0.30708661417322836
0.30708661417322836
0.3858267716535433
0.30708661417322836
0.3858267716535433
0.30708661417322836
0.41137123745819393
0.44303797468354433
0.5226130653266332
0.3167259786476868
0.3167259786476868
0.3191489361702128
0.3167259786476868
0.3167259786476868
0.3191489361702128
0.3167259786476868
0.3167259786476868
0.3167259786476868
0.3191489361702128
0.3191489361702128
0.3167259786476868
0.3167259786476868
0.3191489361702128
0.44483985765124556
0.3191489361702128
0.3191489361702128
0.3191489361702128
0.3167259786476868
0.3191489361702128
0.3191489361702128
0.3191489361702128
0.3167259786476868
0.3191489361702128
0.3167259786476868
0.3167259786476868
0.3167259786476868
0.3191489361702128
0.3191489361702128
0.3191489361702128
0.3191489361702128
0.3191489361702128
0.3191489361702128
0.3191489361702128
0.3191489361702128
0.3167259786476868
0.3191489361702128
0.3191489361702128
0.3167259786476868
0.3167259786476868
0.3167259786476868
0.3191489361702128
0.3167259786476868
0.3191489361702128
0.3167259786476868
0.3191489361702128
0.3167259786476868
0.3191489361702128
0.3167259786476868
0.3191489361702128
0.3191489361702128
0.3167259786476868
0.3191489361702128
0.3191489361702128
0.3167259786476868
0.3191489361702128
0.3167259786476868
0.3191489361702128
0.3167259786476868
0.3167259786476868
0.3191489361702128
0.44483985765124556
0.3167259786476868
