-1.0
0.5384615384615384
1.0
0.4862385321100917
-1.0
1.0
1.0
0.9166666666666666
0.0
0.0
0.5
0.5
0.35051546391752575
-1.0
0.49743589743589745
1.0
0.4862385321100917
-1.0
1.0
1.0
0.9166666666666666
0.0
0.0
0.5
0.40909090909090906
0.35051546391752575
-1.0
0.558974358974359
1.0
0.4862385321100917
-1.0
1.0
1.0
0.9166666666666666
0.0
0.0
0.5
0.40909090909090906
0.35051546391752575
0.4545454545454546
0.5714285714285714
0.627906976744186
0.65625
1.0
0.75
0.65625
-1.0
0.625
-1.0
-1.0
1.0
1.0
-1.0
-1.0
-1.0
-1.0
-1.0
-1.0
-1.0
-1.0
1.0
-1.0
-1.0
-1.0
-1.0
-1.0
-1.0
-1.0
1.0
1.0
-1.0
-1.0
1.0
-1.0
1.0
-1.0
-1.0
0.0
0.9166666666666666
0.9166666666666666
0.9166666666666666
0.9166666666666666
0.9166666666666666
0.33333333333333337
0.33333333333333337
0.33333333333333337
0.33333333333333337
0.33333333333333337
0.33333333333333337
0.33333333333333337
0.33333333333333337
0.33333333333333337
0.9166666666666666
0.9230769230769231
0.9166666666666666
0.9230769230769231
0.92
0.92
0.5
0.9166666666666666
0.92
0.9166666666666666
0.9166666666666666
0.9583333333333334
0.9230769230769231
0.92
0.5
0.92
0.9230769230769231
0.9166666666666666
0.9565217391304348
0.9230769230769231
0.9166666666666666
0.0
0.9230769230769231
0.9230769230769231
0.92
0.9166666666666666
0.9166666666666666
1.0
1.0
-1.0
1.0
1.0
1.0
1.0
1.0
0.33333333333333337
0.33333333333333337
0.33333333333333337
1.0
1.0
1.0
1.0
1.0
1.0
1.0
1.0
1.0
1.0
1.0
-1.0
1.0
-1.0
1.0
-1.0
0.0
1.0
1.0
0.0
-1.0
1.0
0.6585365853658536
0.6585365853658536
0.6585365853658536
0.7560975609756098
1.0
0.31707317073170727
0.2195121951219512
0.65
0.2195121951219512
0.31707317073170727
0.7
0.65
0.006802721088435382
0.20270270270270274
0.1428571428571429
0.1428571428571429
0.1428571428571429
0.1428571428571429
0.20270270270270274
0.1428571428571429
-1.0
0.92
0.2517006802721088
1.0
-1.0
1.0
1.0
0.6585365853658536
0.65
0.75
0.6585365853658536
0.6585365853658536
0.75
1.0
-1.0
1.0
-1.0
-1.0
0.65
1.0
0.65
0.65
0.6585365853658536
1.0
0.28205128205128205
0.6585365853658536
0.65
0.0
1.0
1.0
1.0
1.0
1.0
-1.0
-1.0
1.0
0.0
0.7872340425531915
1.0
0.19727891156462585
1.0
1.0
0.5
0.5
0.33333333333333337
0.33333333333333337
1.0
1.0
0.33333333333333337
0.49397590361445787
0.4457831325301205
0.3975903614457831
0.7349397590361446
0.4285714285714286
0.7530864197530864
0.40909090909090906
0.7752808988764045
1.0
0.39534883720930236
0.33333333333333337
1.0
0.18181818181818177
0.1428571428571429
0.7894736842105263
-1.0
-1.0
0.012048192771084376
0.012048192771084376
0.012048192771084376
0.012048192771084376
0.0
0.6585365853658536
0.012048192771084376
1.0
0.65
0.012048192771084376
-1.0
0.19999999999999996
0.5360824742268041
0.5
0.33333333333333337
0.35051546391752575
0.5567010309278351
0.35051546391752575
0.5360824742268041
0.4457831325301205
0.10843373493975905
0.33333333333333337
0.2195121951219512
0.33333333333333337
0.5567010309278351
0.7560975609756098
0.3163265306122449
0.4591836734693877
0.5794871794871794
0.5794871794871794
0.7066666666666667
0.19999999999999996
0.19999999999999996
0.8181818181818181
1.0
0.19999999999999996
0.19999999999999996
1.0
0.8695652173913043
0.1428571428571429
0.1428571428571429
0.012048192771084376
0.5
-1.0
-1.0
1.0
0.6585365853658536
0.8695652173913043
1.0
1.0
0.33333333333333337
0.21739130434782605
0.8181818181818181
1.0
1.0
0.7560975609756098
0.0
0.2195121951219512
0.2682926829268293
0.33333333333333337
0.012048192771084376
0.3493975903614458
0.0
0.4
0.4
0.654320987654321
0.65625
1.0
0.4
0.46341463414634143
0.5384615384615384
0.19727891156462585
0.4098360655737705
1.0
-1.0
0.75
1.0
1.0
0.8181818181818181
-1.0
0.8181818181818181
0.43529411764705883
0.33333333333333337
-1.0
0.7530864197530864
0.6206896551724138
0.6206896551724138
0.0
0.6829268292682926
0.5
-1.0
