0.5368956743002544
0.5856777493606138
0.40372670807453415
0.4294294294294294
0.5368956743002544
0.532133676092545
0.40372670807453415
0.4294294294294294
0.583547557840617
0.5877862595419847
0.40372670807453415
0.4294294294294294
0.3447098976109215
0.34246575342465757
0.34246575342465757
0.34246575342465757
0.5227272727272727
0.5227272727272727
0.3447098976109215
0.34246575342465757
0.3447098976109215
0.34246575342465757
0.3447098976109215
0.34246575342465757
0.34246575342465757
0.3402061855670103
0.34246575342465757
0.34246575342465757
0.34246575342465757
0.34246575342465757
0.3447098976109215
0.34246575342465757
0.34246575342465757
0.34246575342465757
0.34246575342465757
0.3447098976109215
0.3402061855670103
0.3402061855670103
0.3447098976109215
0.3402061855670103
0.3402061855670103
0.3402061855670103
0.3402061855670103
0.5083056478405316
0.5368956743002544
0.5368956743002544
0.5877862595419847
0.5856777493606138
0.5342465753424658
0.5368956743002544
0.583547557840617
0.5368956743002544
0.5877862595419847
0.41538461538461535
0.3538461538461538
0.3538461538461538
0.3538461538461538
0.3538461538461538
0.3538461538461538
0.3538461538461538
0.4097421203438395
0.3538461538461538
0.3538461538461538
0.3538461538461538
0.3538461538461538
0.32698412698412693
0.3538461538461538
0.4294294294294294
0.3538461538461538
0.34246575342465757
0.510688836104513
0.45646437994722955
0.3402061855670103
0.34246575342465757
0.3402061855670103
0.3402061855670103
0.3402061855670103
0.32698412698412693
0.3538461538461538
0.3538461538461538
0.501187648456057
0.45558739255014324
0.5035460992907801
0.45299145299145294
0.45299145299145294
0.3448275862068966
0.4018691588785047
0.4018691588785047
0.4964705882352941
0.4964705882352941
0.4964705882352941
0.3402061855670103
0.29032258064516125
0.3402061855670103
0.5602836879432624
0.40372670807453415
0.4018691588785047
0.3402061855670103
0.3402061855670103
0.3402061855670103
0.3402061855670103
0.34246575342465757
0.34246575342465757
0.5586206896551724
0.28125
0.40993788819875776
0.29032258064516125
0.28125
0.28125
0.40993788819875776
0.4080996884735203
0.28125
0.28125
0.2727272727272727
0.4080996884735203
0.4080996884735203
0.4117647058823529
0.31899641577060933
0.28125
0.4181818181818182
0.4191419141914191
0.3639575971731449
0.4259818731117825
0.28125
0.3157894736842105
0.5058139534883721
0.4916201117318436
0.4833333333333333
0.43181818181818177
0.3360995850622407
0.28185328185328185
0.28185328185328185
0.3157894736842105
0.4080996884735203
0.28125
0.4285714285714286
0.359375
0.28125
0.359375
0.28185328185328185
0.28125
0.2698412698412699
0.3035714285714286
0.28185328185328185
0.2846153846153846
0.2705882352941177
0.26771653543307083
0.2698412698412699
0.2727272727272727
0.359375
0.2698412698412699
0.2705882352941177
0.2698412698412699
0.3035714285714286
0.4436619718309859
0.26771653543307083
0.2698412698412699
0.34901960784313724
0.2698412698412699
0.2705882352941177
0.3928571428571429
0.3492063492063492
0.2698412698412699
0.3035714285714286
0.3515625
0.3035714285714286
0.3035714285714286
0.33333333333333337
0.3402061855670103
0.4487632508833922
0.4080996884735203
0.3157894736842105
0.30000000000000004
0.28185328185328185
0.28185328185328185
0.28125
0.28125
0.40993788819875776
0.3157894736842105
0.3157894736842105
0.3157894736842105
0.3157894736842105
0.3157894736842105
0.41214057507987223
0.2698412698412699
0.2698412698412699
0.26771653543307083
0.2698412698412699
0.2698412698412699
0.2698412698412699
0.2698412698412699
0.2705882352941177
0.2698412698412699
0.34901960784313724
0.33333333333333337
0.4502617801047121
0.28125
0.28125
0.28125
0.28125
0.29680365296803657
0.28125
0.28125
0.40453074433656955
0.4018691588785047
0.4018691588785047
0.4277777777777778
0.5
0.3157894736842105
0.3157894736842105
0.3157894736842105
0.3402061855670103
0.3157894736842105
0.3157894736842105
0.3157894736842105
0.3157894736842105
0.28125
0.28125
0.28125
0.28125
0.28125
0.5314861460957179
0.28125
0.28185328185328185
0.2698412698412699
0.34246575342465757
0.2698412698412699
0.2698412698412699
0.3492063492063492
0.28125
0.28125
0.5380577427821522
0.5216400911161732
0.5072463768115942
0.34246575342465757
0.34246575342465757
0.28125
0.359375
0.5717884130982368
0.4838709677419355
0.3402061855670103
0.3402061855670103
0.3402061855670103
0.2698412698412699
0.40372670807453415
0.28125
0.2846153846153846
0.359375
0.2846153846153846
0.359375
0.28185328185328185
0.5380577427821522
0.4777448071216617
0.5214105793450882
0.3402061855670103
0.3402061855670103
0.34246575342465757
0.3402061855670103
0.3402061855670103
0.34246575342465757
0.3402061855670103
0.3402061855670103
0.3402061855670103
0.34246575342465757
0.34246575342465757
0.3402061855670103
0.3402061855670103
0.34246575342465757
0.2698412698412699
0.34246575342465757
0.34246575342465757
0.34246575342465757
0.3402061855670103
0.34246575342465757
0.34246575342465757
0.34246575342465757
0.3402061855670103
0.34246575342465757
0.3402061855670103
0.3402061855670103
0.3402061855670103
0.34246575342465757
0.34246575342465757
0.34246575342465757
0.34246575342465757
0.34246575342465757
0.34246575342465757
0.34246575342465757
0.34246575342465757
0.3402061855670103
0.34246575342465757
0.34246575342465757
0.3402061855670103
0.3402061855670103
0.3402061855670103
0.34246575342465757
0.3402061855670103
0.34246575342465757
0.3402061855670103
0.34246575342465757
0.3402061855670103
0.34246575342465757
0.3402061855670103
0.34246575342465757
0.34246575342465757
0.3402061855670103
0.34246575342465757
0.34246575342465757
0.3402061855670103
0.34246575342465757
0.3402061855670103
0.34246575342465757
0.4018691588785047
0.3402061855670103
0.34246575342465757
0.2698412698412699
0.3402061855670103
