0.13793103448275867
0.0
0.05714285714285716
0.0
0.3137254901960784
0.26086956521739135
0.13793103448275867
0.0
0.05714285714285716
0.0
0.3137254901960784
0.26086956521739135
0.13793103448275867
0.0
0.05714285714285716
0.0
0.3137254901960784
0.26086956521739135
0.0
0.0
0.14925373134328357
0.0
0.0
0.12307692307692308
0.18947368421052635
0.0
0.0
0.0
0.16822429906542058
0.0
0.0
0.2432432432432432
0.0
0.0
0.0
0.0
0.0
0.0
0.05714285714285716
0.0
0.05714285714285716
0.41666666666666663
0.05714285714285716
0.05714285714285716
0.05714285714285716
0.16000000000000003
0.05714285714285716
0.16000000000000003
0.16000000000000003
0.05714285714285716
0.11111111111111116
0.05714285714285716
0.05714285714285716
0.11111111111111116
0.05714285714285716
0.09523809523809523
0.09523809523809523
0.05714285714285716
0.05714285714285716
0.05714285714285716
0.05714285714285716
0.05555555555555558
0.05714285714285716
0.05714285714285716
0.05714285714285716
0.05555555555555558
0.05714285714285716
0.05714285714285716
0.05714285714285716
0.05714285714285716
0.05714285714285716
0.0
0.05714285714285716
0.05714285714285716
0.05714285714285716
0.05714285714285716
0.05714285714285716
0.05714285714285716
0.05714285714285716
0.14814814814814814
0.05714285714285716
0.0
0.29702970297029707
0.13793103448275867
0.13793103448275867
0.41666666666666663
0.13793103448275867
0.13793103448275867
0.13793103448275867
0.13793103448275867
0.41666666666666663
0.08695652173913049
0.05714285714285716
0.09523809523809523
0.05714285714285716
0.05714285714285716
0.05714285714285716
0.05714285714285716
0.05714285714285716
0.05714285714285716
0.0
0.13793103448275867
0.05714285714285716
0.28828828828828834
0.2792792792792793
0.28828828828828834
0.2792792792792793
0.13793103448275867
0.5333333333333333
0.2727272727272727
0.2564102564102564
0.15929203539823011
0.25806451612903225
0.0
0.18181818181818177
0.41666666666666663
0.13793103448275867
0.49230769230769234
0.42105263157894735
0.2857142857142857
0.0
0.05882352941176472
0.48484848484848486
0.17821782178217827
0.17821782178217827
0.0
0.0
0.17821782178217827
0.17821782178217827
0.0
0.17821782178217827
0.0
0.17821782178217827
0.0
0.0
0.0
0.17821782178217827
0.28037383177570097
0.17821782178217827
0.17821782178217827
0.17821782178217827
0.17821782178217827
0.48484848484848486
0.13793103448275867
0.0
0.0
0.0
0.0
0.0
0.0
0.0
0.0
0.17821782178217827
0.13793103448275867
0.0
0.0
0.17821782178217827
0.0
0.17821782178217827
0.17821782178217827
