0.003048780487804878
0.0
0.031007751937984496
0.0
0.031007751937984496
0.003048780487804878
0.031007751937984496
0.0
0.001422475106685633
0.0
0.0045871559633027525
0.001321003963011889
0.004484304932735426
0.0
0.004545454545454545
0.0
0.0
0.004484304932735426
0.004484304932735426
0.0021141649048625794
0.0
0.0
0.0025
0.0015037593984962407
0.0
0.0
0.0
0.004484304932735426
0.0
0.0015037593984962407
0.0
0.0
0.0045045045045045045
0.004784688995215311
0.004878048780487805
0.0
0.0
0.0
0.0045662100456621
0.07672955974842767
0.004545454545454545
0.1691842900302115
0.0045045045045045045
0.0
0.0021141649048625794
0.0
0.004484304932735426
0.0045045045045045045
0.0
0.0
0.0
0.004545454545454545
0.0
0.0
0.0025
0.0045871559633027525
0.0
0.0028530670470756064
0.0014705882352941176
0.0
0.004524886877828055
0.0
0.0
0.0
0.0
0.0014727540500736377
0.002512562814070352
0.004545454545454545
0.0045045045045045045
0.0013227513227513227
0.0
0.004545454545454545
0.10841654778887304
0.07514450867052024
0.027696793002915453
0.0
0.0010111223458038423
0.0
0.009009009009009009
0.0014992503748125937
0.0
0.07212205270457697
0.0045045045045045045
0.0
0.0
0.0
0.0045045045045045045
0.0014265335235378032
0.0013850415512465374
0.0
0.0
0.0013869625520110957
0.0
0.0013869625520110957
0.0
0.0014727540500736377
0.0
0.0
0.0
0.0
0.0013869625520110957
0.0015360983102918587
0.0
0.0
0.0
0.1423728813559322
0.0
0.189873417721519
0.0
0.0
0.0
0.0
0.004219409282700422
0.005376344086021506
0.0
0.0014705882352941176
0.0
0.0045871559633027525
0.004545454545454545
0.0
0.0049261083743842365
0.0
0.0
0.0
0.0
0.0014705882352941176
0.13620071684587814
0.0
0.0
0.0014285714285714286
0.0
0.002352941176470588
0.0014705882352941176
0.0010256410256410256
0.0
0.058394160583941604
0.0031746031746031746
0.0
0.0010111223458038423
0.0
0.0010256410256410256
0.0
0.005970149253731343
0.0
0.0
0.0
0.0014727540500736377
0.0014727540500736377
0.0014705882352941176
0.0014705882352941176
0.109375
0.004807692307692308
0.004545454545454545
0.0
0.0
0.07577807848443843
0.0010256410256410256
0.0
0.0
0.0014727540500736377
0.0
0.0039447731755424065
0.13821138211382114
0.16071428571428573
0.0014727540500736377
0.0
0.0
0.004524886877828055
0.017804154302670624
0.0010111223458038423
0.0
0.0045871559633027525
0.0014727540500736377
0.1750841750841751
0.0
0.0
0.004524886877828055
0.14253897550111358
0.0014727540500736377
0.0048543689320388345
0.21031746031746032
0.0
0.20689655172413793
0.22356495468277945
0.1254295532646048
0.0015384615384615385
0.0048543689320388345
0.006756756756756757
0.0015360983102918587
0.0
0.0015384615384615385
0.004545454545454545
0.0685640362225097
0.0
0.0
0.0013850415512465374
0.11856474258970359
0.0013850415512465374
0.0
0.0
0.0
0.0
0.0
0.00101010101010101
0.0
0.0
0.0
0.0
0.0
0.08356164383561644
0.0
0.0
0.0015337423312883436
0.004901960784313725
0.0045662100456621
0.11864406779661017
0.041916167664670656
0.00684931506849315
0.0
0.005012531328320802
0.18154761904761904
0.004975124378109453
0.0
0.003436426116838488
0.009009009009009009
0.0045871559633027525
0.05458089668615984
0.04730617608409987
0.0
0.002506265664160401
0.0
0.19682539682539682
0.0
0.00425531914893617
0.0
0.00904977375565611
0.0
0.009852216748768473
0.0
0.12125534950071326
0.0
0.0
0.0010111223458038423
0.0
0.0010111223458038423
0.058091286307053944
0.0
0.0049504950495049506
0.15202702702702703
0.12240184757505773
0.0
0.0014727540500736377
0.0
0.0014727540500736377
0.0
0.0
0.0014727540500736377
0.0
0.109375
0.0014285714285714286
0.0
0.0
0.0
0.1814814814814815
0.07
0.00101010101010101
0.0
0.0
0.0
0.002512562814070352
0.0014727540500736377
0.002849002849002849
0.0
0.002512562814070352
0.20784313725490197
0.0754985754985755
0.07391910739191074
0.00101010101010101
0.0
0.0
0.0
0.0
0.0
0.0
0.0
0.0
0.007692307692307693
0.014184397163120567
0.23478260869565218
0.0
0.25
0.009009009009009009
0.0038461538461538464
0.0
0.0
0.0
0.0
0.14027149321266968
0.15964523281596452
0.1301989150090416
0.004545454545454545
0.0
0.060240963855421686
0.0
0.1296928327645051
0.0
0.004545454545454545
0.0010111223458038423
0.00101010101010101
0.08198924731182795
0.0049261083743842365
0.05614567526555387
0.0049261083743842365
0.0547112462006079
0.0024691358024691358
0.0024691358024691358
0.05614567526555387
0.0014285714285714286
0.09090909090909091
0.0010111223458038423
0.10215827338129496
0.053735255570117955
0.13015873015873017
0.0015384615384615385
0.17843866171003717
0.0014727540500736377
0.0
0.002512562814070352
0.0045045045045045045
0.0015360983102918587
0.0014727540500736377
0.0010256410256410256
0.17191977077363896
0.0
0.020100502512562814
0.020833333333333332
0.0
0.00904977375565611
0.0014245014245014246
0.0048543689320388345
0.0
0.0
0.0
0.0
0.0010111223458038423
0.0013869625520110957
0.0013869625520110957
0.12477064220183487
0.036065573770491806
0.1386861313868613
0.0
0.031007751937984496
0.031007751937984496
0.03787878787878788
0.03474903474903475
0.0
0.0024096385542168677
0.1440677966101695
0.095
0.004329004329004329
0.004329004329004329
0.007575757575757576
0.014814814814814815
0.0045045045045045045
0.0
0.0015360983102918587
0.006944444444444444
0.0
0.19557195571955718
0.0
0.0015060240963855422
0.0025575447570332483
0.041254125412541254
0.0045871559633027525
0.0045871559633027525
0.0045871559633027525
0.0010256410256410256
0.0
0.0
0.007326007326007326
0.1375
0.1815068493150685
0.007575757575757576
0.00784313725490196
0.0028530670470756064
0.002183406113537118
0.0019801980198019802
0.05749128919860627
0.10608695652173913
0.11931818181818182
0.15960912052117263
0.0
0.003067484662576687
0.0031746031746031746
0.0031746031746031746
0.0031746031746031746
0.007575757575757576
0.2838427947598253
0.2838427947598253
0.015151515151515152
0.015151515151515152
0.004962779156327543
0.005555555555555556
0.0
0.2987012987012987
0.0
0.005235602094240838
0.0
0.1201923076923077
0.007633587786259542
0.004524886877828055
0.03065134099616858
0.0013869625520110957
0.1528776978417266
0.06533333333333333
0.004545454545454545
0.002512562814070352
0.004545454545454545
0.002512562814070352
0.031496062992125984
0.08356164383561644
0.0014727540500736377
0.0014727540500736377
0.0
0.0014727540500736377
0.0014727540500736377
0.0049261083743842365
0.07047872340425532
0.07047872340425532
0.07047872340425532
0.1948529411764706
0.06524633821571238
0.20072992700729927
0.005025125628140704
0.004484304932735426
0.009009009009009009
0.0708215297450425
0.008862629246676515
0.011747430249632892
0.03730272596843615
0.004545454545454545
0.0
0.004545454545454545
0.004545454545454545
0.19940476190476192
0.004545454545454545
0.17136150234741784
0.0
0.0030959752321981426
0.29918032786885246
0.0015060240963855422
0.2857142857142857
0.022727272727272728
0.02912621359223301
0.00847457627118644
0.005263157894736842
0.22099447513812154
0.0
0.26373626373626374
0.0
0.0031645569620253164
0.0
0.0
0.002849002849002849
0.06866952789699571
0.0
0.0010256410256410256
0.0
0.10102489019033675
0.09180327868852459
0.0
0.004329004329004329
0.004032258064516129
0.09090909090909091
0.09090909090909091
0.09090909090909091
0.0
0.01799775028121485
0.007462686567164179
0.0010111223458038423
0.04696132596685083
0.025806451612903226
0.109375
0.00904977375565611
0.013605442176870748
0.17880794701986755
0.0
0.015151515151515152
0.015151515151515152
0.1872791519434629
0.0
0.10052219321148825
0.10052219321148825
0.10052219321148825
0.004545454545454545
0.1948529411764706
0.2597402597402597
0.04173106646058733
0.002785515320334262
0.0
0.0
0.12420382165605096
0.14376996805111822
0.0015060240963855422
0.004149377593360996
0.0
0.015037593984962405
0.05975197294250282
0.0962671905697446
0.04695652173913043
0.011799410029498525
0.0
0.004524886877828055
0.0
0.0
0.0010245901639344263
0.0010256410256410256
0.045454545454545456
0.22697368421052633
0.006756756756756757
0.6062992125984252
0.0
0.0017452006980802793
0.0034904013961605585
0.0017482517482517483
0.0014265335235378032
0.0025
0.0045662100456621
0.0013869625520110957
0.0532258064516129
0.045372050816696916
0.17869415807560138
0.1815068493150685
0.0
0.0
0.0
0.0
0.1948529411764706
0.0013869625520110957
0.1127659574468085
0.1815068493150685
0.17869415807560138
0.1814814814814815
0.0
0.0
0.004830917874396135
0.0045662100456621
0.0014705882352941176
0.0
0.1111111111111111
0.0010111223458038423
0.005
0.0
0.0
0.0
0.03713527851458886
0.1377672209026128
0.00904977375565611
0.0015384615384615385
0.029850746268656716
0.07523510971786834
0.1525
0.07599118942731277
0.0015060240963855422
0.037096774193548385
0.0
0.0045871559633027525
0.0045045045045045045
0.0045045045045045045
0.0
0.0017452006980802793
0.019230769230769232
0.0010256410256410256
0.0045662100456621
0.02920723226703755
0.0
0.0010111223458038423
0.007142857142857143
0.0
0.1018867924528302
0.022988505747126436
0.018018018018018018
0.024
0.03829787234042553
0.004166666666666667
0.08921933085501858
0.017857142857142856
0.022222222222222223
0.03745318352059925
0.10320284697508897
0.02654867256637168
0.033582089552238806
0.0017452006980802793
0.0017452006980802793
0.0
0.0
0.09090909090909091
0.0
0.06865284974093264
0.1815068493150685
0.0
0.0
0.2
0.18430034129692832
0.0
0.07073170731707316
0.07197943444730077
0.010582010582010581
0.0
0.009615384615384616
0.2620320855614973
0.0
0.07105263157894737
0.2896174863387978
0.014652014652014652
0.0010256410256410256
0.15412844036697249
0.07830551989730423
0.0014204545454545455
0.0
0.06115107913669065
0.09523809523809523
0.0010111223458038423
0.02702702702702703
0.02702702702702703
0.0
0.030508474576271188
0.030303030303030304
0.0
0.13126079447322972
0.0022935779816513763
0.0
0.0014285714285714286
0.008968609865470852
0.0028328611898017
0.008968609865470852
0.008968609865470852
0.8305084745762712
0.1111111111111111
0.078125
0.265
0.03474903474903475
0.046413502109704644
0.002136752136752137
0.03474903474903475
0.0045045045045045045
0.022123893805309734
0.049019607843137254
0.07523510971786834
0.04888888888888889
0.8688524590163934
0.14285714285714285
0.0
0.07936507936507936
0.004545454545454545
0.0685640362225097
0.26644736842105265
0.08333333333333333
0.01391304347826087
0.06847545219638243
0.0
0.0045045045045045045
0.004901960784313725
0.0030864197530864196
0.0015060240963855422
0.0014245014245014246
0.0021413276231263384
0.0049504950495049506
0.004524886877828055
0.0014727540500736377
0.051587301587301584
0.07216494845360824
0.0036429872495446266
0.022988505747126436
0.0
0.0
0.12941176470588237
0.002758620689655172
0.26644736842105265
0.0
0.002136752136752137
0.06657789613848203
0.0017921146953405018
0.009569377990430622
0.004098360655737705
0.004545454545454545
0.0023148148148148147
0.0
0.0014265335235378032
0.06865284974093264
0.0
0.0017921146953405018
0.0021645021645021645
0.0017921146953405018
0.0017889087656529517
0.0017921146953405018
0.0017889087656529517
0.015873015873015872
0.0010245901639344263
0.0015060240963855422
1.0
0.0
0.022123893805309734
0.0
0.0014285714285714286
0.0023148148148148147
0.09252669039145907
0.06985769728331177
0.022486772486772486
0.002336448598130841
0.0
0.04560810810810811
0.0045045045045045045
0.10888252148997135
0.00904977375565611
0.18081180811808117
0.012328767123287671
0.0010256410256410256
0.1801470588235294
0.0
0.0010111223458038423
0.02252252252252252
0.033962264150943396
0.0035778175313059034
0.0017921146953405018
0.0014285714285714286
0.001652892561983471
0.0
0.07512953367875648
0.02252252252252252
0.05782312925170068
0.0010111223458038423
0.0010111223458038423
0.03278688524590164
0.0
0.0685640362225097
0.0021929824561403508
0.0021929824561403508
0.1347305389221557
0.0163265306122449
0.0010111223458038423
0.1948529411764706
0.011782032400589101
0.004464285714285714
0.018292682926829267
0.006666666666666667
0.006557377049180328
0.002512562814070352
0.00398406374501992
0.014388489208633094
0.0014727540500736377
0.0017921146953405018
0.014903129657228018
0.004545454545454545
0.0
0.0014727540500736377
0.054104477611940295
0.054104477611940295
0.0
0.06338028169014084
0.0014285714285714286
0.015151515151515152
0.1828358208955224
0.007692307692307693
0.10218978102189781
0.03263403263403263
0.022321428571428572
0.0
0.0014245014245014246
0.0
0.31063829787234043
0.0045045045045045045
0.0045045045045045045
0.013793103448275862
0.0021231422505307855
0.015151515151515152
0.0
0.0009891196834817012
0.109375
0.009009009009009009
0.02875399361022364
0.18081180811808117
0.004484304932735426
0.11041666666666666
0.002320185614849188
0.002320185614849188
0.0006640106241699867
0.0
0.004819277108433735
0.0013869625520110957
0.0
0.1801470588235294
