0.0
0.1333333333333333
0.01041666666666663
0.18095238095238098
0.0
0.0
0.01041666666666663
0.23893805309734517
0.1428571428571429
0.1333333333333333
0.01041666666666663
0.12745098039215685
0.020408163265306145
0.01041666666666663
0.01041666666666663
0.01041666666666663
0.04081632653061229
0.04081632653061229
0.020618556701030966
0.01041666666666663
0.020618556701030966
0.01041666666666663
0.020618556701030966
0.01041666666666663
0.01041666666666663
0.0
0.01041666666666663
0.01041666666666663
0.01041666666666663
0.01041666666666663
0.020618556701030966
0.01041666666666663
0.01041666666666663
0.01041666666666663
0.01041666666666663
0.020618556701030966
0.0
0.0
0.020618556701030966
0.0
0.0
0.0
0.0
0.0
0.0
0.0
0.13043478260869568
0.011494252873563204
0.17105263157894735
0.0
0.1333333333333333
0.0
0.13043478260869568
0.12121212121212122
0.0
0.0
0.0
0.0
0.0
0.0
0.0
0.03960396039603964
0.0
0.0
0.0
0.0
0.0
0.17757009345794394
0.0
0.01041666666666663
0.0
0.0
0.0
0.01041666666666663
0.0
0.0
0.0
0.0
0.0
0.04123711340206182
0.0
0.0
0.0
0.24827586206896557
0.24827586206896557
0.01041666666666663
0.0
0.0
0.0
0.0
0.0
0.0
0.011627906976744207
0.0
0.02352941176470591
0.010309278350515427
0.0
0.0
0.0
0.0
0.0
0.01041666666666663
0.01041666666666663
0.0
0.0
0.0
0.0
0.012195121951219523
0.012195121951219523
0.16666666666666663
0.16831683168316836
0.0
0.012195121951219523
0.012195121951219523
0.18000000000000005
0.18000000000000005
0.17021276595744683
0.010309278350515427
0.012195121951219523
0.125
0.0
0.0
0.06521739130434778
0.012195121951219523
0.0
0.0
0.1348314606741573
0.12903225806451613
0.0
0.0
0.0
0.012987012987012991
0.02352941176470591
0.021505376344086002
0.0
0.14117647058823535
0.1477272727272727
0.012195121951219523
0.1477272727272727
0.011904761904761862
0.012195121951219523
0.0
0.0
0.0
0.022727272727272707
0.0
0.0
0.0
0.0
0.15000000000000002
0.0
0.0
0.0
0.0
0.0
0.0
0.0
0.1444444444444445
0.0
0.011904761904761862
0.13793103448275867
0.1477272727272727
0.0
0.0
0.15384615384615385
0.02409638554216864
0.0
0.01098901098901095
0.0
0.0
0.22429906542056077
0.0
0.014925373134328401
0.0
0.0
0.0
0.0
0.16822429906542058
0.0
0.0
0.025974025974025983
0.0
0.0
0.0
0.0
0.012195121951219523
0.0
0.0
0.0
0.0
0.0
0.0
0.0
0.1348314606741573
0.0
0.0
0.0
0.012195121951219523
0.012195121951219523
0.012195121951219523
0.0
0.0
0.0
0.0
0.0
0.0
0.0
0.1834862385321101
0.0
0.0
0.0
0.0
0.0
0.0
0.0
0.0
0.0
0.0
0.0
0.0
0.0
0.02298850574712641
0.0
0.0
0.0
0.01041666666666663
0.012195121951219523
0.0
0.0
0.013333333333333308
0.0
0.0
0.0
0.011904761904761862
0.01041666666666663
0.01041666666666663
0.012195121951219523
0.13793103448275867
0.0
0.0
0.0
0.0
0.0
0.022727272727272707
0.01041666666666663
0.012195121951219523
0.02352941176470591
0.1573033707865169
0.011904761904761862
0.1477272727272727
0.011904761904761862
0.0
0.0
0.14130434782608692
0.0
0.0
0.01041666666666663
0.0
0.0
0.01041666666666663
0.0
0.0
0.0
0.01041666666666663
0.01041666666666663
0.0
0.0
0.01041666666666663
0.0
0.01041666666666663
0.01041666666666663
0.01041666666666663
0.0
0.01041666666666663
0.01041666666666663
0.01041666666666663
0.0
0.01041666666666663
0.0
0.0
0.0
0.01041666666666663
0.01041666666666663
0.01041666666666663
0.01041666666666663
0.01041666666666663
0.01041666666666663
0.01041666666666663
0.01041666666666663
0.0
0.01041666666666663
0.01041666666666663
0.0
0.0
0.0
0.01041666666666663
0.0
0.01041666666666663
0.0
0.01041666666666663
0.0
0.01041666666666663
0.0
0.01041666666666663
0.01041666666666663
0.0
0.01041666666666663
0.01041666666666663
0.0
0.01041666666666663
0.0
0.01041666666666663
0.0
0.0
0.01041666666666663
0.0
0.0
