0.021505376344086002
0.12903225806451613
0.010309278350515427
0.15929203539823011
0.021505376344086002
0.0
0.010309278350515427
0.15929203539823011
0.10989010989010994
0.12903225806451613
0.010309278350515427
0.15929203539823011
0.010309278350515427
0.0
0.0
0.010309278350515427
0.08695652173913049
0.08695652173913049
0.010309278350515427
0.0
0.010309278350515427
0.0
0.010309278350515427
0.010309278350515427
0.0
0.0
0.0
0.0
0.0
0.010309278350515427
0.010309278350515427
0.0
0.010309278350515427
0.010309278350515427
0.010309278350515427
0.010309278350515427
0.0
0.0
0.010309278350515427
0.0
0.0
0.0
0.0
0.05128205128205132
0.021505376344086002
0.021505376344086002
0.12903225806451613
0.12903225806451613
0.11688311688311692
0.021505376344086002
0.12903225806451613
0.021505376344086002
0.12903225806451613
0.16666666666666663
0.07894736842105265
0.07894736842105265
0.07894736842105265
0.07894736842105265
0.07894736842105265
0.07894736842105265
0.01904761904761909
0.07894736842105265
0.07894736842105265
0.07894736842105265
0.07894736842105265
0.07017543859649122
0.07894736842105265
0.15929203539823011
0.07894736842105265
0.0
0.01904761904761909
0.05504587155963303
0.0
0.010309278350515427
0.0
0.0
0.0
0.07017543859649122
0.07894736842105265
0.07894736842105265
0.0
0.09523809523809523
0.0
0.1578947368421053
0.1578947368421053
0.01041666666666663
0.0
0.0
0.0
0.0
0.0
0.0
0.0
0.0
0.11428571428571432
0.010309278350515427
0.0
0.0
0.0
0.0
0.0
0.010309278350515427
0.0
0.0
0.0
0.16666666666666663
0.0
0.0
0.0
0.16666666666666663
0.15929203539823011
0.0
0.0
0.0
0.15929203539823011
0.15929203539823011
0.17391304347826086
0.01041666666666663
0.0
0.13043478260869568
0.0
0.0625
0.15929203539823011
0.0
0.0
0.12371134020618557
0.1333333333333333
0.11428571428571432
0.038461538461538436
0.024390243902439046
0.0
0.0
0.0
0.15929203539823011
0.0
0.16666666666666663
0.10869565217391308
0.0
0.10869565217391308
0.0
0.0
0.0
0.0
0.0
0.010638297872340385
0.0
0.0
0.0
0.0
0.10869565217391308
0.0
0.0
0.0
0.0
0.0
0.0
0.0
0.10752688172043012
0.0
0.0
0.1282051282051282
0.10869565217391308
0.0
0.0
0.11702127659574468
0.0
0.0
0.0
0.0
0.0
0.15929203539823011
0.0
0.012820512820512775
0.0
0.0
0.0
0.0
0.16666666666666663
0.0
0.0
0.0
0.0
0.0
0.0
0.0
0.0
0.0
0.0
0.0
0.0
0.0
0.0
0.0
0.10752688172043012
0.02409638554216864
0.0
0.0
0.0
0.0
0.0
0.0
0.0
0.0
0.0
0.0
0.0
0.03738317757009346
0.16666666666666663
0.0
0.0
0.0
0.0
0.0
0.0
0.0
0.0
0.0
0.0
0.0
0.0
0.0
0.021052631578947323
0.0
0.0
0.0
0.010309278350515427
0.0
0.0
0.10869565217391308
0.0
0.0
0.0
0.07894736842105265
0.0
0.0
0.0
0.0
0.10869565217391308
0.10526315789473684
0.040000000000000036
0.0
0.0
0.0
0.010752688172043001
0.010309278350515427
0.0
0.010638297872340385
0.10869565217391308
0.0
0.10869565217391308
0.0
0.0
0.0
0.0
0.0
0.0
0.0
0.0
0.0
0.010309278350515427
0.0
0.0
0.0
0.0
0.0
0.0
0.0
0.0
0.0
0.010309278350515427
0.0
0.0
0.0
0.0
0.0
0.010309278350515427
0.0
0.0
0.0
0.0
0.0
0.0
0.010309278350515427
0.010309278350515427
0.010309278350515427
0.010309278350515427
0.010309278350515427
0.010309278350515427
0.0
0.0
0.0
0.0
0.0
0.0
0.0
0.0
0.0
0.010309278350515427
0.0
0.010309278350515427
0.0
0.0
0.0
0.0
0.010309278350515427
0.0
0.010309278350515427
0.0
0.0
0.010309278350515427
0.0
0.0
0.0
0.0
0.0
0.0
0.0
