0.0007683442182097044
0.0007683442182097044
0.0007683442182097044
0.0
0.0
0.0278293135435993
0.0
0.0
0.0
0.01872659176029967
0.036956521739130443
0.0010964912280702066
0.008902077151335286
0.02659574468085102
0.022026431718061623
0.05924412665985701
0.0
0.0070372976776917895
0.0012292562999385304
0.007735583684950753
0.0
0.006993006993006978
0.013333333333333308
0.0007052186177715081
0.0
0.05207100591715974
0.003542958370239102
0.04900816802800467
0.02020202020202022
0.02171664943123064
0.03328710124826628
0.02659574468085102
0.02186588921282795
0.009129213483146104
0.007741027445460902
0.007735583684950753
0.005637773079633535
0.0
0.0
0.033879781420764976
0.0
0.01934235976789167
0.01934235976789167
0.03286852589641431
0.029610829103214886
0.0
0.0
0.0
0.0006157635467980427
0.039215686274509776
0.0
0.040598290598290565
0.03363228699551568
0.0
0.027198549410698103
0.006271777003484358
0.030881017257039067
0.0
0.0
0.027198549410698103
0.0
0.06326530612244896
0.0653061224489796
0.06326530612244896
0.06326530612244896
0.06326530612244896
0.06326530612244896
0.06326530612244896
0.0653061224489796
0.06422018348623848
0.0653061224489796
0.06326530612244896
0.06326530612244896
0.06326530612244896
0.06326530612244896
0.06326530612244896
0.06422018348623848
0.06326530612244896
0.06326530612244896
0.06326530612244896
0.06326530612244896
0.06625891946992868
0.06326530612244896
0.014147909967845651
0.0396166134185304
0.031876138433515444
0.06277056277056281
0.024864024864024836
0.03825857519788922
0.0010917030567685337
0.03314917127071826
0.0007683442182097044
0.0007683442182097044
0.019329896907216537
0.0007683442182097044
0.0153721682847896
0.04213036565977746
0.0574506283662477
0.0
0.0
0.06277056277056281
0.017998941238750676
0.0653061224489796
0.0653061224489796
0.01953125
0.01953125
0.0
0.01694017998941244
0.04347826086956519
0.011887072808320909
-1.0
0.03482045701849834
0.06290672451193058
0.061833688699360345
-1.0
0.027247956403269713
0.0
0.0
0.04400606980273136
0.0
0.0
-1.0
0.005295675198587868
0.032545931758530156
0.046199701937406856
0.0496894409937888
0.027247956403269713
0.05128205128205132
0.03352891869237218
0.02722323049001818
0.027247956403269713
0.023470243084660503
0.0046242774566473965
0.03926701570680624
0.013215859030836996
0.027247956403269713
0.023470243084660503
0.0007683442182097044
0.0
0.0
0.04089456869009589
0.07204968944099377
0.005333333333333301
0.02901178603807797
0.06378600823045266
0.0031372549019608176
0.030478192327903275
0.018152696209289942
0.009328358208955279
0.05924412665985701
0.030701754385964897
0.03154574132492116
0.062165058949624874
0.06326530612244896
0.013914656771799594
0.06277056277056281
0.014049586776859524
0.013636363636363669
0.015873015873015928
0.04454342984409798
0.013636363636363669
0.0
0.009090909090909038
-1.0
0.011173184357541888
0.01918465227817745
0.041617122473246115
0.004689331770222793
0.014993481095176064
0.03154574132492116
0.0
0.0
0.0
0.0066577896138482195
0.0027586206896551557
0.0
0.0
0.0
0.015582034830430747
0.041198501872659166
0.041198501872659166
0.0
0.053467000835421885
0.0357142857142857
0.016580310880829008
0.03371783496007097
0.04513399153737663
0.04513399153737663
0.04513399153737663
0.0781841109709962
0.06332992849846786
0.027247956403269713
0.0278293135435993
0.0
0.04513399153737663
0.04513399153737663
0.04513399153737663
0.04513399153737663
0.04513399153737663
0.007151370679380209
0.04513399153737663
0.04513399153737663
0.04513399153737663
0.04513399153737663
0.04513399153737663
0.04513399153737663
0.04513399153737663
0.04513399153737663
0.04513399153737663
0.04513399153737663
0.04513399153737663
0.04513399153737663
0.0353591160220994
0.037569060773480656
0.037569060773480656
0.0353591160220994
0.037569060773480656
0.037569060773480656
0.037569060773480656
0.037569060773480656
0.03371783496007097
0.0
0.004689331770222793
0.004700352526439522
0.004689331770222793
0.02659574468085102
0.015582034830430747
0.027247956403269713
-1.0
0.02653525398028811
0.05267629566694987
0.07485380116959062
0.004689331770222793
0.013574660633484115
0.060103626943005195
0.0353591160220994
0.0353591160220994
0.0353591160220994
0.0353591160220994
0.0353591160220994
0.0353591160220994
0.00776397515527949
0.0044091710758377145
0.0
0.003542958370239102
0.037569060773480656
0.06391752577319587
0.025817555938037917
0.05595667870036103
0.0009302325581395099
0.0
0.017931858936042988
0.007535795026375247
0.05267629566694987
0.037569060773480656
0.0653061224489796
0.0353591160220994
0.04513399153737663
0.00434153400868309
0.0353591160220994
0.0353591160220994
0.0353591160220994
0.04656319290465627
0.03319502074688796
0.027198549410698103
0.014070351758794009
0.020190023752969077
0.04084237396298662
0.054375531011044975
0.0013386880856760541
0.03319502074688796
0.0
0.0
0.0
0.06622516556291391
0.0
0.06523955147808358
0.004689331770222793
0.004700352526439522
0.0353591160220994
0.0653061224489796
0.015238095238095273
0.03154574132492116
0.0353591160220994
0.04513399153737663
0.0353591160220994
0.0353591160220994
0.00314218381775333
0.004700352526439522
0.0
0.02186588921282795
0.013365735115431376
0.02186588921282795
