0.0
0.010309278350515427
0.0
0.16666666666666663
0.022222222222222254
0.0
0.0
0.16666666666666663
0.15929203539823011
0.0
0.0
0.0
0.15929203539823011
0.15929203539823011
0.17391304347826086
0.010309278350515427
0.0
0.1636363636363637
0.0
0.1636363636363637
0.15929203539823011
0.0
0.022222222222222254
0.02564102564102566
0.0
0.0
0.0
0.15929203539823011
0.0
0.13580246913580252
0.11363636363636365
0.0
0.11363636363636365
0.0
0.0
0.0
0.0
0.0
0.0
0.0
0.0
0.0
0.0
0.11363636363636365
0.0
0.0
0.0
0.0
0.0
0.0
0.0
0.1282051282051282
0.0
0.0
0.11363636363636365
0.11363636363636365
0.0
0.0
0.1282051282051282
0.0
0.0
0.0
0.15929203539823011
0.0
0.013333333333333308
0.0
0.0
0.0
0.0
0.16666666666666663
0.0
0.0
0.0
0.0
0.0
0.27450980392156865
0.0
0.0
0.0
0.0
0.0
0.0
0.0
0.0
0.0
0.1282051282051282
0.0
0.0
0.0
0.0
0.0
0.0
0.0
0.0
0.0
0.0
0.0
0.0
0.0
0.022222222222222254
0.0
0.0
0.0
0.0
0.0
0.0
0.0
0.0
0.0
0.0
0.0
0.11363636363636365
0.0
0.0
0.0
0.11363636363636365
0.0
0.0
0.0
0.11363636363636365
0.0
0.11363636363636365
0.0
0.0
0.0
