0.0
0.0
0.015748031496062964
0.0
0.015748031496062964
0.0
0.015748031496062964
0.0
0.0
0.0
0.0
0.0
0.0
0.0
0.0
0.0
0.0
0.0
0.0
0.0
0.0
0.0
0.0
0.0
0.0
0.0
0.0
0.0
0.0
0.0
0.0
0.0
0.0
0.0
0.0
0.0
0.0
0.0
0.0
0.03926701570680624
0.0
0.09240924092409242
0.0
0.0
0.0
0.0
0.0
0.0
0.0
0.0
0.0
0.0
0.0
0.0
0.0
0.0
0.0
0.0
0.0
0.0
0.0
0.0
0.0
0.0
0.0
0.0
0.0
0.0
0.0
0.0
0.0
0.0
0.05731523378582204
0.03903903903903905
0.005961251862891204
0.0
0.0
0.0
0.0
0.0
0.0
0.037410071942446055
0.0
0.0
0.0
0.0
0.0
0.0
0.0
0.0
0.0
0.0
0.0
0.0
0.0
0.0
0.0
0.0
0.0
0.0
0.0
0.0
0.0
0.0
0.0
0.07664233576642332
0.0
0.1048951048951049
0.0
0.0
0.0
0.0
0.0
0.0
0.0
0.0
0.0
0.0
0.0
0.0
0.0
0.0
0.0
0.0
0.0
0.0
0.07307692307692304
0.0
0.0
0.0
0.0
0.0
0.0
0.0
0.0
0.03007518796992481
0.0
0.0
0.0
0.0
0.0
0.0
0.0029940119760478723
0.0
0.0
0.0
0.0
0.0
0.0
0.0
0.05673758865248224
0.0
0.0
0.0
0.0
0.039381153305203975
0.0
0.0
0.0
0.0
0.0
0.0019762845849802257
0.07342657342657344
0.08737864077669899
0.0
0.0
0.0
0.0
0.008982035928143728
0.0
0.0
0.0
0.0
0.09594095940959413
0.0
0.0
0.0
0.0767386091127098
0.0
0.0
0.11555555555555552
0.0
0.11538461538461542
0.12585034013605445
0.06605504587155964
0.0
0.0
0.0
0.0
0.0
0.0
0.0
0.034852546916890104
0.0
0.0
0.0
0.06301824212271978
0.0
0.0
0.0
0.0
0.0
0.0
0.0
0.0
0.0
0.0
0.0
0.0
0.0429184549356223
0.0
0.0
0.0
0.0
0.0
0.06306306306306309
0.020408163265306145
0.0
0.0
0.0
0.09836065573770492
0.0
0.0
0.0
0.004524886877828038
0.0
0.028056112224448926
0.024226110363391617
0.0
0.0
0.0
0.10600706713780916
0.0
0.0
0.0
0.0
0.0
0.0
0.0
0.06382978723404253
0.0
0.0
0.0
0.0
0.0
0.02853067047075608
0.0
0.0
0.08058608058608063
0.06172839506172845
0.0
0.0
0.0
0.0
0.0
0.0
0.0
0.0
0.05673758865248224
0.0
0.0
0.0
0.0
0.09795918367346934
0.03555555555555556
0.0
0.0
0.0
0.0
0.0
0.0
0.0
0.0
0.0
0.11403508771929827
0.03851851851851851
0.03768115942028982
0.0
0.0
0.0
0.0
0.0
0.0
0.0
0.0
0.0
0.0
0.0071428571428571175
0.13157894736842102
0.0
0.1428571428571429
0.0
0.0
0.0
0.0
0.0
0.0
0.07542579075425793
0.08674698795180724
0.06963249516441006
0.0
0.0
0.02904564315352698
0.0
0.06934306569343063
0.0
0.0
0.0
0.0
0.04207573632538575
0.0
0.028124999999999956
0.0
0.028124999999999956
0.0
0.0
0.028124999999999956
0.0
0.0
0.0
0.05167173252279633
0.02695417789757415
0.0680272108843537
0.0
0.09795918367346934
0.0
0.0
0.0
0.0
0.0
0.0
0.0
0.09404388714733547
0.0
0.010152284263959421
0.010526315789473717
0.0
0.0
0.0
0.0
0.0
0.0
0.0
0.0
0.0
0.0
0.0
0.06653620352250489
0.01672240802675584
0.07450980392156858
0.0
0.015748031496062964
0.015748031496062964
0.019305019305019266
0.015748031496062964
0.0
0.0
0.07678244972577697
0.04986876640419946
0.0
0.0
0.0
0.007462686567164201
0.0
0.0
0.0
0.0034843205574912606
0.0
0.10655737704918034
0.0
0.0
0.0
0.016920473773265665
0.0
0.0
0.0
0.0
0.0
0.0
0.003676470588235281
0.07293666026871404
0.09811320754716979
0.0
0.0
0.0014285714285714457
0.0
0.0
0.02872531418312385
0.05514705882352944
0.06344410876132933
0.08510638297872342
0.0
0.0
0.0
0.0
0.0
0.0
0.16326530612244894
0.16326530612244894
0.0
0.007633587786259555
0.0024875621890547706
0.0
0.0
0.173469387755102
0.0
0.0
0.0
0.06153846153846154
0.0
0.0
0.015564202334630295
0.0
0.08187134502923976
0.03310344827586209
0.0
0.0
0.0
0.0
0.016000000000000014
0.0429184549356223
0.0
0.0
0.0
0.0
0.0
0.0
0.035862068965517246
0.035862068965517246
0.035862068965517246
0.10612244897959189
0.03305785123966942
0.1097560975609756
0.0
0.0
0.0
0.03529411764705881
0.002971768202080227
0.005908419497784312
0.002971768202080227
0.0
0.0
0.0
0.0
0.10631229235880402
0.0
0.09254498714652959
0.0
0.0
0.17391304347826086
0.0
0.0
0.011494252873563204
0.013157894736842146
0.0
0.0
0.12422360248447206
0.0
0.15189873417721522
0.0
0.0
0.0
0.0
0.0014265335235378318
0.03555555555555556
0.0
0.0
0.0
0.05246913580246915
0.04810996563573888
0.0
0.0
0.0
0.0
0.0
0.0
0.0
0.009080590238365494
0.0
0.0
0.022662889518413554
0.013071895424836555
0.05673758865248224
0.0
0.006849315068493178
0.09708737864077666
0.0
0.007633587786259555
0.007633587786259555
0.1015625
0.0
0.05226960110041268
0.05226960110041268
0.05226960110041268
0.0
0.10612244897959189
0.14925373134328357
0.020537124802527673
0.0
0.0
0.0
0.061433447098976135
0.06944444444444442
0.0
0.0
0.0
0.0
0.03023255813953485
0.04958677685950408
0.005444646098003658
0.005934718100890191
0.0
0.0
0.0
0.0
0.0
0.0
0.0
0.12639405204460963
0.0
0.43181818181818177
0.0
0.0
0.0
0.0
0.0
0.0
0.0
0.0
0.026533996683250405
0.022304832713754608
0.09811320754716979
0.09811320754716979
0.0
0.0
0.0
0.0
0.10612244897959189
0.0
0.05869074492099324
0.09811320754716979
0.09811320754716979
0.09795918367346934
0.0
0.0
0.0
0.0
0.0
0.0
0.0
0.0
0.0
0.0
0.0
0.0
0.010899182561307952
0.06201550387596899
0.0
0.0
0.008714596949891074
0.039087947882736174
0.08130081300813008
0.038946162657502836
0.0
0.016474464579901205
0.0
0.0
0.0
0.0
0.0
0.0
0.00883392226148405
0.0
0.0
0.01412429378531077
0.0
0.0
0.0035842293906810374
0.0
0.03252032520325199
0.011627906976744207
0.009090909090909038
0.010810810810810811
0.017391304347826098
0.0
0.046692607003890996
0.009009009009009028
0.009009009009009028
0.01532567049808431
0.052631578947368474
0.013452914798206317
0.01520912547528519
0.0
0.0
0.0
0.0
0.0
0.0
0.03489932885906044
0.09811320754716979
0.0
0.0
0.0
0.09811320754716979
0.0
0.03544303797468351
0.03217158176943702
0.005319148936170248
0.0
0.004830917874396157
0.14814814814814814
0.0
0.03551912568306015
0.16666666666666663
0.0073800738007380184
0.0
0.08349900596421467
0.0401069518716578
0.0
0.0
0.029739776951672847
0.050000000000000044
0.0
0.013698630136986356
0.013698630136986356
0.0
0.01379310344827589
0.013698630136986356
0.0
0.07024029574861368
0.0
0.0
0.0
0.0
0.0
0.0
0.0045045045045044585
0.7058823529411764
0.0
0.039087947882736174
0.1502890173410405
0.015748031496062964
0.02164502164502169
0.0
0.015748031496062964
0.0
0.008968609865470878
0.024144869215291798
0.039087947882736174
0.024316109422492405
0.7647058823529411
0.0
0.0
0.04132231404958675
0.0
0.034852546916890104
0.15209125475285168
0.0
0.007005253940455369
0.03480589022757696
0.0
0.0
0.0
0.0
0.0
0.0
0.0
0.0
0.0
0.0
0.024489795918367308
0.03743315508021394
0.0018248175182481452
0.009324009324009341
0.0
0.0
0.0691823899371069
0.0
0.15209125475285168
0.0
0.0
0.03310344827586209
0.0
0.0
0.0
0.0
0.0
0.0
0.0
0.03489932885906044
0.0
0.0
0.0
0.0
0.0
0.0
0.0
0.007117437722419906
0.0
0.0
1.0
0.0
0.008968609865470878
0.0
0.0
0.0
0.04850746268656714
0.036193029490616646
0.010709504685408322
0.0
0.0
0.013961605584642212
0.0
0.05757575757575761
0.0
0.09756097560975607
0.0055172413793103114
0.0
0.09716599190283404
0.0
0.0
0.0091324200913242
0.01538461538461533
0.0017921146953404632
0.0
0.0
0.0
0.0
0.037735849056603765
0.0091324200913242
0.028070175438596467
0.0
0.0
0.01666666666666672
0.0
0.034852546916890104
0.0
0.0
0.07073954983922826
0.008230452674897082
0.0
0.10612244897959189
0.00592592592592589
0.0
0.006172839506172867
0.0
0.003289473684210509
0.0
0.0
0.007246376811594235
0.0
0.0
0.006015037593984918
0.0
0.0
0.0
0.026871401151631447
0.026871401151631447
0.0
0.032727272727272716
0.0
0.0
0.09876543209876543
0.0
0.05384615384615388
0.016587677725118488
0.009049773755656076
0.0
0.0
0.0
0.18181818181818177
0.0
0.0
0.0055632823365785455
0.0
0.0
0.0
0.0
0.05673758865248224
0.004524886877828038
0.012987012987012991
0.09756097560975607
0.0
0.05739514348785868
0.0
0.0
0.0
0.0
0.0024154589371980784
0.0
0.0
0.09716599190283404
