0.0
0.0
0.03483309143686497
0.0
0.0
0.0
0.0
0.0
0.051075268817204256
0.04958677685950408
0.0
0.0
0.0
0.0
0.0
0.0
0.0
0.0
0.06382978723404253
0.0
0.0
0.0
0.0
0.0
0.0
0.0
0.0
0.0
0.0
0.0
0.0
0.015850144092218965
0.0
0.0
0.0030674846625766694
0.0
0.018957345971563955
0.0
0.0
0.0
0.038461538461538436
0.0
0.05208333333333337
0.0
0.0
0.011560693641618491
0.0
0.056838365896980436
0.0
0.016438356164383605
0.036262203626220346
0.0
0.016949152542372836
0.0
0.0
0.0
0.00877192982456143
0.00877192982456143
0.022026431718061623
0.03508771929824561
0.0
0.0
0.024226110363391617
0.03876852907639683
0.03667136812411853
0.0015015015015015232
0.0376266280752533
0.10606060606060608
0.0
0.0
0.020146520146520186
0.0
0.008797653958944274
0.0
0.034782608695652195
0.07858546168958747
0.0
0.0
0.0
0.0
0.0
0.0
0.0
0.0
0.0
0.0
0.0
0.0
0.0010111223458038054
0.0
0.0
0.0
0.0
0.0
0.0
0.023668639053254448
0.0
0.0
0.03667136812411853
0.03667136812411853
0.03667136812411853
0.0
0.0
0.0
0.0
0.0
0.0
0.0
0.0
0.0
0.0
0.0
0.0
0.0
0.0
0.0
0.0
0.0
0.0
0.0
0.0
0.0
0.0
0.0
0.022889842632331958
0.0
0.052631578947368474
0.0
0.03768115942028982
0.0
0.0
0.05374823196605372
0.014044943820224698
0.018648018648018683
0.005154639175257714
0.0
0.0
0.0
0.0
0.0
0.026755852842809347
0.0
0.018867924528301883
0.0
0.03667136812411853
0.0
0.07361963190184051
0.018404907975460127
0.0
0.0
0.0
0.0
0.0
0.0
0.0
0.0
0.0
0.013071895424836555
0.0
0.0
0.03296703296703296
0.018255578093306246
0.07675906183368875
0.0
0.0
0.0058651026392961825
0.0
0.0
0.0
0.00870827285921627
0.0
0.0
0.0
0.0
0.0
0.0
0.0
0.0
0.0
0.008695652173912993
0.025925925925925908
0.0
0.0055632823365785455
0.007396449704141994
0.00870827285921627
0.0
0.0
0.02564102564102566
0.00870827285921627
0.0
0.0
0.0
0.0029985007496251548
0.0
0.0
0.0029985007496251548
0.03667136812411853
0.0029673590504450953
0.0
0.0
0.005856515373352855
0.023504273504273532
0.0
0.0
0.021739130434782594
0.0
0.0
0.0
0.0
0.008016032064128265
0.0
0.0
0.02444444444444449
0.034782608695652195
0.009433962264150941
0.0
0.0
0.008759124087591275
0.0
0.0025220680958385477
0.04120879120879117
0.0029985007496251548
0.002989536621823663
0.015655577299412915
-1.0
0.0
0.0
0.053932584269662964
0.008602150537634357
0.0
0.017817371937639215
0.04619565217391308
0.0
0.0
0.022321428571428603
0.0
0.0
0.0
0.006968641114982632
0.0
0.0
0.0
0.0
0.0
0.0
0.0
0.0
0.0
0.0
0.0
