0.24242424242424243
0.0
0.10810810810810811
0.0
0.4776119402985075
0.4137931034482759
0.24242424242424243
0.0
0.10810810810810811
0.0
0.4776119402985075
0.4137931034482759
0.24242424242424243
0.0
0.10810810810810811
0.0
0.4776119402985075
0.4137931034482759
0.0
0.018867924528301883
0.2784810126582279
0.0
0.014705882352941124
0.2597402597402597
0.31858407079646023
0.04761904761904767
0.0
0.0
0.28800000000000003
0.0
0.04878048780487809
0.3913043478260869
0.0
0.0
0.0
0.0
0.0
0.0
0.10810810810810811
0.0
0.10810810810810811
0.6111111111111112
0.10810810810810811
0.10810810810810811
0.10810810810810811
0.27586206896551724
0.10810810810810811
0.27586206896551724
0.27586206896551724
0.10810810810810811
0.19999999999999996
0.10810810810810811
0.10810810810810811
0.19999999999999996
0.10810810810810811
0.17391304347826086
0.17391304347826086
0.10810810810810811
0.10810810810810811
0.10810810810810811
0.10810810810810811
0.10526315789473684
0.10810810810810811
0.10810810810810811
0.10810810810810811
0.10526315789473684
0.10810810810810811
0.10810810810810811
0.10810810810810811
0.10810810810810811
0.10810810810810811
0.0
0.10810810810810811
0.10810810810810811
0.10810810810810811
0.10810810810810811
0.10810810810810811
0.10810810810810811
0.10810810810810811
0.303030303030303
0.10810810810810811
0.0
0.4580152671755725
0.24242424242424243
0.24242424242424243
0.5882352941176471
0.24242424242424243
0.24242424242424243
0.24242424242424243
0.24242424242424243
0.5882352941176471
0.2222222222222222
0.10810810810810811
0.17391304347826086
0.10810810810810811
0.10810810810810811
0.10810810810810811
0.10810810810810811
0.10810810810810811
0.10810810810810811
0.0
0.24242424242424243
0.10810810810810811
0.4625850340136054
0.452054794520548
0.4625850340136054
0.452054794520548
0.24242424242424243
0.6956521739130435
0.43262411347517726
0.4161073825503355
0.2748091603053435
0.41025641025641024
0.0
0.3414634146341463
0.5882352941176471
0.24242424242424243
0.6699999999999999
0.6206896551724138
0.5
0.0
0.1578947368421053
0.653061224489796
0.3025210084033614
0.3025210084033614
0.0
0.0
0.3025210084033614
0.3025210084033614
0.0
0.3025210084033614
0.0
0.3025210084033614
0.0
0.0
0.0
0.3025210084033614
0.43795620437956206
0.3025210084033614
0.30833333333333335
0.3025210084033614
0.3025210084033614
0.653061224489796
0.24242424242424243
0.0
0.0
0.0
0.0
0.0
0.0
0.0
0.0
0.3025210084033614
0.24242424242424243
0.0
0.0
0.3025210084033614
0.0
0.3025210084033614
0.3025210084033614
