0.0019186492709132308
0.0019186492709132308
0.0019186492709132308
0.000956937799043045
0.0
0.054151624548736454
0.0019120458891013214
0.0
0.001908396946564861
0.03676470588235292
0.07192737430167595
0.0021905805038334725
0.027656477438136817
0.052631578947368474
0.043790380473797574
0.11271676300578037
0.0
0.025552486187845336
0.0024554941682013443
0.026224982746721914
0.000956937799043045
0.01388888888888884
0.02814258911819889
0.0014094432699084392
0.001908396946564861
0.10502793296089385
0.007060900264783787
0.09444444444444444
0.03960396039603964
0.04347826086956519
0.06942590120160219
0.051813471502590636
0.04347826086956519
0.018093249826026447
0.01673640167364021
0.026224982746721914
0.011212333566923638
0.0
0.0007052186177715081
0.06553911205073992
0.0
0.03855878634639698
0.03855878634639698
0.0856873822975518
0.05829228243021345
0.0007812499999999556
0.0015282730514518672
0.00038850038850035684
0.0012307692307692575
0.07547169811320753
0.0
0.07802874743326493
0.0670995670995671
0.0
0.05379188712522043
0.012465373961218829
0.06073943661971826
0.0006688963210702559
0.00187090739008422
0.05379188712522043
0.0
0.1198465963566635
0.12344497607655502
0.1198465963566635
0.1198465963566635
0.1198465963566635
0.1198465963566635
0.1198465963566635
0.12344497607655502
0.12068965517241381
0.12344497607655502
0.1198465963566635
0.1198465963566635
0.1198465963566635
0.1198465963566635
0.1198465963566635
0.12068965517241381
0.1198465963566635
0.1198465963566635
0.1198465963566635
0.1198465963566635
0.124282982791587
0.1198465963566635
0.028517110266159662
0.07678132678132676
0.06261022927689597
0.11902339776195325
0.0492424242424242
0.07428571428571429
0.0021810250817884125
0.06517094017094016
0.0019186492709132308
0.0019186492709132308
0.039141414141414144
0.0019186492709132308
0.03335980937251792
0.0808543096872616
0.10865874363327677
0.0006644518272425071
0.0011614401858304202
0.11902339776195325
0.035862785862785906
0.12344497607655502
0.12344497607655502
0.039540816326530615
0.039540816326530615
0.0
0.04818042029728342
0.08404009252120281
0.02421129860601612
-1.0
0.06729758149316512
0.11926605504587151
0.11735205616850553
-1.0
0.05388692579505305
0.0008968609865470656
0.0017937219730941312
0.08496732026143794
0.000723065798987732
0.000723065798987732
-1.0
0.010535557506584747
0.06351626016260159
0.0883190883190883
0.09543918918918914
0.05388692579505305
0.09831932773109242
0.064882400648824
0.05300353356890464
0.05388692579505305
0.04664484451718498
0.010344827586206917
0.07672955974842766
0.02608695652173909
0.05388692579505305
0.04664484451718498
0.0019186492709132308
0.0008375209380234727
0.0010090817356205317
0.07914110429447851
0.13441483198145998
0.010610079575596787
0.0563876651982379
0.12077294685990336
0.007031250000000044
0.059633027522935755
0.036163522012578664
0.01848428835489835
0.11271676300578037
0.060573857598299696
0.062118126272912466
0.11794354838709675
0.1198465963566635
0.02833638025594154
0.11812627291242361
0.027709861450692763
0.026905829596412523
0.03125
0.08528784648187637
0.026905829596412523
0.0010277492291880241
0.019122609673790758
-1.0
0.02209944751381221
0.039906103286385
0.09131905298759868
0.010489510489510523
0.030166880616174563
0.062118126272912466
0.0
0.0013297872340425343
0.0
0.013879709187045619
0.005502063273727598
0.0
0.0014792899408283544
0.0014792899408283544
0.03068592057761732
0.07979870596693028
0.07913669064748197
0.001138952164009166
0.1022187004754358
0.06990881458966569
0.032619775739041845
0.06603773584905659
0.08760107816711593
0.08760107816711593
0.08760107816711593
0.1460280373831776
0.12080536912751683
0.053050397877984046
0.054151624548736454
0.0010893246187363426
0.08760107816711593
0.08760107816711593
0.08760107816711593
0.08760107816711593
0.08760107816711593
0.015366430260047248
0.08760107816711593
0.08760107816711593
0.08760107816711593
0.08760107816711593
0.08760107816711593
0.08760107816711593
0.08760107816711593
0.08760107816711593
0.08760107816711593
0.08760107816711593
0.08760107816711593
0.08760107816711593
0.06929637526652455
0.07340425531914896
0.07340425531914896
0.06929637526652455
0.07340425531914896
0.07340425531914896
0.07340425531914896
0.07438894792773643
0.06603773584905659
0.0
0.010489510489510523
0.010514018691588745
0.010489510489510523
0.051813471502590636
0.03068592057761732
0.05388692579505305
-1.0
0.05239852398523981
0.10080645161290325
0.14021739130434785
0.010489510489510523
0.029262086513994867
0.1142578125
0.06929637526652455
0.06929637526652455
0.06929637526652455
0.06929637526652455
0.06929637526652455
0.06929637526652455
0.015408320493066285
0.023356401384083014
0.0009057971014492239
0.007936507936507908
0.07340425531914896
0.12100677637947721
0.051131601005867555
0.10674637062339876
0.028054298642533948
0.0
0.035798122065727744
0.014958863126402377
0.10080645161290325
0.07340425531914896
0.12344497607655502
0.06929637526652455
0.08760107816711593
0.009359251259899226
0.06929637526652455
0.06929637526652455
0.06929637526652455
0.08994708994709
0.06425702811244982
0.052956751985878237
0.027750247770069403
0.05660377358490565
0.07904411764705888
0.10386473429951693
0.003007016371533555
0.06425702811244982
0.0010741138560687036
0.0
0.0010362694300518616
0.125
0.0
0.12332695984703634
0.010489510489510523
0.010514018691588745
0.06929637526652455
0.12344497607655502
0.030625000000000013
0.061162079510703404
0.06929637526652455
0.08760107816711593
0.06929637526652455
0.06929637526652455
0.007042253521126751
0.010514018691588745
0.00101626016260159
0.04415954415954415
0.02696225284601561
0.042796005706134066
