0.0012953367875647714
0.0006476683937823857
0.0003965107057890549
0.0006480881399870686
0.0012953367875647714
0.0012944983818770073
0.0011885895404120106
0.0012953367875647714
0.0012953367875647714
0.0006476683937823857
0.0003965107057890549
0.0006480881399870686
0.0007927070947284509
0.0007927070947284509
0.0007927070947284509
0.0
0.0007927070947284509
0.0011885895404120106
0.0003965107057890549
0.0007927070947284509
0.0011885895404120106
0.0003965107057890549
0.053070960047704285
0.0006480881399870686
0.0012953367875647714
0.07319952774498228
0.0
0.0012953367875647714
0.0003965107057890549
0.0006480881399870686
0.0
0.0006480881399870686
0.0006480881399870686
0.0
0.0012953367875647714
0.0
0.0
0.003229974160206761
0.0012944983818770073
0.0025856496444731647
0.0025856496444731647
0.0012944983818770073
0.0019404915912031306
0.0019404915912031306
0.0006476683937823857
0.0019404915912031306
0.0006476683937823857
0.0012944983818770073
0.0006476683937823857
0.0012944983818770073
0.0006476683937823857
0.0019404915912031306
0.0019404915912031306
0.0012944983818770073
0.0019404915912031306
0.0006476683937823857
0.0006476683937823857
0.0006476683937823857
0.0019404915912031306
0.0012944983818770073
0.003873466752743693
0.0006476683937823857
0.0012944983818770073
0.0019404915912031306
0.0012944983818770073
0.0025856496444731647
0.0019404915912031306
0.0014114326040931546
0.0014104372355430161
0.0006476683937823857
0.0025856496444731647
0.0012944983818770073
0.0012944983818770073
0.0012944983818770073
0.0006476683937823857
0.0006476683937823857
0.0012944983818770073
0.0006476683937823857
0.0019404915912031306
0.0019404915912031306
0.0019404915912031306
0.0012944983818770073
0.0019404915912031306
0.0012944983818770073
0.0006476683937823857
0.0006476683937823857
0.0012944983818770073
0.0019404915912031306
0.0006476683937823857
0.0019404915912031306
0.0019404915912031306
0.0012944983818770073
0.0007062146892655718
0.0006476683937823857
0.0
0.0025856496444731647
0.0006476683937823857
0.0
0.0012944983818770073
0.0019404915912031306
0.0019404915912031306
0.0019404915912031306
0.0012944983818770073
0.0012944983818770073
0.0012944983818770073
0.0012944983818770073
0.0006476683937823857
0.0006476683937823857
0.0012944983818770073
0.0
0.0025856496444731647
0.0019404915912031306
0.0025856496444731647
0.0006476683937823857
0.0
0.0019404915912031306
0.0012944983818770073
0.003229974160206761
0.0019404915912031306
0.0006476683937823857
0.003229974160206761
0.0019404915912031306
0.0019404915912031306
0.0012944983818770073
0.0019404915912031306
0.0019404915912031306
0.0025856496444731647
0.0025856496444731647
0.0006476683937823857
0.0006476683937823857
0.0006476683937823857
0.0012944983818770073
0.0012944983818770073
0.0012944983818770073
0.0019404915912031306
0.0006476683937823857
0.0006476683937823857
0.0006476683937823857
0.0019404915912031306
0.0019404915912031306
0.0006476683937823857
0.0019404915912031306
0.0019404915912031306
0.0019404915912031306
0.0012944983818770073
0.0006476683937823857
0.0012944983818770073
0.0006476683937823857
0.0019404915912031306
0.0019404915912031306
0.0012944983818770073
0.0025856496444731647
0.0012944983818770073
0.0012944983818770073
0.0
0.0012944983818770073
0.0035211267605633756
0.0025856496444731647
0.0025856496444731647
0.0019404915912031306
0.0019404915912031306
0.0006476683937823857
0.0006476683937823857
0.0006476683937823857
0.0019404915912031306
0.003229974160206761
0.0006476683937823857
0.0006476683937823857
0.0025856496444731647
0.0006476683937823857
0.0012944983818770073
0.0019404915912031306
0.0019404915912031306
0.0012944983818770073
0.0012944983818770073
0.0003965107057890549
0.0012944983818770073
0.0012944983818770073
0.0
0.003229974160206761
0.0006476683937823857
0.0019404915912031306
0.0012944983818770073
0.0777047220561865
0.0012944983818770073
0.0012944983818770073
0.0006476683937823857
0.04318734793187351
0.0025856496444731647
0.08354922279792742
0.0025856496444731647
0.0006476683937823857
0.0006476683937823857
0.0012944983818770073
0.08748403575989783
0.0006476683937823857
0.0006476683937823857
0.0025856496444731647
0.0012944983818770073
0.0012944983818770073
0.0019404915912031306
0.0012944983818770073
0.0006476683937823857
0.0025856496444731647
0.0012944983818770073
0.0012944983818770073
0.0012944983818770073
0.0012944983818770073
0.0019404915912031306
0.0012944983818770073
0.0019404915912031306
0.058374666157954946
0.000773694390715618
0.0003965107057890549
0.0006476683937823857
0.0777047220561865
0.0019404915912031306
0.0019404915912031306
0.0
0.03724053724053722
0.0019404915912031306
0.04867924528301881
0.0025856496444731647
0.0
0.0
0.0006476683937823857
0.0012944983818770073
0.0019404915912031306
0.0019404915912031306
0.0006476683937823857
0.0003965107057890549
0.0007927070947284509
0.0025856496444731647
