0.48108108108108105
0.6127659574468085
0.6666666666666667
0.4838709677419355
0.6895424836601307
0.48108108108108105
0.6127659574468085
0.6060606060606061
0.4838709677419355
0.6895424836601307
0.48108108108108105
0.6639004149377593
0.6707317073170731
0.4838709677419355
0.6895424836601307
0.4866310160427807
0.4838709677419355
0.4838709677419355
0.4838709677419355
0.6826347305389222
0.6826347305389222
0.4866310160427807
0.4838709677419355
0.4866310160427807
0.4838709677419355
0.4866310160427807
0.4838709677419355
0.4838709677419355
0.48108108108108105
0.4838709677419355
0.4838709677419355
0.4838709677419355
0.4838709677419355
0.4866310160427807
0.4838709677419355
0.4838709677419355
0.4838709677419355
0.4838709677419355
0.4866310160427807
0.48108108108108105
0.48108108108108105
0.4866310160427807
0.48108108108108105
0.48108108108108105
0.48108108108108105
0.48108108108108105
0.6442307692307692
0.6127659574468085
0.5991189427312775
0.6693877551020408
0.6693877551020408
0.6807511737089202
0.6946308724832215
0.7361563517915309
0.6925675675675675
0.6462882096069869
0.6905537459283387
0.6464646464646464
0.6464646464646464
0.6464646464646464
0.6464646464646464
0.6464646464646464
0.6464646464646464
0.6666666666666667
0.6464646464646464
0.6464646464646464
0.6464646464646464
0.6464646464646464
0.6464646464646464
0.6464646464646464
0.6895424836601307
0.6464646464646464
0.4838709677419355
0.6688102893890675
0.677115987460815
0.48108108108108105
0.4838709677419355
0.48108108108108105
0.48108108108108105
0.48108108108108105
0.6464646464646464
0.6464646464646464
0.6464646464646464
0.5833333333333333
0.6993670886075949
0.5882352941176471
0.5733333333333333
0.5733333333333333
0.4838709677419355
0.48108108108108105
0.48108108108108105
0.5407725321888412
0.578740157480315
0.65814696485623
0.48108108108108105
0.5868544600938967
0.48108108108108105
0.650375939849624
0.4838709677419355
0.48108108108108105
0.48108108108108105
0.48108108108108105
0.48108108108108105
0.48108108108108105
0.4838709677419355
0.4838709677419355
0.48108108108108105
0.5868544600938967
0.6895424836601307
0.5906976744186047
0.5868544600938967
0.4698795180722891
0.6895424836601307
0.6885245901639344
0.5868544600938967
0.4698795180722891
0.5868544600938967
0.6885245901639344
0.6885245901639344
0.6905537459283387
0.4838709677419355
0.5868544600938967
0.6182572614107884
0.5868544600938967
0.5815899581589958
0.6885245901639344
0.5868544600938967
0.5868544600938967
0.6558704453441295
0.6285714285714286
0.6204081632653061
0.5689655172413793
0.6448598130841121
0.4698795180722891
0.4698795180722891
0.5868544600938967
0.6885245901639344
0.5868544600938967
0.6888888888888889
0.5568181818181819
0.4698795180722891
0.5568181818181819
0.4698795180722891
0.4698795180722891
0.4698795180722891
0.5
0.4698795180722891
0.5868544600938967
0.5
0.6157635467980296
0.5868544600938967
0.4698795180722891
0.5568181818181819
0.5868544600938967
0.6157635467980296
0.5868544600938967
0.5868544600938967
0.6157635467980296
0.6157635467980296
0.5868544600938967
0.6837209302325582
0.5868544600938967
0.5
0.5568181818181819
0.6502242152466368
0.5868544600938967
0.6157635467980296
0.6807511737089202
0.4698795180722891
0.4698795180722891
0.6367713004484306
0.48108108108108105
0.5
0.6885245901639344
0.4698795180722891
0.4931506849315068
0.4698795180722891
0.4698795180722891
0.4698795180722891
0.4698795180722891
0.6895424836601307
0.4698795180722891
0.4698795180722891
0.4698795180722891
0.4698795180722891
0.4698795180722891
0.5868544600938967
0.5868544600938967
0.5868544600938967
0.5
0.5868544600938967
0.5868544600938967
0.5868544600938967
0.5868544600938967
0.6157635467980296
0.5868544600938967
0.6807511737089202
0.6639004149377593
0.5882352941176471
0.5868544600938967
0.5868544600938967
0.4698795180722891
0.4698795180722891
0.4896551724137931
0.4698795180722891
0.4698795180722891
0.6157635467980296
0.48108108108108105
0.48108108108108105
0.5617021276595744
0.6915584415584415
0.4698795180722891
0.5868544600938967
0.4698795180722891
0.48108108108108105
0.4698795180722891
0.4698795180722891
0.47619047619047616
0.4698795180722891
0.5868544600938967
0.5868544600938967
0.5868544600938967
0.5868544600938967
0.5868544600938967
0.6125
0.4698795180722891
0.4698795180722891
0.6157635467980296
0.4838709677419355
0.5868544600938967
0.5868544600938967
0.5868544600938967
0.5868544600938967
0.5868544600938967
0.5868544600938967
0.6816816816816818
0.5526315789473684
0.4838709677419355
0.4838709677419355
0.4698795180722891
0.5568181818181819
0.7231270358306189
0.6323529411764706
0.48108108108108105
0.48108108108108105
0.48108108108108105
0.5868544600938967
0.4838709677419355
0.4698795180722891
0.4698795180722891
0.5568181818181819
0.4698795180722891
0.5568181818181819
0.4698795180722891
0.5829383886255924
0.6140350877192983
0.6864686468646864
0.48108108108108105
0.48108108108108105
0.4838709677419355
0.48108108108108105
0.48108108108108105
0.4838709677419355
0.48108108108108105
0.48108108108108105
0.48108108108108105
0.4838709677419355
0.4838709677419355
0.48108108108108105
0.48108108108108105
0.4838709677419355
0.6157635467980296
0.4838709677419355
0.4838709677419355
0.4838709677419355
0.48108108108108105
0.4838709677419355
0.4838709677419355
0.4838709677419355
0.48108108108108105
0.4838709677419355
0.48108108108108105
0.48108108108108105
0.48108108108108105
0.4838709677419355
0.4838709677419355
0.4838709677419355
0.4838709677419355
0.4838709677419355
0.4838709677419355
0.4838709677419355
0.4838709677419355
0.48108108108108105
0.4838709677419355
0.4838709677419355
0.48108108108108105
0.48108108108108105
0.48108108108108105
0.4838709677419355
0.48108108108108105
0.4838709677419355
0.48108108108108105
0.4838709677419355
0.48108108108108105
0.4838709677419355
0.48108108108108105
0.4838709677419355
0.4838709677419355
0.48108108108108105
0.4838709677419355
0.4838709677419355
0.48108108108108105
0.4838709677419355
0.48108108108108105
0.4838709677419355
0.48108108108108105
0.48108108108108105
0.4838709677419355
0.6157635467980296
0.48108108108108105
