0.0005058168942843055
0.0007513148009016257
0.035532994923857864
0.0007513148009016257
0.0022471910112359383
0.0
0.0
0.0
0.051075268817204256
0.05056759545923628
0.0022988505747126853
0.0007535795026375469
0.0
0.0
0.0
0.0
0.0005058168942843055
0.0005058168942843055
0.06454062262718296
0.0007524454477050302
0.0007513148009016257
0.0
0.0
0.0005058168942843055
0.0007434944237918462
0.0
0.000693962526023606
0.0007535795026375469
0.000693962526023606
0.0
0.0007535795026375469
0.0277580071174377
0.0024330900243308973
0.0
0.009146341463414642
0.0
0.02050473186119872
0.0007358351729213064
0.0
0.0015037593984962294
0.03912148249828418
0.0012360939431397266
0.05306971904266389
0.0007535795026375469
0.000731528895391409
0.011560693641618491
0.001506024096385561
0.05767524401064772
0.0005058168942843055
0.016438356164383605
0.036262203626220346
0.0007535795026375469
0.0186125211505922
0.0
0.0
0.0
0.00877192982456143
0.00877192982456143
0.022026431718061623
0.03508771929824561
0.0022831050228310223
0.0007423904974016571
0.024226110363391617
0.04095563139931746
0.03735024665257225
0.0015015015015015232
0.038322487346348466
0.10606060606060608
0.0
0.0
0.022831050228310557
0.0007369196757552876
0.008797653958944274
0.0
0.0354815351194786
0.07948969578017662
0.0
0.0005058168942843055
0.0005058168942843055
0.0
0.001506024096385561
0.0
0.0
0.0
0.0
0.0
0.0
0.0
0.0010111223458038054
0.0005058168942843055
0.0
0.0007524454477050302
0.0007524454477050302
0.0007524454477050302
0.0007524454477050302
0.02414982750123218
0.0
0.0012360939431397266
0.03667136812411853
0.03735024665257225
0.03735024665257225
0.0
0.0005058168942843055
0.0
0.0
0.0005058168942843055
0.0005058168942843055
0.0
0.0007369196757552876
0.0
0.0007535795026375469
0.0007524454477050302
0.0007490636704119424
0.0005058168942843055
0.0
0.0005058168942843055
0.0005058168942843055
0.0005058168942843055
0.0005058168942843055
0.0
0.0005058168942843055
0.0
0.0007535795026375469
0.0007513148009016257
0.022889842632331958
0.0007336757153337814
0.052631578947368474
0.0
0.03907380607814759
0.0007535795026375469
0.0005130836326321386
0.05374823196605372
0.014044943820224698
0.019790454016297976
0.006435006435006385
0.0005058168942843055
0.0005058168942843055
0.0
0.0
0.0007513148009016257
0.026755852842809347
0.0007369196757552876
0.018867924528301883
0.0007513148009016257
0.03735024665257225
0.0
0.07361963190184051
0.018404907975460127
0.0007513148009016257
0.0007513148009016257
0.0005058168942843055
0.0005058168942843055
0.0007524454477050302
0.0007524454477050302
0.0011947431302270495
0.0005058168942843055
0.0005058168942843055
0.013071895424836555
0.0007535795026375469
0.0007513148009016257
0.03296703296703296
0.019250253292806496
0.07774227902023434
0.0
0.0005058168942843055
0.00659340659340657
0.0005817335660267542
0.0005058168942843055
0.0005058168942843055
0.00942712110224797
0.002512562814070307
0.0
0.0005058168942843055
0.0007524454477050302
0.0
0.0007513148009016257
0.0007535795026375469
0.0
0.001280409731113985
0.009771986970684043
0.025925925925925908
0.0
0.00694444444444442
0.008130081300813052
0.00942712110224797
0.0007347538574578039
0.0007513148009016257
0.02612124199112864
0.00870827285921627
0.0007722007722007485
0.0
0.0
0.0029985007496251548
0.0016313213703099683
0.0007535795026375469
0.0029985007496251548
0.03667136812411853
0.003706449221645647
0.0007390983000739038
0.0
0.007309941520467822
0.023504273504273532
0.0
0.0
0.023066485753052923
0.0
0.0007513148009016257
0.0
0.0015015015015015232
0.009009009009009028
0.0
0.0
0.025527192008878985
0.0354815351194786
0.009433962264150941
0.0
0.0007401924500369805
0.010204081632653073
0.0011778563015312216
0.003150598613736566
0.04186684969114618
0.0037453183520599342
0.0037341299477221535
0.016617790811339184
-1.0
0.0007047216349541641
0.0
0.05499438832772163
0.008602150537634357
0.0015015015015015232
0.018909899888765347
0.046843177189409335
0.0
0.0005058168942843055
0.02341137123745818
0.001293661060802087
0.0005058168942843055
0.0007513148009016257
0.006968641114982632
0.0005058168942843055
0.0005058168942843055
0.0
0.0007513148009016257
0.0005058168942843055
0.0
0.0
0.0
0.0005058168942843055
0.0
0.0007535795026375469
