0.0
0.13333333333333333
0.010416666666666666
0.18095238095238095
0.0
0.0
0.010416666666666666
0.23893805309734514
0.14285714285714285
0.13333333333333333
0.010416666666666666
0.12745098039215685
0.02040816326530612
0.010416666666666666
0.010416666666666666
0.010416666666666666
0.04081632653061224
0.04081632653061224
0.020618556701030927
0.010416666666666666
0.020618556701030927
0.010416666666666666
0.020618556701030927
0.010416666666666666
0.010416666666666666
0.0
0.010416666666666666
0.010416666666666666
0.010416666666666666
0.010416666666666666
0.020618556701030927
0.010416666666666666
0.010416666666666666
0.010416666666666666
0.010416666666666666
0.020618556701030927
0.0
0.0
0.020618556701030927
0.0
0.0
0.0
0.0
0.0
0.0
0.0
0.13043478260869565
0.011494252873563218
0.17105263157894737
0.0
0.13333333333333333
0.0
0.13043478260869565
0.12121212121212122
0.0
0.0
0.0
0.0
0.0
0.0
0.0
0.039603960396039604
0.0
0.0
0.0
0.0
0.0
0.17757009345794392
0.0
0.010416666666666666
0.0
0.0
0.0
0.010416666666666666
0.0
0.0
0.0
0.0
0.0
0.041237113402061855
0.0
0.0
0.0
0.2482758620689655
0.2482758620689655
0.010416666666666666
0.0
0.0
0.0
0.0
0.0
0.0
0.011627906976744186
0.0
0.023529411764705882
0.010309278350515464
0.0
0.0
0.0
0.0
0.0
0.010416666666666666
0.010416666666666666
0.0
0.0
0.0
0.0
0.012195121951219513
0.012195121951219513
0.16666666666666666
0.16831683168316833
0.0
0.012195121951219513
0.012195121951219513
0.18
0.18
0.1702127659574468
0.010309278350515464
0.012195121951219513
0.125
0.0
0.0
0.06521739130434782
0.012195121951219513
0.0
0.0
0.1348314606741573
0.12903225806451613
0.0
0.0
0.0
0.012987012987012988
0.023529411764705882
0.021505376344086023
0.0
0.1411764705882353
0.14772727272727273
0.012195121951219513
0.14772727272727273
0.011904761904761904
0.012195121951219513
0.0
0.0
0.0
0.022727272727272728
0.0
0.0
0.0
0.0
0.15
0.0
0.0
0.0
0.0
0.0
0.0
0.0
0.14444444444444443
0.0
0.011904761904761904
0.13793103448275862
0.14772727272727273
0.0
0.0
0.15384615384615385
0.024096385542168676
0.0
0.01098901098901099
0.0
0.0
0.22429906542056074
0.0
0.014925373134328358
0.0
0.0
0.0
0.0
0.16822429906542055
0.0
0.0
0.025974025974025976
0.0
0.0
0.0
0.0
0.012195121951219513
0.0
0.0
0.0
0.0
0.0
0.0
0.0
0.1348314606741573
0.0
0.0
0.0
0.012195121951219513
0.012195121951219513
0.012195121951219513
0.0
0.0
0.0
0.0
0.0
0.0
0.0
0.1834862385321101
0.0
0.0
0.0
0.0
0.0
0.0
0.0
0.0
0.0
0.0
0.0
0.0
0.0
0.022988505747126436
0.0
0.0
0.0
0.010416666666666666
0.012195121951219513
0.0
0.0
0.013333333333333334
0.0
0.0
0.0
0.011904761904761904
0.010416666666666666
0.010416666666666666
0.012195121951219513
0.13793103448275862
0.0
0.0
0.0
0.0
0.0
0.022727272727272728
0.010416666666666666
0.012195121951219513
0.023529411764705882
0.15730337078651685
0.011904761904761904
0.14772727272727273
0.011904761904761904
0.0
0.0
0.14130434782608695
0.0
0.0
0.010416666666666666
0.0
0.0
0.010416666666666666
0.0
0.0
0.0
0.010416666666666666
0.010416666666666666
0.0
0.0
0.010416666666666666
0.0
0.010416666666666666
0.010416666666666666
0.010416666666666666
0.0
0.010416666666666666
0.010416666666666666
0.010416666666666666
0.0
0.010416666666666666
0.0
0.0
0.0
0.010416666666666666
0.010416666666666666
0.010416666666666666
0.010416666666666666
0.010416666666666666
0.010416666666666666
0.010416666666666666
0.010416666666666666
0.0
0.010416666666666666
0.010416666666666666
0.0
0.0
0.0
0.010416666666666666
0.0
0.010416666666666666
0.0
0.010416666666666666
0.0
0.010416666666666666
0.0
0.010416666666666666
0.010416666666666666
0.0
0.010416666666666666
0.010416666666666666
0.0
0.010416666666666666
0.0
0.010416666666666666
0.0
0.0
0.010416666666666666
0.0
0.0
