0.0
0.0
0.0
0.0
0.0
0.0
0.0
0.0
0.0
0.0
0.0
0.0
0.0
0.0003965107057890549
0.0003965107057890549
0.0
0.0003965107057890549
0.0003965107057890549
0.0
0.0
0.0003965107057890549
0.0
0.026960784313725505
0.0
0.0006480881399870686
0.03799019607843135
0.0
0.0006480881399870686
0.0
0.0
0.0
0.0
0.0
0.0
0.0006480881399870686
0.0
0.0
0.0006476683937823857
0.0
0.0012944983818770073
0.0012944983818770073
0.0006476683937823857
0.0006476683937823857
0.0006476683937823857
0.0
0.0006476683937823857
0.0
0.0006476683937823857
0.0
0.0006476683937823857
0.0
0.0006476683937823857
0.0
0.0006476683937823857
0.0006476683937823857
0.0
0.0
0.0
0.0006476683937823857
0.0
0.0012944983818770073
0.0
0.0
0.0006476683937823857
0.0006476683937823857
0.0012944983818770073
0.0006476683937823857
0.0007062146892655718
0.0007057163020465218
0.0
0.0012944983818770073
0.0006476683937823857
0.0
0.0
0.0
0.0
0.0
0.0
0.0006476683937823857
0.0006476683937823857
0.0006476683937823857
0.0006476683937823857
0.0
0.0
0.0
0.0
0.0
0.0006476683937823857
0.0
0.0006476683937823857
0.0006476683937823857
0.0006476683937823857
0.0
0.0
0.0
0.0012944983818770073
0.0
0.0
0.0006476683937823857
0.0006476683937823857
0.0006476683937823857
0.0006476683937823857
0.0006476683937823857
0.0
0.0006476683937823857
0.0006476683937823857
0.0
0.0
0.0
0.0
0.0012944983818770073
0.0006476683937823857
0.0006476683937823857
0.0
0.0
0.0
0.0006476683937823857
0.0006476683937823857
0.0006476683937823857
0.0
0.0012944983818770073
0.0
0.0006476683937823857
0.0006476683937823857
0.0006476683937823857
0.0006476683937823857
0.0012944983818770073
0.0006476683937823857
0.0
0.0
0.0
0.0006476683937823857
0.0006476683937823857
0.0006476683937823857
0.0006476683937823857
0.0
0.0
0.0
0.0
0.0006476683937823857
0.0
0.0006476683937823857
0.0006476683937823857
0.0
0.0
0.0
0.0006476683937823857
0.0
0.0006476683937823857
0.0006476683937823857
0.0006476683937823857
0.0012944983818770073
0.0006476683937823857
0.0
0.0
0.0006476683937823857
0.0014114326040931546
0.0012944983818770073
0.0012944983818770073
0.0
0.0006476683937823857
0.0
0.0
0.0
0.0006476683937823857
0.0012944983818770073
0.0
0.0
0.0012944983818770073
0.0
0.0
0.0006476683937823857
0.0006476683937823857
0.0006476683937823857
0.0
0.0
0.0006476683937823857
0.0006476683937823857
0.0
0.0012944983818770073
0.0
0.0006476683937823857
0.0
0.03982576228998136
0.0
0.0006476683937823857
0.0
0.02176616915422891
0.0006476683937823857
0.043272481406355645
0.0006476683937823857
0.0
0.0
0.0
0.045424181696726795
0.0
0.0
0.0012944983818770073
0.0006476683937823857
0.0006476683937823857
0.0006476683937823857
0.0006476683937823857
0.0
0.0012944983818770073
0.0
0.0006476683937823857
0.0006476683937823857
0.0
0.0
0.0
0.0006476683937823857
0.029874213836478036
0.0
0.0
0.0
0.03982576228998136
0.0006476683937823857
0.0006476683937823857
0.0
0.01866832607342872
0.0006476683937823857
0.02475822050290133
0.0006476683937823857
0.0
0.0
0.0
0.0006476683937823857
0.0006476683937823857
0.0006476683937823857
0.0
0.0
0.0003965107057890549
0.0006476683937823857
