0.24242424242424243
0.0
0.10810810810810811
0.0
0.47761194029850745
0.41379310344827586
0.24242424242424243
0.0
0.10810810810810811
0.0
0.47761194029850745
0.41379310344827586
0.24242424242424243
0.0
0.10810810810810811
0.0
0.47761194029850745
0.41379310344827586
0.0
0.018867924528301886
0.27848101265822783
0.0
0.014705882352941176
0.2597402597402597
0.3185840707964602
0.047619047619047616
0.0
0.0
0.288
0.0
0.04878048780487805
0.391304347826087
0.0
0.0
0.0
0.0
0.0
0.0
0.10810810810810811
0.0
0.10810810810810811
0.6111111111111112
0.10810810810810811
0.10810810810810811
0.10810810810810811
0.27586206896551724
0.10810810810810811
0.27586206896551724
0.27586206896551724
0.10810810810810811
0.2
0.10810810810810811
0.10810810810810811
0.2
0.10810810810810811
0.17391304347826086
0.17391304347826086
0.10810810810810811
0.10810810810810811
0.10810810810810811
0.10810810810810811
0.10526315789473684
0.10810810810810811
0.10810810810810811
0.10810810810810811
0.10526315789473684
0.10810810810810811
0.10810810810810811
0.10810810810810811
0.10810810810810811
0.10810810810810811
0.0
0.10810810810810811
0.10810810810810811
0.10810810810810811
0.10810810810810811
0.10810810810810811
0.10810810810810811
0.10810810810810811
0.30303030303030304
0.10810810810810811
0.0
0.4580152671755725
0.24242424242424243
0.24242424242424243
0.5882352941176471
0.24242424242424243
0.24242424242424243
0.24242424242424243
0.24242424242424243
0.5882352941176471
0.2222222222222222
0.10810810810810811
0.17391304347826086
0.10810810810810811
0.10810810810810811
0.10810810810810811
0.10810810810810811
0.10810810810810811
0.10810810810810811
0.0
0.24242424242424243
0.10810810810810811
0.46258503401360546
0.4520547945205479
0.46258503401360546
0.4520547945205479
0.24242424242424243
0.6956521739130435
0.4326241134751773
0.4161073825503356
0.2748091603053435
0.41025641025641024
0.0
0.34146341463414637
0.5882352941176471
0.24242424242424243
0.67
0.6206896551724138
0.5
0.0
0.15789473684210525
0.6530612244897959
0.3025210084033613
0.3025210084033613
0.0
0.0
0.3025210084033613
0.3025210084033613
0.0
0.3025210084033613
0.0
0.3025210084033613
0.0
0.0
0.0
0.3025210084033613
0.43795620437956206
0.3025210084033613
0.30833333333333335
0.3025210084033613
0.3025210084033613
0.6530612244897959
0.24242424242424243
0.0
0.0
0.0
0.0
0.0
0.0
0.0
0.0
0.3025210084033613
0.24242424242424243
0.0
0.0
0.3025210084033613
0.0
0.3025210084033613
0.3025210084033613
