-1.0
0.7
1.0
0.654320987654321
-1.0
1.0
1.0
0.9565217391304348
0.0
0.0
0.6666666666666666
0.6666666666666666
0.5190839694656488
-1.0
0.6643835616438356
1.0
0.654320987654321
-1.0
1.0
1.0
0.9565217391304348
0.0
0.0
0.6666666666666666
0.5806451612903226
0.5190839694656488
-1.0
0.7171052631578947
1.0
0.654320987654321
-1.0
1.0
1.0
0.9565217391304348
0.0
0.0
0.6666666666666666
0.5806451612903226
0.5190839694656488
0.625
0.7272727272727273
0.7714285714285715
0.7924528301886793
1.0
0.8571428571428571
0.7924528301886793
-1.0
0.7692307692307693
-1.0
-1.0
1.0
1.0
-1.0
-1.0
-1.0
-1.0
-1.0
-1.0
-1.0
-1.0
1.0
-1.0
-1.0
-1.0
-1.0
-1.0
-1.0
-1.0
1.0
1.0
-1.0
-1.0
1.0
-1.0
1.0
-1.0
-1.0
0.0
0.9565217391304348
0.9565217391304348
0.9565217391304348
0.9565217391304348
0.9565217391304348
0.5
0.5
0.5
0.5
0.5
0.5
0.5
0.5
0.5
0.9565217391304348
0.96
0.9565217391304348
0.96
0.9583333333333334
0.9583333333333334
0.6666666666666666
0.9565217391304348
0.9583333333333334
0.9565217391304348
0.9565217391304348
0.9787234042553191
0.96
0.9583333333333334
0.6666666666666666
0.9583333333333334
0.96
0.9565217391304348
0.9777777777777777
0.96
0.9565217391304348
0.0
0.96
0.96
0.9583333333333334
0.9565217391304348
0.9565217391304348
1.0
1.0
-1.0
1.0
1.0
1.0
1.0
1.0
0.5
0.5
0.5
1.0
1.0
1.0
1.0
1.0
1.0
1.0
1.0
1.0
1.0
1.0
-1.0
1.0
-1.0
1.0
-1.0
0.0
1.0
1.0
0.0
-1.0
1.0
0.7941176470588235
0.7941176470588235
0.7941176470588235
0.8611111111111112
1.0
0.48148148148148145
0.36
0.7878787878787878
0.36
0.48148148148148145
0.8235294117647058
0.7878787878787878
0.013513513513513514
0.33707865168539325
0.25
0.25
0.25
0.25
0.33707865168539325
0.25
-1.0
0.9583333333333334
0.40217391304347827
1.0
-1.0
1.0
1.0
0.7941176470588235
0.7878787878787878
0.8571428571428571
0.7941176470588235
0.7941176470588235
0.8571428571428571
1.0
-1.0
1.0
-1.0
-1.0
0.7878787878787878
1.0
0.7878787878787878
0.7878787878787878
0.7941176470588235
1.0
0.44
0.7941176470588235
0.7878787878787878
0.0
1.0
1.0
1.0
1.0
1.0
-1.0
-1.0
1.0
0.0
0.8809523809523809
1.0
0.32954545454545453
1.0
1.0
0.6666666666666666
0.6666666666666666
0.5
0.5
1.0
1.0
0.5
0.6612903225806451
0.6166666666666667
0.5689655172413793
0.8472222222222222
0.6
0.8591549295774648
0.5806451612903226
0.8734177215189873
1.0
0.5666666666666667
0.5
1.0
0.3076923076923077
0.25
0.8823529411764706
-1.0
-1.0
0.023809523809523808
0.023809523809523808
0.023809523809523808
0.023809523809523808
0.0
0.7941176470588235
0.023809523809523808
1.0
0.7878787878787878
0.023809523809523808
-1.0
0.3333333333333333
0.697986577181208
0.6666666666666666
0.5
0.5190839694656488
0.7152317880794702
0.5190839694656488
0.697986577181208
0.6166666666666667
0.1956521739130435
0.5
0.36
0.5
0.7152317880794702
0.8611111111111112
0.4806201550387597
0.6293706293706294
0.7337662337662337
0.7337662337662337
0.828125
0.3333333333333333
0.3333333333333333
0.9
1.0
0.3333333333333333
0.3333333333333333
1.0
0.9302325581395349
0.25
0.25
0.023809523809523808
0.6666666666666666
-1.0
-1.0
1.0
0.7941176470588235
0.9302325581395349
1.0
1.0
0.5
0.35714285714285715
0.9
1.0
1.0
0.8611111111111112
0.0
0.36
0.4230769230769231
0.5
0.023809523809523808
0.5178571428571429
0.0
0.5714285714285714
0.5714285714285714
0.7910447761194029
0.7924528301886793
1.0
0.5714285714285714
0.6333333333333333
0.7
0.32954545454545453
0.5813953488372093
1.0
-1.0
0.8571428571428571
1.0
1.0
0.9
-1.0
0.9
0.6065573770491803
0.5
-1.0
0.8591549295774648
0.7659574468085106
0.7659574468085106
0.0
0.8115942028985508
0.6666666666666666
-1.0
