0.3402061855670103
0.34246575342465757
0.29032258064516125
0.40993788819875776
0.29600000000000004
0.29032258064516125
0.29032258064516125
0.40993788819875776
0.4080996884735203
0.29032258064516125
0.29032258064516125
0.28163265306122454
0.4080996884735203
0.4080996884735203
0.4117647058823529
0.3167259786476868
0.29032258064516125
0.41955835962145105
0.29032258064516125
0.41955835962145105
0.4259818731117825
0.29032258064516125
0.29600000000000004
0.3531914893617021
0.29032258064516125
0.29032258064516125
0.29032258064516125
0.4080996884735203
0.29032258064516125
0.41666666666666663
0.3709677419354839
0.29032258064516125
0.3709677419354839
0.29032258064516125
0.29032258064516125
0.2786885245901639
0.3157894736842105
0.29032258064516125
0.29032258064516125
0.3035714285714286
0.3035714285714286
0.2786885245901639
0.28163265306122454
0.3709677419354839
0.2786885245901639
0.3035714285714286
0.2786885245901639
0.2786885245901639
0.3035714285714286
0.3035714285714286
0.2786885245901639
0.3982300884955752
0.2786885245901639
0.3035714285714286
0.363265306122449
0.360655737704918
0.2786885245901639
0.3035714285714286
0.3928571428571429
0.28163265306122454
0.28163265306122454
0.3157894736842105
0.4080996884735203
0.29032258064516125
0.30841121495327106
0.29032258064516125
0.29032258064516125
0.29032258064516125
0.29032258064516125
0.40993788819875776
0.29032258064516125
0.29032258064516125
0.29032258064516125
0.29032258064516125
0.29032258064516125
0.47887323943661975
0.2786885245901639
0.2786885245901639
0.3035714285714286
0.2786885245901639
0.2786885245901639
0.2786885245901639
0.2786885245901639
0.3035714285714286
0.2786885245901639
0.3928571428571429
0.29032258064516125
0.29032258064516125
0.29032258064516125
0.29032258064516125
0.30516431924882625
0.29032258064516125
0.29032258064516125
0.3035714285714286
0.29032258064516125
0.29032258064516125
0.29032258064516125
0.29032258064516125
0.29032258064516125
0.29600000000000004
0.29032258064516125
0.29032258064516125
0.29032258064516125
0.29032258064516125
0.29032258064516125
0.29032258064516125
0.29032258064516125
0.29032258064516125
0.3035714285714286
0.2786885245901639
0.2786885245901639
0.360655737704918
0.29032258064516125
0.29032258064516125
0.29032258064516125
0.3709677419354839
0.27572016460905346
0.29032258064516125
0.29032258064516125
0.3709677419354839
0.29032258064516125
0.3709677419354839
0.29032258064516125
0.3035714285714286
0.3035714285714286
