0.0015267175572518665
0.0
0.015748031496062964
0.0
0.015748031496062964
0.0015267175572518665
0.015748031496062964
0.0
0.000711743772242035
0.0
0.0022988505747126853
0.0006609385327164263
0.0022471910112359383
0.0
0.002277904328018221
0.0
0.0
0.0022471910112359383
0.0022471910112359383
0.0010582010582010914
0.0
0.0
0.0012515644555695093
0.0007524454477050302
0.0
0.0
0.0
0.0022471910112359383
0.0
0.0007524454477050302
0.0
0.0
0.0022573363431150906
0.0023980815347721673
0.0024449877750610804
0.0
0.0
0.0
0.0022883295194507935
0.039895356442119057
0.002277904328018221
0.09240924092409242
0.0022573363431150906
0.0
0.0010582010582010914
0.0
0.0022471910112359383
0.0022573363431150906
0.0
0.0
0.0
0.002277904328018221
0.0
0.0
0.0012515644555695093
0.0022988505747126853
0.0
0.0014285714285714457
0.0007358351729213064
0.0
0.0022675736961451642
0.0
0.0
0.0
0.0
0.0007369196757552876
0.0012578616352201255
0.002277904328018221
0.0022573363431150906
0.0006618133686300265
0.0
0.002277904328018221
0.05731523378582204
0.03903903903903905
0.014042867701404282
0.0
0.0005058168942843055
0.0
0.004524886877828038
0.0007501875468867159
0.0
0.037410071942446055
0.0022573363431150906
0.0
0.0
0.0
0.0022573363431150906
0.0007137758743754885
0.0006930006930007115
0.0
0.0
0.000693962526023606
0.0
0.000693962526023606
0.0
0.0007369196757552876
0.0
0.0
0.0
0.0
0.000693962526023606
0.000768639508070712
0.0
0.0
0.0
0.07664233576642332
0.0
0.1048951048951049
0.0
0.0
0.0
0.0
0.0021141649048626032
0.0026954177897574594
0.0
0.0007358351729213064
0.0
0.0022988505747126853
0.002277904328018221
0.0
0.0024691358024691024
0.0
0.0
0.0
0.0
0.0007358351729213064
0.07307692307692304
0.0
0.0
0.0007147962830593713
0.0
0.0011778563015312216
0.0007358351729213064
0.0005130836326321386
0.0
0.03007518796992481
0.0015898251192368873
0.0
0.0005058168942843055
0.0
0.0005130836326321386
0.0
0.0029940119760478723
0.0
0.0
0.0
0.0007369196757552876
0.0007369196757552876
0.0007358351729213064
0.0007358351729213064
0.05785123966942152
0.002409638554216831
0.002277904328018221
0.0
0.0
0.039381153305203975
0.0005130836326321386
0.0
0.0
0.0007369196757552876
0.0
0.0019762845849802257
0.07423580786026196
0.08737864077669899
0.0007369196757552876
0.0
0.0
0.0022675736961451642
0.008982035928143728
0.0005058168942843055
0.0
0.0022988505747126853
0.0007369196757552876
0.09594095940959413
0.0
0.0
0.0022675736961451642
0.0767386091127098
0.0007369196757552876
0.0024330900243308973
0.1175166297117517
0.0
0.11538461538461542
0.12585034013605445
0.06691109074243817
0.0007698229407235857
0.0024330900243308973
0.003389830508474523
0.000768639508070712
0.0
0.0007698229407235857
0.002277904328018221
0.035498995311453396
0.0
0.0
0.0006930006930007115
0.06301824212271978
0.0006930006930007115
0.0
0.0
0.0
0.0
0.0
0.000505305709954551
0.0
0.0
0.0
0.0
0.0
0.04360257326661898
0.0
0.0
0.0007674597083653367
0.002457002457002422
0.0022883295194507935
0.06306306306306309
0.021406727828746197
0.0034364261168384758
0.0
0.002512562814070307
0.09983633387888702
0.0024937655860348684
0.0
0.0017211703958691649
0.004524886877828038
0.0022988505747126853
0.028056112224448926
0.024226110363391617
0.0
0.0012547051442910462
0.0
0.10915492957746475
0.0
0.002132196162046962
0.0
0.004545454545454519
0.0
0.004950495049504955
0.0
0.06454062262718296
0.0
0.0
0.0005058168942843055
0.0
0.0005058168942843055
0.02991452991452992
0.0
0.002481389578163795
0.08226691042047529
0.06519065190651907
0.0
0.0007369196757552876
0.0
0.0007369196757552876
0.0
0.0
0.0007369196757552876
0.0
0.05785123966942152
0.0007147962830593713
0.0
0.0
0.0
0.09979633401221999
0.03626943005181349
0.000505305709954551
0.0
0.0
0.0
0.0012578616352201255
0.0007369196757552876
0.0014265335235378318
0.0
0.0012578616352201255
0.11597374179431075
0.03923019985196152
0.038377986965966726
0.000505305709954551
0.0
0.0
0.0
0.0
0.0
0.0
0.0
0.0
0.0038610038610038533
0.0071428571428571175
0.13300492610837433
0.0
0.1428571428571429
0.004524886877828038
0.0019267822736031004
0.0
0.0
0.0
0.0
0.07542579075425793
0.08674698795180724
0.06963249516441006
0.002277904328018221
0.0
0.03105590062111796
0.0
0.06934306569343063
0.0
0.002277904328018221
0.0005058168942843055
0.000505305709954551
0.04274702172389633
0.0024691358024691024
0.02888368462138957
0.0024691358024691024
0.028124999999999956
0.0012360939431397266
0.0012360939431397266
0.02888368462138957
0.0007147962830593713
0.04761904761904767
0.0005058168942843055
0.05382865807429871
0.02760942760942764
0.0696095076400679
0.0007698229407235857
0.09795918367346934
0.0007369196757552876
0.0
0.0012578616352201255
0.0022573363431150906
0.000768639508070712
0.0007369196757552876
0.0005130836326321386
0.09404388714733547
0.0
0.010152284263959421
0.010526315789473717
0.0
0.004545454545454519
0.0007127583749109156
0.0024330900243308973
0.0
0.0
0.0
0.0
0.0005058168942843055
0.000693962526023606
0.000693962526023606
0.06653620352250489
0.018363939899833093
0.07450980392156858
0.0
0.015748031496062964
0.015748031496062964
0.019305019305019266
0.017681728880157177
0.0
0.0012062726176115257
0.07762557077625576
0.04986876640419946
0.002169197396963085
0.002169197396963085
0.0038022813688213253
0.007462686567164201
0.0022573363431150906
0.0
0.000768639508070712
0.0034843205574912606
0.0
0.10838445807770958
0.0
0.0007535795026375469
0.001280409731113985
0.021061499578770015
0.0022988505747126853
0.0022988505747126853
0.0022988505747126853
0.0005130836326321386
0.0
0.0
0.003676470588235281
0.0738255033557047
0.09981167608286257
0.0038022813688213253
0.003937007874015741
0.0014285714285714457
0.0010928961748634114
0.0009910802775024985
0.02959641255605383
0.05601469237832879
0.06344410876132933
0.08672566371681412
0.0
0.001536098310291889
0.0015898251192368873
0.0015898251192368873
0.0015898251192368873
0.0038022813688213253
0.1653944020356234
0.1653944020356234
0.007633587786259555
0.007633587786259555
0.0024875621890547706
0.0027855153203342198
0.0
0.17557251908396942
0.0
0.002624671916010457
0.0
0.06393861892583119
0.003831417624521105
0.0022675736961451642
0.015564202334630295
0.000693962526023606
0.08276533592989288
0.03376981392143352
0.002277904328018221
0.0012578616352201255
0.002277904328018221
0.0012578616352201255
0.016000000000000014
0.04360257326661898
0.0007369196757552876
0.0007369196757552876
0.0
0.0007369196757552876
0.0007369196757552876
0.0024691358024691024
0.03652653342522394
0.03652653342522394
0.03652653342522394
0.10794297352342164
0.0337233310392292
0.11156186612576069
0.0025188916876573986
0.0022471910112359383
0.004524886877828038
0.03671071953010274
0.004451038575667643
0.005908419497784312
0.01900584795321636
0.002277904328018221
0.0
0.002277904328018221
0.002277904328018221
0.11074380165289255
0.002277904328018221
0.09370988446726569
0.0
0.0015503875968991832
0.17590361445783131
0.0007535795026375469
0.16666666666666663
0.011494252873563204
0.014778325123152691
0.004255319148936176
0.0026385224274406704
0.12422360248447206
0.0
0.15189873417721522
0.0
0.0015847860538826808
0.0
0.0
0.0014265335235378318
0.03555555555555556
0.0
0.0005130836326321386
0.0
0.053199691595990695
0.04810996563573888
0.0
0.002169197396963085
0.002020202020202033
0.04761904761904767
0.04761904761904767
0.04761904761904767
0.0
0.009080590238365494
0.0037453183520599342
0.0005058168942843055
0.0240452616690241
0.013071895424836555
0.05785123966942152
0.004545454545454519
0.006849315068493178
0.09818181818181815
0.0
0.007633587786259555
0.007633587786259555
0.10331384015594547
0.0
0.05292096219931275
0.05292096219931275
0.05292096219931275
0.002277904328018221
0.10794297352342164
0.14925373134328357
0.02131018153117603
0.001394700139469962
0.0
0.0
0.06621392190152797
0.07745266781411364
0.0007535795026375469
0.0020790020790020236
0.0
0.007575757575757569
0.03079604880883202
0.05056759545923628
0.024042742653606397
0.005934718100890191
0.0
0.0022675736961451642
0.0
0.0
0.0005125576627370565
0.0005130836326321386
0.023255813953488413
0.1280148423005566
0.003389830508474523
0.4350282485875706
0.0
0.0008733624454148048
0.0017482517482517723
0.0008748906386701893
0.0007137758743754885
0.0012515644555695093
0.0022883295194507935
0.000693962526023606
0.027340513670256805
0.0232126276694522
0.09811320754716979
0.09981167608286257
0.0
0.0
0.0
0.0
0.10794297352342164
0.000693962526023606
0.059751972942502785
0.09981167608286257
0.09811320754716979
0.09979633401221999
0.0
0.0
0.002421307506053294
0.0022883295194507935
0.0007358351729213064
0.0
0.05882352941176472
0.0005058168942843055
0.0025062656641604564
0.0
0.0
0.0
0.018918918918918948
0.07397959183673475
0.004545454545454519
0.0007698229407235857
0.015151515151515138
0.039087947882736174
0.08254397834912042
0.039496279336004525
0.0007535795026375469
0.01889893179950697
0.0
0.0022988505747126853
0.0022573363431150906
0.0022573363431150906
0.0
0.0008733624454148048
0.009708737864077666
0.0005130836326321386
0.0022883295194507935
0.014820042342978068
0.0
0.0005058168942843055
0.0035842293906810374
0.0
0.05367793240556662
0.011627906976744207
0.009090909090909038
0.012145748987854255
0.0195227765726681
0.0020876826722338038
0.046692607003890996
0.009009009009009028
0.011235955056179803
0.01908396946564883
0.054409005628517804
0.013452914798206317
0.017077798861480087
0.0008733624454148048
0.0008733624454148048
0.0
0.0
0.04761904761904767
0.0
0.03554661301140172
0.09981167608286257
0.0
0.0
0.11111111111111116
0.10150375939849621
0.0
0.036662452591656125
0.03733333333333333
0.005319148936170248
0.0
0.004830917874396157
0.15076923076923077
0.0
0.03683492496589358
0.1693290734824281
0.0073800738007380184
0.0005130836326321386
0.08349900596421467
0.04074816299265194
0.000710732054015617
0.0
0.03153988868274582
0.050000000000000044
0.0005058168942843055
0.013698630136986356
0.013698630136986356
0.0
0.015490533562822706
0.01538461538461533
0.0
0.07024029574861368
0.0011481056257175437
0.0
0.0007147962830593713
0.0045045045045044585
0.0014184397163120588
0.0045045045045044585
0.0045045045045044585
0.7101449275362319
0.05882352941176472
0.04065040650406504
0.1527377521613833
0.017681728880157177
0.023758099352051865
0.0010695187165775666
0.017681728880157177
0.0022573363431150906
0.01118568232662187
0.025125628140703515
0.039087947882736174
0.02505694760820043
0.7681159420289855
0.07692307692307687
0.0
0.04132231404958675
0.002277904328018221
0.035498995311453396
0.15370018975332067
0.04347826086956519
0.007005253940455369
0.03545150501672245
0.0
0.0022573363431150906
0.002457002457002422
0.0015455950540957941
0.0007535795026375469
0.0007127583749109156
0.001071811361200381
0.002481389578163795
0.0022675736961451642
0.0007369196757552876
0.02647657841140527
0.03743315508021394
0.0018248175182481452
0.011627906976744207
0.0
0.0
0.0691823899371069
0.0013812154696132284
0.15370018975332067
0.0
0.0010695187165775666
0.03443526170798894
0.0008968609865470656
0.004807692307692291
0.002053388090349051
0.002277904328018221
0.0011587485515642815
0.0
0.0007137758743754885
0.03554661301140172
0.0
0.0008968609865470656
0.0010834236186348933
0.0008968609865470656
0.0008952551477170445
0.0008968609865470656
0.0008952551477170445
0.008000000000000007
0.0005125576627370565
0.0007535795026375469
1.0
0.0
0.01118568232662187
0.0
0.0007147962830593713
0.0011587485515642815
0.04850746268656714
0.036193029490616646
0.011371237458194017
0.0011695906432748204
0.0
0.023336214347450257
0.0022573363431150906
0.05757575757575761
0.004545454545454519
0.09939148073022308
0.006202618883528577
0.0005130836326321386
0.09898989898989896
0.0
0.0005058168942843055
0.011389521640091105
0.017274472168905985
0.0017921146953404632
0.0008968609865470656
0.0007147962830593713
0.0008271298593879317
0.0
0.03903095558546432
0.011389521640091105
0.02977232924693518
0.0005058168942843055
0.0005058168942843055
0.01666666666666672
0.0
0.035498995311453396
0.001097694840834218
0.001097694840834218
0.07223113964687
0.008230452674897082
0.0005058168942843055
0.10794297352342164
0.00592592592592589
0.0022371364653244186
0.009230769230769265
0.0033444816053511683
0.003289473684210509
0.0012578616352201255
0.001996007984031989
0.007246376811594235
0.0007369196757552876
0.0008968609865470656
0.007507507507507505
0.002277904328018221
0.0
0.0007369196757552876
0.0278044103547459
0.0278044103547459
0.0
0.032727272727272716
0.0007147962830593713
0.007633587786259555
0.10061601642710472
0.0038610038610038533
0.05384615384615388
0.016587677725118488
0.011286681715575675
0.0
0.0007127583749109156
0.0
0.18387909319899243
0.0022573363431150906
0.0022573363431150906
0.00694444444444442
0.0010626992561104665
0.007633587786259555
0.0
0.0004948045522018552
0.05785123966942152
0.004524886877828038
0.014586709886547866
0.09939148073022308
0.0022471910112359383
0.058434399117971325
0.0011614401858304202
0.0011614401858304202
0.00033211557622048193
0.0
0.0024154589371980784
0.000693962526023606
0.0
0.09898989898989896
