0.0
0.0714285714285714
0.005235602094240788
0.09947643979057597
0.0
0.0
0.005235602094240788
0.13567839195979903
0.07692307692307687
0.0714285714285714
0.005235602094240788
0.0680628272251309
0.010309278350515427
0.005235602094240788
0.005235602094240788
0.005235602094240788
0.02083333333333337
0.02083333333333337
0.01041666666666663
0.005235602094240788
0.01041666666666663
0.005235602094240788
0.01041666666666663
0.005235602094240788
0.005235602094240788
0.0
0.005235602094240788
0.005235602094240788
0.005235602094240788
0.005235602094240788
0.01041666666666663
0.005235602094240788
0.005235602094240788
0.005235602094240788
0.005235602094240788
0.01041666666666663
0.0
0.0
0.01041666666666663
0.0
0.0
0.0
0.0
0.0
0.0
0.0
0.06976744186046513
0.005780346820809301
0.09352517985611508
0.0
0.0714285714285714
0.0
0.06976744186046513
0.06451612903225812
0.0
0.0
0.0
0.0
0.0
0.0
0.0
0.02020202020202022
0.0
0.0
0.0
0.0
0.0
0.09743589743589742
0.0
0.005235602094240788
0.0
0.0
0.0
0.005235602094240788
0.0
0.0
0.0
0.0
0.0
0.021052631578947323
0.0
0.0
0.0
0.1417322834645669
0.1417322834645669
0.005235602094240788
0.0
0.0
0.0
0.0
0.0
0.0
0.005847953216374324
0.0
0.011904761904761862
0.005181347150259086
0.0
0.0
0.0
0.0
0.0
0.005235602094240788
0.005235602094240788
0.0
0.0
0.0
0.0
0.006134969325153339
0.006134969325153339
0.09090909090909094
0.09189189189189184
0.0
0.006134969325153339
0.006134969325153339
0.09890109890109888
0.09890109890109888
0.09302325581395354
0.005181347150259086
0.006134969325153339
0.06666666666666665
0.0
0.0
0.0337078651685393
0.006134969325153339
0.0
0.0
0.07228915662650603
0.06896551724137934
0.0
0.0
0.0
0.006535947712418277
0.011904761904761862
0.010869565217391353
0.0
0.07594936708860756
0.07975460122699385
0.006134969325153339
0.07975460122699385
0.005988023952095856
0.006134969325153339
0.0
0.0
0.0
0.011494252873563204
0.0
0.0
0.0
0.0
0.08108108108108103
0.0
0.0
0.0
0.0
0.0
0.0
0.0
0.07784431137724546
0.0
0.005988023952095856
0.07407407407407407
0.07975460122699385
0.0
0.0
0.08333333333333337
0.012195121951219523
0.0
0.0055248618784530246
0.0
0.0
0.12631578947368416
0.0
0.007518796992481258
0.0
0.0
0.0
0.0
0.09183673469387754
0.0
0.0
0.013157894736842146
0.0
0.0
0.0
0.0
0.006134969325153339
0.0
0.0
0.0
0.0
0.0
0.0
0.0
0.07228915662650603
0.0
0.0
0.0
0.006134969325153339
0.006134969325153339
0.006134969325153339
0.0
0.0
0.0
0.0
0.0
0.0
0.0
0.101010101010101
0.0
0.0
0.0
0.0
0.0
0.0
0.0
0.0
0.0
0.0
0.0
0.0
0.0
0.011627906976744207
0.0
0.0
0.0
0.005235602094240788
0.006134969325153339
0.0
0.0
0.006711409395973145
0.0
0.0
0.0
0.005988023952095856
0.005235602094240788
0.005235602094240788
0.006134969325153339
0.07407407407407407
0.0
0.0
0.0
0.0
0.0
0.011494252873563204
0.005235602094240788
0.006134969325153339
0.011904761904761862
0.08536585365853655
0.005988023952095856
0.07975460122699385
0.005988023952095856
0.0
0.0
0.07602339181286555
0.0
0.0
0.005235602094240788
0.0
0.0
0.005235602094240788
0.0
0.0
0.0
0.005235602094240788
0.005235602094240788
0.0
0.0
0.005235602094240788
0.0
0.005235602094240788
0.005235602094240788
0.005235602094240788
0.0
0.005235602094240788
0.005235602094240788
0.005235602094240788
0.0
0.005235602094240788
0.0
0.0
0.0
0.005235602094240788
0.005235602094240788
0.005235602094240788
0.005235602094240788
0.005235602094240788
0.005235602094240788
0.005235602094240788
0.005235602094240788
0.0
0.005235602094240788
0.005235602094240788
0.0
0.0
0.0
0.005235602094240788
0.0
0.005235602094240788
0.0
0.005235602094240788
0.0
0.005235602094240788
0.0
0.005235602094240788
0.005235602094240788
0.0
0.005235602094240788
0.005235602094240788
0.0
0.005235602094240788
0.0
0.005235602094240788
0.0
0.0
0.005235602094240788
0.0
0.0
