0.5368956743002544
0.5856777493606138
0.40372670807453415
0.4294294294294294
0.5368956743002544
0.532133676092545
0.40372670807453415
0.4294294294294294
0.583547557840617
0.5877862595419847
0.40372670807453415
0.4294294294294294
0.3447098976109215
0.34246575342465757
0.34246575342465757
0.34246575342465757
0.5227272727272727
0.5227272727272727
0.3447098976109215
0.34246575342465757
0.3447098976109215
0.34246575342465757
0.3447098976109215
0.34246575342465757
0.34246575342465757
0.3402061855670103
0.34246575342465757
0.34246575342465757
0.34246575342465757
0.34246575342465757
0.3447098976109215
0.34246575342465757
0.34246575342465757
0.34246575342465757
0.34246575342465757
0.3447098976109215
0.3402061855670103
0.3402061855670103
0.3447098976109215
0.3402061855670103
0.3402061855670103
0.3402061855670103
0.3402061855670103
0.5083056478405316
0.5368956743002544
0.5368956743002544
0.5877862595419847
0.5856777493606138
0.5342465753424658
0.5368956743002544
0.583547557840617
0.5368956743002544
0.5877862595419847
0.41538461538461535
0.3538461538461538
0.3538461538461538
0.3538461538461538
0.3538461538461538
0.3538461538461538
0.3538461538461538
0.4097421203438395
0.3538461538461538
0.3538461538461538
0.3538461538461538
0.3538461538461538
0.32698412698412693
0.3538461538461538
0.4294294294294294
0.3538461538461538
0.34246575342465757
0.510688836104513
0.45646437994722955
0.3402061855670103
0.34246575342465757
0.3402061855670103
0.3402061855670103
0.3402061855670103
0.32698412698412693
0.3538461538461538
0.3538461538461538
0.501187648456057
0.45558739255014324
0.5035460992907801
0.45299145299145294
0.45299145299145294
0.34246575342465757
0.4018691588785047
0.4018691588785047
0.4964705882352941
0.4964705882352941
0.4964705882352941
0.3402061855670103
0.29032258064516125
0.3402061855670103
0.5602836879432624
0.40372670807453415
0.4018691588785047
0.3402061855670103
0.3402061855670103
0.3402061855670103
0.3402061855670103
0.34246575342465757
0.34246575342465757
0.5586206896551724
0.29032258064516125
0.40993788819875776
0.29600000000000004
0.29032258064516125
0.29032258064516125
0.40993788819875776
0.4080996884735203
0.29032258064516125
0.29032258064516125
0.28163265306122454
0.4080996884735203
0.4080996884735203
0.4117647058823529
0.3167259786476868
0.29032258064516125
0.3846153846153846
0.4191419141914191
0.34426229508196726
0.4259818731117825
0.29032258064516125
0.29032258064516125
0.5058139534883721
0.4916201117318436
0.4833333333333333
0.43181818181818177
0.3531914893617021
0.29032258064516125
0.29032258064516125
0.29032258064516125
0.4080996884735203
0.29032258064516125
0.41666666666666663
0.3709677419354839
0.29032258064516125
0.3709677419354839
0.29032258064516125
0.29032258064516125
0.2786885245901639
0.3035714285714286
0.29032258064516125
0.29032258064516125
0.3035714285714286
0.3035714285714286
0.2786885245901639
0.28163265306122454
0.3709677419354839
0.2786885245901639
0.3035714285714286
0.2786885245901639
0.2786885245901639
0.44483985765124556
0.3035714285714286
0.2786885245901639
0.3982300884955752
0.2786885245901639
0.3035714285714286
0.360655737704918
0.360655737704918
0.2786885245901639
0.3035714285714286
0.3928571428571429
0.2786885245901639
0.2786885245901639
0.33333333333333337
0.3402061855670103
0.4487632508833922
0.4080996884735203
0.29032258064516125
0.30841121495327106
0.29032258064516125
0.29032258064516125
0.29032258064516125
0.29032258064516125
0.40993788819875776
0.29032258064516125
0.29032258064516125
0.29032258064516125
0.29032258064516125
0.29032258064516125
0.4229508196721311
0.2786885245901639
0.2786885245901639
0.3035714285714286
0.2786885245901639
0.2786885245901639
0.2786885245901639
0.2786885245901639
0.3035714285714286
0.2786885245901639
0.3928571428571429
0.33333333333333337
0.4502617801047121
0.29032258064516125
0.29032258064516125
0.29032258064516125
0.29032258064516125
0.30516431924882625
0.29032258064516125
0.29032258064516125
0.44483985765124556
0.4018691588785047
0.4018691588785047
0.4277777777777778
0.5
0.29032258064516125
0.29032258064516125
0.29032258064516125
0.3402061855670103
0.29032258064516125
0.29032258064516125
0.29600000000000004
0.29032258064516125
0.29032258064516125
0.29032258064516125
0.29032258064516125
0.29032258064516125
0.29032258064516125
0.5314861460957179
0.29032258064516125
0.29032258064516125
0.3035714285714286
0.34246575342465757
0.2786885245901639
0.2786885245901639
0.360655737704918
0.29032258064516125
0.29032258064516125
0.5380577427821522
0.5216400911161732
0.5072463768115942
0.34246575342465757
0.34246575342465757
0.29032258064516125
0.3709677419354839
0.5717884130982368
0.4838709677419355
0.3402061855670103
0.3402061855670103
0.3402061855670103
0.27572016460905346
0.40372670807453415
0.29032258064516125
0.29032258064516125
0.3709677419354839
0.29032258064516125
0.3709677419354839
0.29032258064516125
0.5380577427821522
0.4777448071216617
0.5214105793450882
0.3402061855670103
0.3402061855670103
0.34246575342465757
0.3402061855670103
0.3402061855670103
0.34246575342465757
0.3402061855670103
0.3402061855670103
0.3402061855670103
0.34246575342465757
0.34246575342465757
0.3402061855670103
0.3402061855670103
0.34246575342465757
0.3035714285714286
0.34246575342465757
0.34246575342465757
0.34246575342465757
0.3402061855670103
0.34246575342465757
0.34246575342465757
0.34246575342465757
0.3402061855670103
0.34246575342465757
0.3402061855670103
0.3402061855670103
0.3402061855670103
0.34246575342465757
0.34246575342465757
0.34246575342465757
0.34246575342465757
0.34246575342465757
0.34246575342465757
0.34246575342465757
0.34246575342465757
0.3402061855670103
0.34246575342465757
0.34246575342465757
0.3402061855670103
0.3402061855670103
0.3402061855670103
0.34246575342465757
0.3402061855670103
0.34246575342465757
0.3402061855670103
0.34246575342465757
0.3402061855670103
0.34246575342465757
0.3402061855670103
0.34246575342465757
0.34246575342465757
0.3402061855670103
0.34246575342465757
0.34246575342465757
0.3402061855670103
0.34246575342465757
0.3402061855670103
0.34246575342465757
0.4018691588785047
0.3402061855670103
0.34246575342465757
0.3035714285714286
0.3402061855670103
