0.0010111223458038423
0.0015015015015015015
0.06862745098039216
0.0015015015015015015
0.004484304932735426
0.0
0.0
0.0
0.09718670076726342
0.0962671905697446
0.0045871559633027525
0.0015060240963855422
0.0
0.0
0.0
0.0
0.0010111223458038423
0.0010111223458038423
0.12125534950071326
0.0015037593984962407
0.0015015015015015015
0.0
0.0
0.0010111223458038423
0.0014858841010401188
0.0
0.0013869625520110957
0.0015060240963855422
0.0013869625520110957
0.0
0.0015060240963855422
0.054016620498614956
0.0048543689320388345
0.0
0.01812688821752266
0.0
0.0401854714064915
0.0014705882352941176
0.0
0.003003003003003003
0.07529722589167767
0.0024691358024691358
0.1007905138339921
0.0015060240963855422
0.0014619883040935672
0.022857142857142857
0.0030075187969924814
0.10906040268456375
0.0010111223458038423
0.03234501347708895
0.06998654104979811
0.0015060240963855422
0.036544850498338874
0.0
0.0
0.0
0.017391304347826087
0.017391304347826087
0.04310344827586207
0.06779661016949153
0.004555808656036446
0.001483679525222552
0.04730617608409987
0.07868852459016394
0.07201086956521739
0.0029985007496251873
0.07381615598885793
0.1917808219178082
0.0
0.0
0.044642857142857144
0.0014727540500736377
0.01744186046511628
0.0
0.06853146853146853
0.14727272727272728
0.0
0.0010111223458038423
0.0010111223458038423
0.0
0.0030075187969924814
0.0
0.0
0.0
0.0
0.0
0.0
0.0
0.00202020202020202
0.0010111223458038423
0.0
0.0015037593984962407
0.0015037593984962407
0.0015037593984962407
0.0015037593984962407
0.04716073147256978
0.0
0.0024691358024691358
0.0707482993197279
0.07201086956521739
0.07201086956521739
0.0
0.0010111223458038423
0.0
0.0
0.0010111223458038423
0.0010111223458038423
0.0
0.0014727540500736377
0.0
0.0015060240963855422
0.0015037593984962407
0.0014970059880239522
0.0010111223458038423
0.0
0.0010111223458038423
0.0010111223458038423
0.0010111223458038423
0.0010111223458038423
0.0
0.0010111223458038423
0.0
0.0015060240963855422
0.0015015015015015015
0.044755244755244755
0.001466275659824047
0.1
0.0
0.07520891364902507
0.0015060240963855422
0.0010256410256410256
0.10201342281879194
0.027700831024930747
0.03881278538812785
0.01278772378516624
0.0010111223458038423
0.0010111223458038423
0.0
0.0
0.0015015015015015015
0.05211726384364821
0.0014727540500736377
0.037037037037037035
0.0015015015015015015
0.07201086956521739
0.0
0.13714285714285715
0.03614457831325301
0.0015015015015015015
0.0015015015015015015
0.0010111223458038423
0.0010111223458038423
0.0015037593984962407
0.0015037593984962407
0.002386634844868735
0.0010111223458038423
0.0010111223458038423
0.025806451612903226
0.0015060240963855422
0.0015015015015015015
0.06382978723404255
0.03777335984095427
0.1442687747035573
0.0
0.0010111223458038423
0.013100436681222707
0.0011627906976744186
0.0010111223458038423
0.0010111223458038423
0.01867816091954023
0.005012531328320802
0.0
0.0010111223458038423
0.0015037593984962407
0.0
0.0015015015015015015
0.0015060240963855422
0.0
0.0025575447570332483
0.01935483870967742
0.05054151624548736
0.0
0.013793103448275862
0.016129032258064516
0.01867816091954023
0.0014684287812041115
0.0015015015015015015
0.05091258405379443
0.017266187050359712
0.0015432098765432098
0.0
0.0
0.005979073243647235
0.003257328990228013
0.0015060240963855422
0.005979073243647235
0.0707482993197279
0.007385524372230428
0.0014771048744460858
0.0
0.01451378809869376
0.04592901878914405
0.0
0.0
0.04509283819628647
0.0
0.0015015015015015015
0.0
0.0029985007496251873
0.017857142857142856
0.0
0.0
0.049783549783549784
0.06853146853146853
0.018691588785046728
0.0
0.0014792899408284023
0.020202020202020204
0.002352941176470588
0.00628140703517588
0.08036890645586298
0.007462686567164179
0.00744047619047619
0.032692307692307694
-1.0
0.0014084507042253522
0.0
0.10425531914893617
0.017057569296375266
0.0029985007496251873
0.03711790393013101
0.08949416342412451
0.0
0.0010111223458038423
0.0457516339869281
0.002583979328165375
0.0010111223458038423
0.0015015015015015015
0.01384083044982699
0.0010111223458038423
0.0010111223458038423
0.0
0.0015015015015015015
0.0010111223458038423
0.0
0.0
0.0
0.0010111223458038423
0.0
0.0015060240963855422
