0.0
0.36024265048996734
0.2601889338731444
0.0
0.36024265048996734
0.36024265048996734
0.36024265048996734
0.2781578947368421
0.0093964582580412
0.3603267211201867
0.3603267211201867
0.3603267211201867
0.3600933488914819
0.3603267211201867
0.36024265048996734
0.36017740429505135
0.3603267211201867
0.2783043707214323
0.3603267211201867
0.3603267211201867
0.0093964582580412
0.36024265048996734
0.3603267211201867
0.36024265048996734
0.0
0.3603267211201867
0.3603267211201867
0.0
0.3600933488914819
0.3603267211201867
0.36024265048996734
0.2601889338731444
0.36024265048996734
0.36024265048996734
0.36024265048996734
0.0093964582580412
0.36024265048996734
0.36024265048996734
0.36024265048996734
0.36024265048996734
0.36024265048996734
0.36024265048996734
0.36017740429505135
0.3603267211201867
0.36024265048996734
0.36024265048996734
0.3603267211201867
0.3603267211201867
0.36024265048996734
0.36024265048996734
0.3600933488914819
0.36024265048996734
0.3603267211201867
0.3603267211201867
0.0093964582580412
0.36024265048996734
0.0
0.0
0.00939306358381503
0.3603267211201867
0.0
0.36024265048996734
0.3603267211201867
0.3600933488914819
0.36024265048996734
0.36024265048996734
0.0
0.3603267211201867
0.3603267211201867
0.3603267211201867
0.0
0.36017740429505135
0.36024265048996734
0.3603267211201867
0.36017740429505135
0.36024265048996734
0.3600933488914819
0.36024265048996734
0.0
0.3464473056747735
0.36024265048996734
0.36024265048996734
0.36024265048996734
0.3603267211201867
0.3600933488914819
0.36024265048996734
