0.0
0.0
0.01777777777777778
0.0
0.0
0.0
0.0
0.0
0.0
0.0
0.0
0.0
0.4057581573896353
0.0
0.0
0.40591397849462363
0.0
0.41357088703563305
0.0
0.0
0.0
0.0
0.0
0.0
0.0
0.0
0.0
0.2975169300225734
0.40598618572524947
0.0
0.0
0.01777777777777778
0.0
0.0
0.0
0.0
0.0
0.0
0.0
0.0
0.0
0.0
0.4061420345489444
0.0
0.0
0.0
0.0
0.0
0.0
0.0
0.4298342541436464
0.0
0.0
0.0
0.0
0.0
0.2975169300225734
0.0
0.0
0.0
0.0
0.0
0.0
0.40598618572524947
0.0
0.0
0.0
0.0
0.0
0.0
0.2975169300225734
0.41357088703563305
0.0
0.0
0.4061420345489444
0.0
0.40598618572524947
0.0
0.2975169300225734
0.0
0.0
0.0
0.0
0.0
0.43109801031687545
0.40598618572524947
0.0
