0.0
0.0
0.27945971122496505
0.0
0.0
0.0
0.0
0.0
0.0
0.0
0.0
0.0
0.5171553337492203
0.0
0.0
0.5173166926677066
0.0
0.5169398907103825
0.0
0.0
0.0
0.0
0.0
0.0
0.0
0.0
0.0
0.38118910320143173
0.5113636363636364
0.0
0.0
0.27945971122496505
0.0
0.0
0.0
0.0
0.0
0.0
0.0
0.0
0.0
0.0
0.5115251026207768
0.0
0.0
0.0
0.0
0.0
0.0
0.0
0.5338496844520941
0.0
0.0
0.0
0.0
0.0
0.38118910320143173
0.0
0.0
0.0
0.0
0.0
0.0
0.5113636363636364
0.0
0.0
0.0
0.0
0.0
0.0
0.38118910320143173
0.5197889182058048
0.0
0.0
0.5115251026207768
0.0
0.5113636363636364
0.0
0.38118910320143173
0.0
0.0
0.0
0.0
0.0
0.5566579634464752
0.5113636363636364
0.0
