0.0
0.0
0.43684018929741536
0.0
0.0
0.0
0.0
0.0
0.0
0.0
0.0
0.0
0.6817434210526315
0.0
0.0
0.6818836109397491
0.0
0.6815561959654178
0.0
0.0
0.0
0.0
0.0
0.0
0.0
0.0
0.0
0.551972358191765
0.6766917293233082
0.0
0.0
0.43684018929741536
0.0
0.0
0.0
0.0
0.0
0.0
0.0
0.0
0.0
0.0
0.6768330896177146
0.0
0.0
0.0
0.0
0.0
0.0
0.0
0.6960912661305405
0.0
0.0
0.0
0.0
0.0
0.551972358191765
0.0
0.0
0.0
0.0
0.0
0.0
0.6766917293233082
0.0
0.0
0.0
0.0
0.0
0.0
0.551972358191765
0.6840277777777778
0.0
0.0
0.6768330896177146
0.0
0.6766917293233082
0.0
0.551972358191765
0.0
0.0
0.0
0.0
0.0
0.7151962428715196
0.6766917293233082
0.0
