0.0
0.21969265793966986
0.14955010859447715
0.0
0.21969265793966986
0.21969265793966986
0.21969265793966986
0.1615466911202812
0.004720406681191003
0.21975519499003704
0.21975519499003704
0.21975519499003704
0.2195816137754376
0.21975519499003704
0.21969265793966986
0.219644128113879
0.21975519499003704
0.16164551154610796
0.21975519499003704
0.21975519499003704
0.004720406681191003
0.21969265793966986
0.21975519499003704
0.21969265793966986
0.0
0.21975519499003704
0.21975519499003704
0.0
0.2195816137754376
0.21975519499003704
0.21969265793966986
0.14955010859447715
0.21969265793966986
0.21969265793966986
0.21969265793966986
0.004720406681191003
0.21969265793966986
0.21969265793966986
0.21969265793966986
0.21969265793966986
0.21969265793966986
0.21969265793966986
0.219644128113879
0.21975519499003704
0.21969265793966986
0.21969265793966986
0.21975519499003704
0.21975519499003704
0.21969265793966986
0.21969265793966986
0.2195816137754376
0.21969265793966986
0.21975519499003704
0.21975519499003704
0.004720406681191003
0.21969265793966986
0.0
0.0
0.004718693284936459
0.21975519499003704
0.0
0.21969265793966986
0.21975519499003704
0.2195816137754376
0.21969265793966986
0.21969265793966986
0.0
0.21975519499003704
0.21975519499003704
0.21975519499003704
0.0
0.219644128113879
0.21969265793966986
0.21975519499003704
0.219644128113879
0.21969265793966986
0.2195816137754376
0.21969265793966986
0.0
0.20951694304253787
0.21969265793966986
0.21969265793966986
0.21969265793966986
0.21975519499003704
0.2195816137754376
0.21969265793966986
