0.0
0.0
0.2598086124401914
0.0
0.0
0.0
0.0
0.0
0.0
0.0
0.0
0.0
0.41837309787713695
0.0
0.0
0.4185303514376997
0.0
0.41820233170364796
0.0
0.0
0.0
0.0
0.0
0.0
0.0
0.0
0.0
0.3090586145648313
0.41848234410217877
0.0
0.0
0.2598086124401914
0.0
0.0
0.0
0.0
0.0
0.0
0.0
0.0
0.0
0.0
0.41863960916948517
0.0
0.0
0.0
0.0
0.0
0.0
0.0
0.4833110814419226
0.0
0.0
0.0
0.0
0.0
0.3090586145648313
0.0
0.0
0.0
0.0
0.0
0.0
0.41848234410217877
0.0
0.0
0.0
0.0
0.0
0.0
0.3090586145648313
0.4222222222222223
0.0
0.0
0.41863960916948517
0.0
0.41848234410217877
0.0
0.3090586145648313
0.0
0.0
0.0
0.0
0.0
0.5354993983152828
0.41848234410217877
0.0
