0.0
0.0
0.4124572730725408
0.0
0.0
0.0
0.0
0.0
0.0
0.0
0.0
0.0
0.5899337748344371
0.0
0.0
0.5900900900900901
0.0
0.5897639883320074
0.0
0.0
0.0
0.0
0.0
0.0
0.0
0.0
0.0
0.47218453188602444
0.590042372881356
0.0
0.0
0.4124572730725408
0.0
0.0
0.0
0.0
0.0
0.0
0.0
0.0
0.0
0.0
0.5901986754966887
0.0
0.0
0.0
0.0
0.0
0.0
0.0
0.6516651665166516
0.0
0.0
0.0
0.0
0.0
0.47218453188602444
0.0
0.0
0.0
0.0
0.0
0.0
0.590042372881356
0.0
0.0
0.0
0.0
0.0
0.0
0.47218453188602444
0.59375
0.0
0.0
0.5901986754966887
0.0
0.590042372881356
0.0
0.47218453188602444
0.0
0.0
0.0
0.0
0.0
0.6974921630094044
0.590042372881356
0.0
