0.0
0.0
0.01777777777777778
0.0
0.0
0.0
0.0
0.0
0.0
0.0
0.0
0.0
0.42281879194630867
0.0
0.0
0.42297650130548303
0.0
0.42999263080324246
0.0
0.0
0.0
0.0
0.0
0.0
0.0
0.0
0.0
0.2975169300225734
0.40598618572524947
0.0
0.0
0.01777777777777778
0.0
0.0
0.0
0.0
0.0
0.0
0.0
0.0
0.0
0.0
0.4061420345489444
0.0
0.0
0.0
0.0
0.0
0.0
0.0
0.4984567901234568
0.0
0.0
0.0
0.0
0.0
0.2975169300225734
0.0
0.0
0.0
0.0
0.0
0.0
0.40598618572524947
0.0
0.0
0.0
0.0
0.0
0.0
0.2975169300225734
0.42999263080324246
0.0
0.0
0.4061420345489444
0.0
0.40598618572524947
0.0
0.2975169300225734
0.0
0.0
0.0
0.0
0.0
0.5442834138486312
0.40598618572524947
0.0
