0.0
0.14446177847113884
0.004720406681191003
0.0
0.14446177847113884
0.14446177847113884
0.14446177847113884
0.14441671865252648
0.004720406681191003
0.14450686641697874
0.14450686641697874
0.14450686641697874
0.14419475655430714
0.14450686641697874
0.14446177847113884
0.14423977521073994
0.14450686641697874
0.14423977521073994
0.14450686641697874
0.14450686641697874
0.004720406681191003
0.14446177847113884
0.14450686641697874
0.14446177847113884
0.0
0.14450686641697874
0.14450686641697874
0.0
0.14419475655430714
0.14450686641697874
0.14446177847113884
0.004720406681191003
0.14446177847113884
0.14446177847113884
0.14446177847113884
0.004720406681191003
0.14446177847113884
0.14446177847113884
0.14446177847113884
0.14446177847113884
0.14446177847113884
0.14446177847113884
0.14423977521073994
0.14450686641697874
0.14446177847113884
0.14446177847113884
0.14450686641697874
0.14450686641697874
0.14446177847113884
0.14446177847113884
0.14419475655430714
0.14446177847113884
0.14450686641697874
0.14450686641697874
0.004720406681191003
0.14446177847113884
0.0
0.0
0.004718693284936459
0.14450686641697874
0.0
0.14446177847113884
0.14450686641697874
0.14419475655430714
0.14446177847113884
0.14446177847113884
0.0
0.14450686641697874
0.14450686641697874
0.14450686641697874
0.0
0.14423977521073994
0.14446177847113884
0.14450686641697874
0.14423977521073994
0.14446177847113884
0.14419475655430714
0.14446177847113884
0.0
0.14450686641697874
0.14446177847113884
0.14446177847113884
0.14446177847113884
0.14450686641697874
0.14419475655430714
0.14446177847113884
