0.0
0.3602426504899673
0.26018893387314435
0.0
0.3602426504899673
0.3602426504899673
0.3602426504899673
0.27815789473684216
0.009396458258041251
0.3603267211201867
0.3603267211201867
0.3603267211201867
0.3600933488914819
0.3603267211201867
0.3602426504899673
0.3601774042950514
0.3603267211201867
0.2783043707214323
0.3603267211201867
0.3603267211201867
0.009396458258041251
0.3602426504899673
0.3603267211201867
0.3602426504899673
0.0
0.3603267211201867
0.3603267211201867
0.0
0.3600933488914819
0.3603267211201867
0.3602426504899673
0.26018893387314435
0.3602426504899673
0.3602426504899673
0.3602426504899673
0.009396458258041251
0.3602426504899673
0.3602426504899673
0.3602426504899673
0.3602426504899673
0.3602426504899673
0.3602426504899673
0.3601774042950514
0.3603267211201867
0.3602426504899673
0.3602426504899673
0.3603267211201867
0.3603267211201867
0.3602426504899673
0.3602426504899673
0.3600933488914819
0.3602426504899673
0.3603267211201867
0.3603267211201867
0.009396458258041251
0.3602426504899673
0.0
0.0
0.009393063583814976
0.3603267211201867
0.0
0.3602426504899673
0.3603267211201867
0.3600933488914819
0.3602426504899673
0.3602426504899673
0.0
0.3603267211201867
0.3603267211201867
0.3603267211201867
0.0
0.3601774042950514
0.3602426504899673
0.3603267211201867
0.3601774042950514
0.3602426504899673
0.3600933488914819
0.3602426504899673
0.0
0.34644730567477344
0.3602426504899673
0.3602426504899673
0.3602426504899673
0.3603267211201867
0.3600933488914819
0.3602426504899673
