0.0
0.0
0.4124572730725409
0.0
0.0
0.0
0.0
0.0
0.0
0.0
0.0
0.0
0.5899337748344371
0.0
0.0
0.5900900900900901
0.0
0.5897639883320074
0.0
0.0
0.0
0.0
0.0
0.0
0.0
0.0
0.0
0.4721845318860244
0.590042372881356
0.0
0.0
0.4124572730725409
0.0
0.0
0.0
0.0
0.0
0.0
0.0
0.0
0.0
0.0
0.5901986754966888
0.0
0.0
0.0
0.0
0.0
0.0
0.0
0.6516651665166517
0.0
0.0
0.0
0.0
0.0
0.4721845318860244
0.0
0.0
0.0
0.0
0.0
0.0
0.590042372881356
0.0
0.0
0.0
0.0
0.0
0.0
0.4721845318860244
0.59375
0.0
0.0
0.5901986754966888
0.0
0.590042372881356
0.0
0.4721845318860244
0.0
0.0
0.0
0.0
0.0
0.6974921630094044
0.590042372881356
0.0
