0.6888888888888889
0.65
0.8653846153846154
0.65
0.65
0.65
0.6666666666666666
0.65
0.6666666666666666
0.6888888888888889
0.65
0.65
0.65
0.6666666666666666
0.72
0.65
0.65
0.65
0.65
0.6666666666666666
0.65
0.65
0.65
0.6666666666666666
0.72
0.6666666666666666
0.65
0.6888888888888889
0.6666666666666666
0.65
0.65
0.65
0.72
0.65
0.65
0.65
0.65
0.65
0.65
0.65
0.65
0.65
0.65
0.65
0.72
0.65
0.65
0.65
0.72
0.72
0.65
0.65
0.65
0.65
0.6666666666666666
0.6666666666666666
0.6888888888888889
0.6666666666666666
0.65
0.65
0.65
0.65
0.65
0.65
0.65
0.65
0.6666666666666666
0.65
0.65
0.65
0.65
0.65
0.65
0.8478260869565217
0.65
0.65
0.8478260869565217
0.65
0.65
0.65
0.65
0.65
0.65
0.65
0.65
0.65
0.65
0.65
0.65
0.65
0.65
0.65
0.65
0.65
0.65
0.65
0.7254901960784313
0.65
0.65
0.65
0.65
0.8478260869565217
0.65
0.65
0.65
0.65
0.65
0.65
0.65
0.65
0.65
0.875
0.6666666666666666
0.72
0.65
0.65
0.65
0.65
0.65
0.8478260869565217
0.72
0.65
0.65
0.65
0.65
0.65
0.65
0.65
0.65
0.65
0.65
0.6888888888888889
0.6888888888888889
0.8478260869565217
0.65
0.72
0.65
0.65
0.6888888888888889
0.65
0.65
0.65
0.65
0.65
0.65
0.65
0.6666666666666666
0.65
0.65
0.6888888888888889
0.7254901960784313
0.6666666666666666
0.65
0.65
0.65
0.65
0.9807692307692307
0.65
0.65
0.65
0.65
0.6888888888888889
0.72
0.6666666666666666
0.8478260869565217
0.65
0.65
0.65
0.65
0.65
0.65
0.65
0.65
0.6888888888888889
0.65
0.65
0.72
0.65
0.65
0.6666666666666666
0.65
0.65
0.65
0.65
0.65
0.65
0.65
0.65
0.65
0.65
0.65
0.65
0.65
0.65
0.65
0.65
0.65
0.65
0.65
0.6666666666666666
0.65
0.65
0.6666666666666666
0.72
0.65
0.65
0.65
0.65
0.65
0.6888888888888889
0.65
0.875
0.7254901960784313
0.65
0.65
0.6888888888888889
0.6666666666666666
0.65
0.65
0.65
0.65
0.65
0.65
0.7254901960784313
0.65
0.65
0.65
0.65
0.65
0.65
0.65
0.65
0.65
0.72
0.72
0.65
0.65
0.65
0.6888888888888889
0.65
0.65
0.65
0.65
0.65
0.65
0.65
0.65
0.65
0.65
0.65
0.65
0.65
0.6888888888888889
0.65
0.65
0.65
0.65
0.6888888888888889
0.65
0.72
0.65
0.8478260869565217
0.65
0.65
0.65
0.65
0.65
0.65
0.65
0.65
0.65
0.65
0.65
0.65
0.6888888888888889
0.65
0.65
0.6888888888888889
0.6666666666666666
0.65
0.65
0.65
0.65
0.65
0.8541666666666666
0.65
0.65
0.65
0.6666666666666666
0.65
0.65
0.7254901960784313
0.65
0.65
0.65
0.65
0.65
0.65
0.65
0.65
0.65
0.65
0.65
0.65
0.6666666666666666
0.65
0.65
0.6666666666666666
0.65
0.65
0.65
0.65
0.65
0.6888888888888889
0.65
