0.3913043478260869
0.2222222222222222
0.6956521739130435
0.2222222222222222
0.2222222222222222
0.2222222222222222
0.30000000000000004
0.2222222222222222
0.30000000000000004
0.3913043478260869
0.2222222222222222
0.2222222222222222
0.2222222222222222
0.30000000000000004
0.5
0.2222222222222222
0.2222222222222222
0.2222222222222222
0.2222222222222222
0.30000000000000004
0.2222222222222222
0.2222222222222222
0.2222222222222222
0.30000000000000004
0.5
0.30000000000000004
0.2222222222222222
0.3913043478260869
0.30000000000000004
0.2222222222222222
0.2222222222222222
0.2222222222222222
0.5
0.2222222222222222
0.2222222222222222
0.2222222222222222
0.2222222222222222
0.2222222222222222
0.2222222222222222
0.2222222222222222
0.2222222222222222
0.2222222222222222
0.2222222222222222
0.2222222222222222
0.5
0.2222222222222222
0.2222222222222222
0.2222222222222222
0.5
0.5
0.2222222222222222
0.2222222222222222
0.2222222222222222
0.2222222222222222
0.30000000000000004
0.30000000000000004
0.3913043478260869
0.30000000000000004
0.2222222222222222
0.2222222222222222
0.2222222222222222
0.2222222222222222
0.2222222222222222
0.2222222222222222
0.2222222222222222
0.2222222222222222
0.30000000000000004
0.2222222222222222
0.2222222222222222
0.2222222222222222
0.2222222222222222
0.2222222222222222
0.2222222222222222
0.5882352941176471
0.2222222222222222
0.2222222222222222
0.5882352941176471
0.2222222222222222
0.2222222222222222
0.2222222222222222
0.2222222222222222
0.2222222222222222
0.2222222222222222
0.2222222222222222
0.2222222222222222
0.2222222222222222
0.2222222222222222
0.2222222222222222
0.2222222222222222
0.2222222222222222
0.2222222222222222
0.2222222222222222
0.2222222222222222
0.2222222222222222
0.2222222222222222
0.2222222222222222
0.5172413793103448
0.2222222222222222
0.2222222222222222
0.2222222222222222
0.2222222222222222
0.5882352941176471
0.2222222222222222
0.2222222222222222
0.2222222222222222
0.2222222222222222
0.2222222222222222
0.2222222222222222
0.2222222222222222
0.2222222222222222
0.2222222222222222
0.7407407407407407
0.30000000000000004
0.5
0.2222222222222222
0.2222222222222222
0.2222222222222222
0.2222222222222222
0.2222222222222222
0.5882352941176471
0.5
0.2222222222222222
0.2222222222222222
0.2222222222222222
0.2222222222222222
0.2222222222222222
0.2222222222222222
0.2222222222222222
0.2222222222222222
0.2222222222222222
0.2222222222222222
0.3913043478260869
0.3913043478260869
0.5882352941176471
0.2222222222222222
0.5
0.2222222222222222
0.2222222222222222
0.3913043478260869
0.2222222222222222
0.2222222222222222
0.2222222222222222
0.2222222222222222
0.2222222222222222
0.2222222222222222
0.2222222222222222
0.30000000000000004
0.2222222222222222
0.2222222222222222
0.3913043478260869
0.5172413793103448
0.30000000000000004
0.2222222222222222
0.2222222222222222
0.2222222222222222
0.2222222222222222
0.9411764705882353
0.2222222222222222
0.2222222222222222
0.2222222222222222
0.2222222222222222
0.3913043478260869
0.5
0.30000000000000004
0.5882352941176471
0.2222222222222222
0.2222222222222222
0.2222222222222222
0.2222222222222222
0.2222222222222222
0.2222222222222222
0.2222222222222222
0.2222222222222222
0.3913043478260869
0.2222222222222222
0.2222222222222222
0.5
0.2222222222222222
0.2222222222222222
0.30000000000000004
0.2222222222222222
0.2222222222222222
0.2222222222222222
0.2222222222222222
0.2222222222222222
0.2222222222222222
0.2222222222222222
0.2222222222222222
0.2222222222222222
0.2222222222222222
0.2222222222222222
0.2222222222222222
0.2222222222222222
0.2222222222222222
0.2222222222222222
0.2222222222222222
0.2222222222222222
0.2222222222222222
0.2222222222222222
0.30000000000000004
0.2222222222222222
0.2222222222222222
0.30000000000000004
0.5
0.2222222222222222
0.2222222222222222
0.2222222222222222
0.2222222222222222
0.2222222222222222
0.3913043478260869
0.2222222222222222
0.7407407407407407
0.5172413793103448
0.2222222222222222
0.2222222222222222
0.3913043478260869
0.30000000000000004
0.2222222222222222
0.2222222222222222
0.2222222222222222
0.2222222222222222
0.2222222222222222
0.2222222222222222
0.5172413793103448
0.2222222222222222
0.2222222222222222
0.2222222222222222
0.2222222222222222
0.2222222222222222
0.2222222222222222
0.2222222222222222
0.2222222222222222
0.2222222222222222
0.5
0.5
0.2222222222222222
0.2222222222222222
0.2222222222222222
0.3913043478260869
0.2222222222222222
0.2222222222222222
0.2222222222222222
0.2222222222222222
0.2222222222222222
0.2222222222222222
0.2222222222222222
0.2222222222222222
0.2222222222222222
0.2222222222222222
0.2222222222222222
0.2222222222222222
0.2222222222222222
0.3913043478260869
0.2222222222222222
0.2222222222222222
0.2222222222222222
0.2222222222222222
0.3913043478260869
0.2222222222222222
0.5
0.2222222222222222
0.5882352941176471
0.2222222222222222
0.2222222222222222
0.2222222222222222
0.2222222222222222
0.2222222222222222
0.2222222222222222
0.2222222222222222
0.2222222222222222
0.2222222222222222
0.2222222222222222
0.2222222222222222
0.2222222222222222
0.3913043478260869
0.2222222222222222
0.2222222222222222
0.3913043478260869
0.30000000000000004
0.2222222222222222
0.2222222222222222
0.2222222222222222
0.2222222222222222
0.2222222222222222
0.631578947368421
0.2222222222222222
0.2222222222222222
0.2222222222222222
0.30000000000000004
0.2222222222222222
0.2222222222222222
0.5172413793103448
0.2222222222222222
0.2222222222222222
0.2222222222222222
0.2222222222222222
0.2222222222222222
0.2222222222222222
0.2222222222222222
0.2222222222222222
0.2222222222222222
0.2222222222222222
0.2222222222222222
0.2222222222222222
0.30000000000000004
0.2222222222222222
0.2222222222222222
0.30000000000000004
0.2222222222222222
0.2222222222222222
0.2222222222222222
0.2222222222222222
0.2222222222222222
0.3913043478260869
0.2222222222222222
