0.5254237288135593
0.4814814814814815
0.7627118644067796
0.4814814814814815
0.4814814814814815
0.4814814814814815
0.5
0.4814814814814815
0.5
0.5254237288135593
0.4814814814814815
0.4814814814814815
0.4814814814814815
0.5
0.5625
0.4814814814814815
0.4814814814814815
0.4814814814814815
0.4814814814814815
0.5
0.4814814814814815
0.4814814814814815
0.4814814814814815
0.5
0.5625
0.5
0.4814814814814815
0.5254237288135593
0.5
0.4814814814814815
0.4814814814814815
0.4814814814814815
0.5625
0.4814814814814815
0.4814814814814815
0.4814814814814815
0.4814814814814815
0.4814814814814815
0.4814814814814815
0.4814814814814815
0.4814814814814815
0.4814814814814815
0.4814814814814815
0.4814814814814815
0.5625
0.4814814814814815
0.4814814814814815
0.4814814814814815
0.5625
0.5625
0.4814814814814815
0.4814814814814815
0.4814814814814815
0.4814814814814815
0.5
0.5
0.5254237288135593
0.5
0.4814814814814815
0.4814814814814815
0.4814814814814815
0.4814814814814815
0.4814814814814815
0.4814814814814815
0.4814814814814815
0.4814814814814815
0.5
0.4814814814814815
0.4814814814814815
0.4814814814814815
0.4814814814814815
0.4814814814814815
0.4814814814814815
0.7358490566037736
0.4814814814814815
0.4814814814814815
0.7358490566037736
0.4814814814814815
0.4814814814814815
0.4814814814814815
0.4814814814814815
0.4814814814814815
0.4814814814814815
0.4814814814814815
0.4814814814814815
0.4814814814814815
0.4814814814814815
0.4814814814814815
0.4814814814814815
0.4814814814814815
0.4814814814814815
0.4814814814814815
0.4814814814814815
0.4814814814814815
0.4814814814814815
0.4814814814814815
0.5692307692307692
0.4814814814814815
0.4814814814814815
0.4814814814814815
0.4814814814814815
0.7358490566037736
0.4814814814814815
0.4814814814814815
0.4814814814814815
0.4814814814814815
0.4814814814814815
0.4814814814814815
0.4814814814814815
0.4814814814814815
0.4814814814814815
0.7777777777777778
0.5
0.5625
0.4814814814814815
0.4814814814814815
0.4814814814814815
0.4814814814814815
0.4814814814814815
0.7358490566037736
0.5625
0.4814814814814815
0.4814814814814815
0.4814814814814815
0.4814814814814815
0.4814814814814815
0.4814814814814815
0.4814814814814815
0.4814814814814815
0.4814814814814815
0.4814814814814815
0.5254237288135593
0.5254237288135593
0.7358490566037736
0.4814814814814815
0.5625
0.4814814814814815
0.4814814814814815
0.5254237288135593
0.4814814814814815
0.4814814814814815
0.4814814814814815
0.4814814814814815
0.4814814814814815
0.4814814814814815
0.4814814814814815
0.5
0.4814814814814815
0.4814814814814815
0.5254237288135593
0.5692307692307692
0.5
0.4814814814814815
0.4814814814814815
0.4814814814814815
0.4814814814814815
0.9622641509433962
0.4814814814814815
0.4814814814814815
0.4814814814814815
0.4814814814814815
0.5254237288135593
0.5625
0.5
0.7358490566037736
0.4814814814814815
0.4814814814814815
0.4814814814814815
0.4814814814814815
0.4814814814814815
0.4814814814814815
0.4814814814814815
0.4814814814814815
0.5254237288135593
0.4814814814814815
0.4814814814814815
0.5625
0.4814814814814815
0.4814814814814815
0.5
0.4814814814814815
0.4814814814814815
0.4814814814814815
0.4814814814814815
0.4814814814814815
0.4814814814814815
0.4814814814814815
0.4814814814814815
0.4814814814814815
0.4814814814814815
0.4814814814814815
0.4814814814814815
0.4814814814814815
0.4814814814814815
0.4814814814814815
0.4814814814814815
0.4814814814814815
0.4814814814814815
0.4814814814814815
0.5
0.4814814814814815
0.4814814814814815
0.5
0.5625
0.4814814814814815
0.4814814814814815
0.4814814814814815
0.4814814814814815
0.4814814814814815
0.5254237288135593
0.4814814814814815
0.7777777777777778
0.5692307692307692
0.4814814814814815
0.4814814814814815
0.5254237288135593
0.5
0.4814814814814815
0.4814814814814815
0.4814814814814815
0.4814814814814815
0.4814814814814815
0.4814814814814815
0.5692307692307692
0.4814814814814815
0.4814814814814815
0.4814814814814815
0.4814814814814815
0.4814814814814815
0.4814814814814815
0.4814814814814815
0.4814814814814815
0.4814814814814815
0.5625
0.5625
0.4814814814814815
0.4814814814814815
0.4814814814814815
0.5254237288135593
0.4814814814814815
0.4814814814814815
0.4814814814814815
0.4814814814814815
0.4814814814814815
0.4814814814814815
0.4814814814814815
0.4814814814814815
0.4814814814814815
0.4814814814814815
0.4814814814814815
0.4814814814814815
0.4814814814814815
0.5254237288135593
0.4814814814814815
0.4814814814814815
0.4814814814814815
0.4814814814814815
0.5254237288135593
0.4814814814814815
0.5625
0.4814814814814815
0.7358490566037736
0.4814814814814815
0.4814814814814815
0.4814814814814815
0.4814814814814815
0.4814814814814815
0.4814814814814815
0.4814814814814815
0.4814814814814815
0.4814814814814815
0.4814814814814815
0.4814814814814815
0.4814814814814815
0.5254237288135593
0.4814814814814815
0.4814814814814815
0.5254237288135593
0.5
0.4814814814814815
0.4814814814814815
0.4814814814814815
0.4814814814814815
0.4814814814814815
0.7454545454545455
0.4814814814814815
0.4814814814814815
0.4814814814814815
0.5
0.4814814814814815
0.4814814814814815
0.5692307692307692
0.4814814814814815
0.4814814814814815
0.4814814814814815
0.4814814814814815
0.4814814814814815
0.4814814814814815
0.4814814814814815
0.4814814814814815
0.4814814814814815
0.4814814814814815
0.4814814814814815
0.4814814814814815
0.5
0.4814814814814815
0.4814814814814815
0.5
0.4814814814814815
0.4814814814814815
0.4814814814814815
0.4814814814814815
0.4814814814814815
0.5254237288135593
0.4814814814814815
