0.2063492063492064
0.0
0.2063492063492064
0.3421052631578947
0.2063492063492064
0.33333333333333337
0.22666666666666668
0.0
0.0
0.0
0.0
0.33333333333333337
0.21875
0.2063492063492064
0.21875
0.21875
0.0
0.33333333333333337
0.1875
0.2063492063492064
0.17460317460317465
0.2063492063492064
0.33333333333333337
0.22666666666666668
0.22666666666666668
0.0
0.4461538461538461
0.0
0.19999999999999996
0.19999999999999996
0.2063492063492064
0.0
0.32307692307692304
0.2063492063492064
0.0
0.2063492063492064
0.0
0.0
0.2698412698412699
0.2063492063492064
0.2063492063492064
0.2063492063492064
0.2063492063492064
0.3421052631578947
0.33333333333333337
0.19999999999999996
0.33333333333333337
0.0
0.0
0.33333333333333337
0.32307692307692304
0.2063492063492064
0.22666666666666668
0.19999999999999996
0.2063492063492064
0.33333333333333337
0.21875
0.0
0.3421052631578947
0.2063492063492064
0.2063492063492064
0.17460317460317465
0.2063492063492064
0.2063492063492064
0.0
0.2063492063492064
0.0
0.0
0.2063492063492064
0.2063492063492064
0.2063492063492064
0.34375
0.2063492063492064
0.0
0.0
0.2063492063492064
0.19999999999999996
0.2063492063492064
0.0
0.0
0.3015873015873016
0.0
0.0
0.21875
0.2063492063492064
0.2063492063492064
0.2063492063492064
0.2063492063492064
0.19999999999999996
0.2063492063492064
0.25373134328358204
0.2063492063492064
0.0
0.22388059701492535
0.0
0.0
0.46031746031746035
0.2063492063492064
0.33333333333333337
0.32307692307692304
0.21212121212121215
0.32307692307692304
0.33333333333333337
0.2063492063492064
0.21875
0.0
0.0
0.2063492063492064
0.2063492063492064
0.2063492063492064
0.0
0.0
0.2063492063492064
0.0
0.33333333333333337
0.21875
0.21875
0.0
0.0
0.2063492063492064
0.2894736842105263
0.17460317460317465
0.1875
0.4545454545454546
0.0
0.4461538461538461
0.2063492063492064
0.0
0.33333333333333337
0.0
0.0
0.19999999999999996
0.0
0.2063492063492064
0.21875
0.2063492063492064
0.0
0.4545454545454546
0.2063492063492064
0.0
0.2063492063492064
0.0
0.3015873015873016
0.2063492063492064
0.19999999999999996
0.0
0.2063492063492064
0.2063492063492064
0.0
0.2063492063492064
0.21212121212121215
0.2063492063492064
0.2063492063492064
0.2063492063492064
0.0
0.2063492063492064
0.22666666666666668
0.0
0.21875
0.0
0.2063492063492064
0.21875
0.32307692307692304
0.2063492063492064
0.0
0.0
0.0
0.0
0.0
0.0
0.2063492063492064
0.21875
0.0
0.2063492063492064
0.2063492063492064
0.2063492063492064
0.0
0.22666666666666668
0.2063492063492064
0.2063492063492064
0.2063492063492064
0.0
0.0
0.4626865671641791
0.0
0.0
0.21875
0.2063492063492064
0.0
0.0
0.2063492063492064
0.0
0.33333333333333337
0.0
