0.34210526315789475
0.0
0.34210526315789475
0.5098039215686274
0.34210526315789475
0.5
0.3695652173913043
0.0
0.0
0.0
0.0
0.5
0.358974358974359
0.34210526315789475
0.358974358974359
0.358974358974359
0.0
0.5
0.3157894736842105
0.34210526315789475
0.2972972972972973
0.34210526315789475
0.5
0.3695652173913043
0.3695652173913043
0.0
0.6170212765957447
0.0
0.3333333333333333
0.3333333333333333
0.34210526315789475
0.0
0.4883720930232558
0.34210526315789475
0.0
0.34210526315789475
0.0
0.0
0.425
0.34210526315789475
0.34210526315789475
0.34210526315789475
0.34210526315789475
0.5098039215686274
0.5
0.3333333333333333
0.5
0.0
0.0
0.5
0.4883720930232558
0.34210526315789475
0.3695652173913043
0.3333333333333333
0.34210526315789475
0.5
0.358974358974359
0.0
0.5098039215686274
0.34210526315789475
0.34210526315789475
0.2972972972972973
0.34210526315789475
0.34210526315789475
0.0
0.34210526315789475
0.0
0.0
0.34210526315789475
0.34210526315789475
0.34210526315789475
0.5116279069767442
0.34210526315789475
0.0
0.0
0.34210526315789475
0.3333333333333333
0.34210526315789475
0.0
0.0
0.4634146341463415
0.0
0.0
0.358974358974359
0.34210526315789475
0.34210526315789475
0.34210526315789475
0.34210526315789475
0.3333333333333333
0.34210526315789475
0.40476190476190477
0.34210526315789475
0.0
0.36585365853658536
0.0
0.0
0.6304347826086957
0.34210526315789475
0.5
0.4883720930232558
0.35
0.4883720930232558
0.5
0.34210526315789475
0.358974358974359
0.0
0.0
0.34210526315789475
0.34210526315789475
0.34210526315789475
0.0
0.0
0.34210526315789475
0.0
0.5
0.358974358974359
0.358974358974359
0.0
0.0
0.34210526315789475
0.4489795918367347
0.2972972972972973
0.3157894736842105
0.625
0.0
0.6170212765957447
0.34210526315789475
0.0
0.5
0.0
0.0
0.3333333333333333
0.0
0.34210526315789475
0.358974358974359
0.34210526315789475
0.0
0.625
0.34210526315789475
0.0
0.34210526315789475
0.0
0.4634146341463415
0.34210526315789475
0.3333333333333333
0.0
0.34210526315789475
0.34210526315789475
0.0
0.34210526315789475
0.35
0.34210526315789475
0.34210526315789475
0.34210526315789475
0.0
0.34210526315789475
0.3695652173913043
0.0
0.358974358974359
0.0
0.34210526315789475
0.358974358974359
0.4883720930232558
0.34210526315789475
0.0
0.0
0.0
0.0
0.0
0.0
0.34210526315789475
0.358974358974359
0.0
0.34210526315789475
0.34210526315789475
0.34210526315789475
0.0
0.3695652173913043
0.34210526315789475
0.34210526315789475
0.34210526315789475
0.0
0.0
0.6326530612244898
0.0
0.0
0.358974358974359
0.34210526315789475
0.0
0.0
0.34210526315789475
0.0
0.5
0.0
