0.1071428571428571
0.0
0.1071428571428571
0.3055555555555556
0.1071428571428571
0.25
0.17142857142857137
0.0
0.0
0.0
0.0
0.2857142857142857
0.13793103448275867
0.1071428571428571
0.1071428571428571
0.13793103448275867
0.0
0.25
0.10344827586206895
0.1071428571428571
0.0714285714285714
0.1071428571428571
0.2857142857142857
0.17142857142857137
0.17142857142857137
0.0
0.3793103448275862
0.0
0.10344827586206895
0.10344827586206895
0.1071428571428571
0.0
0.24137931034482762
0.1071428571428571
0.0
0.1071428571428571
0.0
0.0
0.1785714285714286
0.1071428571428571
0.1071428571428571
0.1071428571428571
0.1071428571428571
0.3055555555555556
0.2857142857142857
0.10344827586206895
0.25
0.0
0.0
0.2857142857142857
0.24137931034482762
0.1071428571428571
0.17142857142857137
0.10344827586206895
0.1071428571428571
0.2857142857142857
0.13793103448275867
0.0
0.3055555555555556
0.1071428571428571
0.1071428571428571
0.0714285714285714
0.1071428571428571
0.1071428571428571
0.0
0.1071428571428571
0.0
0.0
0.1071428571428571
0.1071428571428571
0.1071428571428571
0.27586206896551724
0.1071428571428571
0.0
0.0
0.1071428571428571
0.10344827586206895
0.1071428571428571
0.0
0.0
0.2142857142857143
0.0
0.0
0.13793103448275867
0.1071428571428571
0.1071428571428571
0.1071428571428571
0.1071428571428571
0.10344827586206895
0.1071428571428571
0.21875
0.1071428571428571
0.0
0.1875
0.0
0.0
0.3928571428571429
0.1071428571428571
0.2857142857142857
0.24137931034482762
0.1333333333333333
0.24137931034482762
0.25
0.1071428571428571
0.13793103448275867
0.0
0.0
0.1071428571428571
0.1071428571428571
0.1071428571428571
0.0
0.0
0.1071428571428571
0.0
0.2857142857142857
0.13793103448275867
0.13793103448275867
0.0
0.0
0.1071428571428571
0.25
0.0714285714285714
0.10344827586206895
0.4
0.0
0.3793103448275862
0.1071428571428571
0.0
0.25
0.0
0.0
0.10344827586206895
0.0
0.1071428571428571
0.13793103448275867
0.1071428571428571
0.0
0.4
0.1071428571428571
0.0
0.1071428571428571
0.0
0.2142857142857143
0.1071428571428571
0.10344827586206895
0.0
0.1071428571428571
0.1071428571428571
0.0
0.1071428571428571
0.1333333333333333
0.1071428571428571
0.1071428571428571
0.1071428571428571
0.0
0.1071428571428571
0.17142857142857137
0.0
0.13793103448275867
0.0
0.1071428571428571
0.13793103448275867
0.24137931034482762
0.1071428571428571
0.0
0.0
0.0
0.0
0.0
0.0
0.1071428571428571
0.1071428571428571
0.0
0.1071428571428571
0.1071428571428571
0.1071428571428571
0.0
0.17142857142857137
0.1071428571428571
0.1071428571428571
0.1071428571428571
0.0
0.0
0.4193548387096774
0.0
0.0
0.1071428571428571
0.1071428571428571
0.0
0.0
0.1071428571428571
0.0
0.2857142857142857
0.0
