0.3421052631578947
0.0
0.3421052631578947
0.5098039215686274
0.3421052631578947
0.5
0.3695652173913043
0.0
0.0
0.0
0.0
0.5
0.3589743589743589
0.3421052631578947
0.3589743589743589
0.3589743589743589
0.0
0.5
0.3157894736842105
0.3421052631578947
0.29729729729729726
0.3421052631578947
0.5
0.3695652173913043
0.3695652173913043
0.0
0.6170212765957447
0.0
0.33333333333333337
0.33333333333333337
0.3421052631578947
0.0
0.4883720930232558
0.3421052631578947
0.0
0.3421052631578947
0.0
0.0
0.42500000000000004
0.3421052631578947
0.3421052631578947
0.3421052631578947
0.3421052631578947
0.5098039215686274
0.5
0.33333333333333337
0.5
0.0
0.0
0.5
0.4883720930232558
0.3421052631578947
0.3695652173913043
0.33333333333333337
0.3421052631578947
0.5
0.3589743589743589
0.0
0.5098039215686274
0.3421052631578947
0.3421052631578947
0.29729729729729726
0.3421052631578947
0.3421052631578947
0.0
0.3421052631578947
0.0
0.0
0.3421052631578947
0.3421052631578947
0.3421052631578947
0.5116279069767442
0.3421052631578947
0.0
0.0
0.3421052631578947
0.33333333333333337
0.3421052631578947
0.0
0.0
0.46341463414634143
0.0
0.0
0.3589743589743589
0.3421052631578947
0.3421052631578947
0.3421052631578947
0.3421052631578947
0.33333333333333337
0.3421052631578947
0.40476190476190477
0.3421052631578947
0.0
0.36585365853658536
0.0
0.0
0.6304347826086957
0.3421052631578947
0.5
0.4883720930232558
0.35
0.4883720930232558
0.5
0.3421052631578947
0.3589743589743589
0.0
0.0
0.3421052631578947
0.3421052631578947
0.3421052631578947
0.0
0.0
0.3421052631578947
0.0
0.5
0.3589743589743589
0.3589743589743589
0.0
0.0
0.3421052631578947
0.44897959183673475
0.29729729729729726
0.3157894736842105
0.625
0.0
0.6170212765957447
0.3421052631578947
0.0
0.5
0.0
0.0
0.33333333333333337
0.0
0.3421052631578947
0.3589743589743589
0.3421052631578947
0.0
0.625
0.3421052631578947
0.0
0.3421052631578947
0.0
0.46341463414634143
0.3421052631578947
0.33333333333333337
0.0
0.3421052631578947
0.3421052631578947
0.0
0.3421052631578947
0.35
0.3421052631578947
0.3421052631578947
0.3421052631578947
0.0
0.3421052631578947
0.3695652173913043
0.0
0.3589743589743589
0.0
0.3421052631578947
0.3589743589743589
0.4883720930232558
0.3421052631578947
0.0
0.0
0.0
0.0
0.0
0.0
0.3421052631578947
0.3589743589743589
0.0
0.3421052631578947
0.3421052631578947
0.3421052631578947
0.0
0.3695652173913043
0.3421052631578947
0.3421052631578947
0.3421052631578947
0.0
0.0
0.6326530612244898
0.0
0.0
0.3589743589743589
0.3421052631578947
0.0
0.0
0.3421052631578947
0.0
0.5
0.0
