0.010349288486416586
0.010309278350515427
0.0
0.010349288486416586
0.010309278350515427
0.011661807580174877
0.016304347826086918
0.010349288486416586
0.011661807580174877
0.010309278350515427
0.011661807580174877
0.0
0.010349288486416586
0.010349288486416586
0.010309278350515427
0.010349288486416586
0.010309278350515427
0.010349288486416586
0.011661807580174877
0.010349288486416586
0.010309278350515427
0.010349288486416586
0.010309278350515427
0.0
0.0
0.016304347826086918
0.010349288486416586
0.010309278350515427
0.010349288486416586
0.016304347826086918
0.011661807580174877
0.010349288486416586
0.0
0.0
0.010349288486416586
0.0
0.010349288486416586
0.011661807580174877
0.010349288486416586
0.011661807580174877
0.011661807580174877
0.010349288486416586
0.0
0.010309278350515427
