0.3571428571428571
0.3562447611064543
0.3345971563981043
0.3571428571428571
0.3562447611064543
0.30722070844686644
0.31912225705329156
0.3571428571428571
0.30722070844686644
0.3562447611064543
0.30722070844686644
0.3355513307984791
0.3571428571428571
0.3571428571428571
0.3562447611064543
0.3571428571428571
0.3562447611064543
0.3571428571428571
0.30722070844686644
0.3571428571428571
0.3562447611064543
0.3571428571428571
0.3562447611064543
0.3355513307984791
0.3355513307984791
0.31912225705329156
0.3571428571428571
0.3562447611064543
0.3571428571428571
0.31912225705329156
0.30722070844686644
0.3571428571428571
0.3355513307984791
0.3345971563981043
0.3571428571428571
0.3355513307984791
0.3571428571428571
0.30722070844686644
0.3571428571428571
0.30722070844686644
0.30722070844686644
0.3571428571428571
0.3355513307984791
0.3562447611064543
