0.35714285714285715
0.3562447611064543
0.3345971563981043
0.35714285714285715
0.3562447611064543
0.3072207084468665
0.31912225705329156
0.35714285714285715
0.3072207084468665
0.3562447611064543
0.3072207084468665
0.3355513307984791
0.35714285714285715
0.35714285714285715
0.3562447611064543
0.35714285714285715
0.3562447611064543
0.35714285714285715
0.3072207084468665
0.35714285714285715
0.3562447611064543
0.35714285714285715
0.3562447611064543
0.3355513307984791
0.3355513307984791
0.31912225705329156
0.35714285714285715
0.3562447611064543
0.35714285714285715
0.31912225705329156
0.3072207084468665
0.35714285714285715
0.3355513307984791
0.3345971563981043
0.35714285714285715
0.3355513307984791
0.35714285714285715
0.3072207084468665
0.35714285714285715
0.3072207084468665
0.3072207084468665
0.35714285714285715
0.3355513307984791
0.3562447611064543
