0.5652173913043479
0.5652173913043479
0.5652173913043479
0.5652173913043479
0.5652173913043479
0.5652173913043479
0.5652173913043479
0.5652173913043479
0.5652173913043479
0.5652173913043479
0.5652173913043479
0.5652173913043479
0.5652173913043479
0.5652173913043479
0.5652173913043479
0.5652173913043479
0.5652173913043479
0.5652173913043479
0.5652173913043479
0.5652173913043479
0.5652173913043479
0.5652173913043479
0.5652173913043479
0.5652173913043479
0.5652173913043479
0.5652173913043479
0.5652173913043479
0.5652173913043479
0.5652173913043479
0.5652173913043479
0.5652173913043479
0.5652173913043479
0.5652173913043479
0.5652173913043479
0.5652173913043479
0.5652173913043479
0.5652173913043479
0.5652173913043479
0.5652173913043479
0.5652173913043479
0.5652173913043479
0.5652173913043479
0.5652173913043479
0.5652173913043479
