0.3939393939393939
0.3939393939393939
0.3939393939393939
0.3939393939393939
0.3939393939393939
0.3939393939393939
0.3939393939393939
0.3939393939393939
0.3939393939393939
0.3939393939393939
0.3939393939393939
0.3939393939393939
0.3939393939393939
0.3939393939393939
0.3939393939393939
0.3939393939393939
0.3939393939393939
0.3939393939393939
0.3939393939393939
0.3939393939393939
0.3939393939393939
0.3939393939393939
0.3939393939393939
0.3939393939393939
0.3939393939393939
0.3939393939393939
0.3939393939393939
0.3939393939393939
0.3939393939393939
0.3939393939393939
0.3939393939393939
0.3939393939393939
0.3939393939393939
0.3939393939393939
0.3939393939393939
0.3939393939393939
0.3939393939393939
0.3939393939393939
0.3939393939393939
0.3939393939393939
0.3939393939393939
0.3939393939393939
0.3939393939393939
0.3939393939393939
