0.21739130434782605
0.21672616012238655
0.2009106431417188
0.21739130434782605
0.21672616012238655
0.18148893360160967
0.18985453189108537
0.21739130434782605
0.18148893360160967
0.21672616012238655
0.18148893360160967
0.2015990862364363
0.21739130434782605
0.21739130434782605
0.21672616012238655
0.21739130434782605
0.21672616012238655
0.21739130434782605
0.18148893360160967
0.21739130434782605
0.21672616012238655
0.21739130434782605
0.21672616012238655
0.2015990862364363
0.2015990862364363
0.18985453189108537
0.21739130434782605
0.21672616012238655
0.21739130434782605
0.18985453189108537
0.18148893360160967
0.21739130434782605
0.2015990862364363
0.2009106431417188
0.21739130434782605
0.2015990862364363
0.21739130434782605
0.18148893360160967
0.21739130434782605
0.18148893360160967
0.18148893360160967
0.21739130434782605
0.2015990862364363
0.21672616012238655
