0.00527565286204168
0.015720997470184295
0.0007159477358152921
0.0
0.0029978586723768963
0.0002336448598130314
0.0015323322096230108
0.0009477175801611004
0.0036962883104881827
0.0
0.00527565286204168
-1.0
0.003956478733926794
0.0004421843908910539
0.0
0.002832244008714624
0.00045913682277320955
0.002137513359458443
0.002137513359458443
0.00321957501609782
-1.0
0.0007296607077709183
0.002572898799313883
0.003956478733926794
0.0027867095391210794
0.002137513359458443
0.0066027689030884185
0.0007274049827241669
0.003956478733926794
0.002136752136752129
0.0011676786548341367
-1.0
0.0012980691221807783
0.0007274049827241669
0.00527565286204168
0.006811409110259681
0.00023353573096684954
0.001795063575168232
0.002136752136752129
0.001795063575168232
0.00527565286204168
0.0029978586723768963
0.0017939901330542574
0.0015048908954100604
0.0008946544397226974
0.001795063575168232
0.001532801961986463
0.0
0.12388966806919122
-1.0
-1.0
0.004003079291762912
0.004003079291762912
-1.0
0.0015323322096230108
0.0017939901330542574
0.004110292858366171
0.005867878099564683
0.002784322124651961
-1.0
0.0006885471654808351
0.00023342670401493848
0.0
0.001795063575168232
0.00527565286204168
0.00527565286204168
0.0004637143519592435
0.00527565286204168
-1.0
0.002137513359458443
0.0002336448598130314
0.0010266940451745254
0.004003079291762912
0.00527565286204168
0.00369401262120983
0.0
-1.0
0.005177323323841576
0.003829216925138823
0.001795063575168232
0.003695150115473389
0.0008707009142359112
0.003829216925138823
0.00527565286204168
0.003956478733926794
0.0030004286326618113
0.0005994005994005569
0.003956478733926794
0.003956478733926794
0.003829216925138823
0.0
0.001795063575168232
0.00527565286204168
0.0010266940451745254
0.00023353573096684954
0.0002336448598130314
0.007963839862247135
0.001795063575168232
0.0
0.0002336448598130314
0.00527565286204168
-1.0
-1.0
0.00527565286204168
0.0004421843908910539
0.001532801961986463
0.0
0.0
0.0036962883104881827
0.0005995203836930418
0.0007274049827241669
0.00022820629849384932
0.0017939901330542574
0.00527565286204168
0.12587347433150098
0.00045259108395567793
0.0076287349014622086
0.0014553922282054543
0.00022914757103575933
0.002137513359458443
-1.0
0.004111701216378272
0.00022820629849384932
0.002137513359458443
0.0
0.001795063575168232
0.004110292858366171
-1.0
0.0007300602299690206
0.0007482229704451893
0.0012980691221807783
0.0027867095391210794
0.00023353573096684954
0.0002336448598130314
0.00023353573096684954
0.002784322124651961
0.0
0.00527565286204168
0.0013446884805020654
0.002137513359458443
0.004110292858366171
0.005177323323841576
0.005177323323841576
0.0
0.00527565286204168
0.002137513359458443
0.0012980691221807783
0.00527565286204168
0.0007300602299690206
0.0011003521126760063
0.0021478432074458764
0.0
0.0030004286326618113
0.00527565286204168
0.0
0.001948051948051921
0.005177323323841576
0.00527565286204168
0.0
0.001795063575168232
0.00527565286204168
0.001795063575168232
0.000711743772242035
0.00022123893805314765
0.00022999080036800734
0.00023353573096684954
0.0005379236148467248
0.004614370468029039
0.003956478733926794
0.00527565286204168
0.0006385696040868138
0.004001847006310566
0.00527565286204168
0.00023116042533521952
0.004110292858366171
0.004110292858366171
0.00023353573096684954
0.008241758241758212
0.0008707009142359112
0.0019404915912031306
0.12937905468025945
0.0035010940919036893
-1.0
0.001795063575168232
0.001795063575168232
0.00022988505747123522
0.0002336448598130314
0.00527565286204168
0.0017939901330542574
0.0018487705675725996
-1.0
0.0012531328320801727
0.0015323322096230108
0.001532801961986463
0.002137513359458443
0.004003079291762912
0.001149865848984244
0.00478616643507801
0.004110292858366171
0.001795063575168232
0.00527565286204168
0.0015323322096230108
0.00527565286204168
0.0013446884805020654
0.003956478733926794
0.0002336448598130314
0.00045913682277320955
0.005177323323841576
0.002898056597340659
0.00023353573096684954
0.0
0.0002336448598130314
0.004001847006310566
0.0030004286326618113
0.003956478733926794
0.00023353573096684954
0.0002336448598130314
0.0007274049827241669
0.0027867095391210794
0.005867878099564683
0.003956478733926794
0.00786564625850339
0.0029965753424657793
-1.0
-1.0
0.00527565286204168
0.002572898799313883
0.001795063575168232
0.0026466696074106677
0.004666949512091678
0.0
-1.0
0.00022999080036800734
0.003956478733926794
0.004111701216378272
0.003956478733926794
0.004110292858366171
0.003695150115473389
0.0012980691221807783
0.0007335411699981309
0.00369401262120983
0.001149865848984244
0.015720997470184295
0.00527565286204168
0.003265839320705455
0.002136752136752129
0.0009536524890330078
0.001795063575168232
0.003956478733926794
0.00046794571829666953
0.0009007656508032147
0.0
0.004001847006310566
0.0027867095391210794
0.0012295801861935685
0.0005945303210463937
0.0065999574196295985
0.00527565286204168
0.004110292858366171
0.015720997470184295
0.0004637143519592435
0.0
0.0007300602299690206
0.004110292858366171
0.001795063575168232
0.001795063575168232
-1.0
0.0029965753424657793
0.0006523866478199691
0.002137513359458443
0.002137513359458443
0.001795063575168232
0.0014553922282054543
-1.0
0.0027888929307626764
0.0002336448598130314
0.0002336448598130314
0.004111701216378272
0.0
0.0008097165991902688
0.002132196162046962
0.001795063575168232
0.0017939901330542574
0.0
0.002808381939943816
0.004110292858366171
0.0029965753424657793
0.0030504714364947283
0.002137513359458443
0.003956478733926794
0.002136752136752129
0.004003079291762912
0.003956478733926794
-1.0
0.0
0.00527565286204168
0.0
0.0032708242477104132
0.001532801961986463
0.00478616643507801
0.003956478733926794
0.003956478733926794
0.000702247191011196
0.0
0.003829216925138823
0.0008827423863468908
0.0015323322096230108
0.0017939901330542574
0.00023353573096684954
0.0008707009142359112
0.00022123893805314765
0.00527565286204168
0.00527565286204168
0.002137513359458443
0.00527565286204168
0.004111701216378272
0.005177323323841576
-1.0
-1.0
0.00527565286204168
0.0013313806417254437
0.00023116042533521952
0.003481288076588318
0.004104669061056998
0.0015323322096230108
0.004110292858366171
-1.0
0.00023353573096684954
0.00044238000442375913
0.00023116042533521952
0.0015323322096230108
0.003829216925138823
0.0002336448598130314
0.002137513359458443
0.001532801961986463
0.002784322124651961
-1.0
0.0015527950310558758
-1.0
0.0007482229704451893
0.0015295197308045072
0.003956478733926794
-1.0
0.0021478432074458764
0.0019404915912031306
0.00527565286204168
0.0017939901330542574
0.003956478733926794
0.004111701216378272
0.00527565286204168
-1.0
0.0035010940919036893
-1.0
0.00023353573096684954
0.0036962883104881827
0.002137513359458443
0.003956478733926794
0.0002336448598130314
0.0017280110592707842
-1.0
0.0031007751937984773
0.0015323322096230108
0.005177323323841576
0.001948051948051921
0.009425625920471248
-1.0
0.00527565286204168
0.003968253968253954
0.0
0.002137513359458443
0.00527565286204168
0.0
0.002137513359458443
0.002316052022091619
0.00527565286204168
0.004311008468052324
0.0004622140050843937
0.0009932130441979714
0.004427792915531303
0.006597148329431812
0.0006385696040868138
0.00527565286204168
0.003956478733926794
0.0
0.0019404915912031306
0.00023353573096684954
0.0008707009142359112
0.002113792496036604
0.014298642533936645
0.0017939901330542574
0.00527565286204168
0.001795063575168232
0.00044238000442375913
0.00023116042533521952
0.003695150115473389
0.00527565286204168
0.000861573808156213
0.000895455563017733
0.0027867095391210794
0.00023353573096684954
0.17418244406196215
0.00023353573096684954
-1.0
0.000796019900497491
0.0011574074074074403
0.0034393809114359186
0.0017982916229581924
0.0002336448598130314
0.006688389641570924
0.001795063575168232
0.0009280742459396585
0.00023353573096684954
0.003956478733926794
0.0030504714364947283
0.00527565286204168
0.003956478733926794
0.0013242109909512578
0.00527565286204168
0.00527565286204168
0.0030504714364947283
0.0004584001833600748
0.0009963467286615568
0.002784322124651961
-1.0
0.0017796760989500227
0.0014474398407816613
0.0017939901330542574
0.005177323323841576
0.0006974716652136115
0.003956478733926794
0.001122334455667784
0.0
0.003956478733926794
0.003956478733926794
0.0009752925877762886
0.0007574323044877707
0.0027831299507600216
0.003956478733926794
0.005867878099564683
0.003956478733926794
0.00023116042533521952
0.0038532675709000985
0.0002336448598130314
0.005177323323841576
0.0020194602533504247
0.0029965753424657793
0.0
0.0
0.0029978586723768963
0.0015323322096230108
0.003956478733926794
0.00527565286204168
0.12937905468025945
0.00527565286204168
-1.0
0.00527565286204168
0.004111701216378272
0.001795063575168232
0.0066027689030884185
0.00045197740112989937
0.00527565286204168
0.00023353573096684954
0.0009100561201274004
0.00527565286204168
0.002748668613640315
0.004110292858366171
-1.0
0.0
0.0065999574196295985
0.00527565286204168
0.0010590976488031867
0.0
0.0
0.00527565286204168
0.0002336448598130314
0.0015323322096230108
0.001795063575168232
0.001795063575168232
-1.0
0.001795063575168232
0.003956478733926794
0.003945788299879904
0.003956478733926794
0.0063172272494450565
0.001795063575168232
0.00527565286204168
0.005271481286241442
0.00527565286204168
0.0009932130441979714
-1.0
0.0066027689030884185
-1.0
0.0029978586723768963
0.0015323322096230108
0.005867878099564683
-1.0
0.001795063575168232
0.00023353573096684954
0.002572898799313883
0.0011384335154827063
0.003956478733926794
0.0015295197308045072
0.0013084723585213842
0.004111701216378272
0.00527565286204168
0.0007118704395799869
0.004309681391411413
-1.0
0.002136752136752129
0.0002336448598130314
0.012593538966964801
0.003956478733926794
-1.0
0.0015323322096230108
0.004109026160799889
0.0012980691221807783
0.003956478733926794
0.0007229351165732867
0.0005995203836930418
0.0008615119534783888
0.005140286999357424
0.0
0.12937905468025945
0.0063911376224967675
0.001149865848984244
0.00527565286204168
0.0034158838599487318
0.001795063575168232
0.002316052022091619
0.01723016905071517
0.003956478733926794
0.0002336448598130314
0.002784322124651961
0.002784322124651961
-1.0
0.00045259108395567793
0.0005995203836930418
0.00527565286204168
-1.0
0.0002336448598130314
0.004110292858366171
0.00022016732716867438
0.004109026160799889
0.0065247252747252515
0.0009935419771485154
0.001795063575168232
0.0021310602024506853
0.003956478733926794
0.0036962883104881827
0.0027914966716769962
0.006057546693589044
0.003956478733926794
0.0027331738981892784
0.0002336448598130314
-1.0
0.00527565286204168
0.0017939901330542574
0.00527565286204168
0.003956478733926794
0.0027867095391210794
0.001528584530724575
0.0007274049827241669
0.005177323323841576
0.0
0.0
-1.0
0.0007772020725388407
0.00527565286204168
0.002137513359458443
0.005177323323841576
0.0
0.0002336448598130314
0.002137513359458443
0.00023353573096684954
-1.0
-1.0
0.002137513359458443
0.003956478733926794
0.0008707009142359112
0.001795063575168232
0.00478616643507801
0.00527565286204168
0.0017939901330542574
0.0
0.008554787040407685
0.00527565286204168
0.00527565286204168
0.00527565286204168
0.0025706940874036244
0.0021141649048626032
0.0027867095391210794
0.0021325750844144453
0.011409836065573775
0.015720997470184295
0.0021310602024506853
0.00527565286204168
0.0013133701076963877
0.0030004286326618113
0.004109026160799889
0.00527565286204168
0.002137513359458443
0.003956478733926794
0.0029978586723768963
-1.0
0.0029978586723768963
0.00023148148148144365
-1.0
0.00527565286204168
0.006822901216256283
0.15057544757033248
0.0014558159848595542
0.001795063575168232
0.0027831299507600216
0.0015323322096230108
0.0
0.0002336448598130314
0.002616088947024253
0.001799370220422869
0.0017448961786773465
0.001908396946564861
0.00527565286204168
0.0008924587237840731
0.0009935419771485154
0.002137513359458443
0.001795063575168232
-1.0
0.001948051948051921
0.003849707422235893
0.003956478733926794
0.0012073929599702993
0.0013144922773579149
0.0
0.00045913682277320955
0.00527565286204168
0.001795063575168232
0.0066027689030884185
0.003956478733926794
0.00527565286204168
-1.0
0.0015323322096230108
0.027433394882616757
-1.0
0.00527565286204168
0.0032439446366782088
0.0017274140611505118
0.006488951245177121
0.0030004286326618113
0.00022007042253524567
0.002138275124732747
0.007835662854722591
0.0007771733096481048
0.001532801961986463
0.002789101051276499
0.12937905468025945
0.003956478733926794
0.001532801961986463
0.12388966806919122
0.0027914966716769962
0.00046157396722823485
0.002137513359458443
0.02472266244057053
0.00527565286204168
0.0009719747286570657
0.0015323322096230108
0.003956478733926794
0.003829216925138823
-1.0
0.0006385696040868138
0.00022016732716867438
-1.0
0.00023353573096684954
0.0026183722452541858
0.004111701216378272
-1.0
0.003829216925138823
0.0065999574196295985
0.007113218731475968
0.00045259108395567793
-1.0
0.00955509107196173
0.0008027829810007825
0.004110292858366171
0.00527565286204168
0.005177323323841576
0.001532801961986463
0.003829216925138823
0.0
0.003956478733926794
0.004188189306156609
-1.0
0.0027867095391210794
0.005177323323841576
0.003956478733926794
0.0014553922282054543
0.002136752136752129
0.006382978723404209
0.00527565286204168
0.004111701216378272
0.0015323322096230108
0.004110292858366171
0.00044238000442375913
0.003956478733926794
0.0036962883104881827
0.0006805035726437092
0.0027831299507600216
0.00023353573096684954
0.004609711124769489
0.0009532888465204614
0.003829216925138823
0.0015323322096230108
0.0026138096275321043
0.0
0.0002336448598130314
0.002137513359458443
0.0015323322096230108
0.000714030703320212
0.0066027689030884185
0.00527565286204168
0.01531872838082693
0.00022251891410773883
0.00023353573096684954
0.005177323323841576
-1.0
0.002138275124732747
0.00527565286204168
-1.0
0.0002336448598130314
0.000738688827331524
0.0
0.12388966806919122
0.00478616643507801
0.001462522851919612
0.0007119971520114232
0.003956478733926794
0.00023116042533521952
0.00527565286204168
0.002137513359458443
0.0002336448598130314
0.0010842067220816487
0.0012078416798290137
0.004111701216378272
0.00527565286204168
0.003956478733926794
0.00527565286204168
0.003956478733926794
0.00527565286204168
0.00527565286204168
0.003829216925138823
0.0030742204655248573
0.00019542700801256085
0.00527565286204168
0.000227583067819781
-1.0
0.0029978586723768963
0.004110292858366171
0.00527565286204168
0.0021310602024506853
0.00527565286204168
0.00527565286204168
0.006594341629440503
0.00527565286204168
0.001149865848984244
0.0
0.003956478733926794
0.0035010940919036893
0.003956478733926794
-1.0
0.001795063575168232
-1.0
0.003956478733926794
0.0002273760800364233
0.006591537316606444
0.0002336448598130314
0.004003079291762912
0.00527565286204168
0.0
0.0028452615451959318
0.0
0.0002336448598130314
0.001118151323145744
0.00527565286204168
0.003956478733926794
0.0032113037893384266
0.003829216925138823
0.00023353573096684954
0.0027867095391210794
0.001795063575168232
0.0007574323044877707
0.003956478733926794
0.0007274049827241669
0.12587347433150098
0.005177323323841576
0.015735214324471003
0.0007268762493185532
0.0
0.0016651248843663202
0.0009280742459396585
0.00023353573096684954
0.0009052504526252392
0.003956478733926794
0.00527565286204168
0.002571795970852997
0.003829216925138823
0.004111701216378272
0.0017939901330542574
0.001532801961986463
0.0013446884805020654
0.0016039921582605698
0.0015323322096230108
0.00527565286204168
0.00527565286204168
0.004938271604938316
-1.0
0.001532801961986463
-1.0
0.0015323322096230108
0.003956478733926794
0.003829216925138823
0.0
0.003945788299879904
0.001795063575168232
0.00022820629849384932
0.003956478733926794
0.002784322124651961
0.027433394882616757
0.0002336448598130314
0.00023353573096684954
-1.0
0.00527565286204168
0.004526837680534634
0.0015323322096230108
0.003956478733926794
0.0018419598452753538
0.003956478733926794
0.0017939901330542574
0.0004622140050843937
0.001795063575168232
0.0
0.0073292289651128995
0.12587347433150098
0.0015318627450980893
0.003829216925138823
0.003956478733926794
0.00019817677368216824
0.003956478733926794
0.00527565286204168
0.004110292858366171
0.0
-1.0
0.00527565286204168
0.0007300602299690206
0.003956478733926794
-1.0
0.0002336448598130314
0.0009006304413089472
0.00023353573096684954
0.008497981729339243
-1.0
-1.0
0.0011370096645821892
0.002137513359458443
0.003956478733926794
0.005177323323841576
0.0007276696379843184
0.001795063575168232
0.001795063575168232
0.005177323323841576
-1.0
0.0026536930561698036
0.0011676786548341367
0.00022914757103575933
0.003956478733926794
0.00527565286204168
0.004003079291762912
0.00527565286204168
0.00527565286204168
0.0007547169811320531
0.0034881185960322636
0.001136363636363602
0.0029978586723768963
0.021530431540684125
-1.0
0.004111701216378272
0.0002336448598130314
0.004110292858366171
-1.0
0.003829216925138823
0.0027831299507600216
0.002986348122866911
0.0013133701076963877
0.01617005813953487
0.001744287458573135
0.003001715265866234
0.003695150115473389
0.00527565286204168
0.0011195700850873402
0.003829216925138823
0.0036962883104881827
0.001795063575168232
0.003956478733926794
0.0011219147344802005
0.0063911376224967675
0.002137513359458443
0.0
0.00527565286204168
0.001795063575168232
0.00527565286204168
0.001795063575168232
0.001795063575168232
0.00527565286204168
0.0030906593406593297
0.00779353519867132
0.002137513359458443
0.0011787106718650353
0.00527565286204168
-1.0
0.00527565286204168
0.0014553922282054543
0.004110292858366171
0.0027867095391210794
0.0013153567905294095
0.0004575611988103523
0.001795063575168232
0.0017939901330542574
0.005177323323841576
0.005177323323841576
0.00023116042533521952
0.005177323323841576
0.0011198208286674616
0.00527565286204168
0.0027867095391210794
0.00527565286204168
0.0002336448598130314
0.00527565286204168
0.0030042918454935563
0.0065999574196295985
0.00527565286204168
0.0017939901330542574
0.005177323323841576
-1.0
0.12388966806919122
0.00046436034362662415
0.003956478733926794
0.001532801961986463
0.00527565286204168
0.0015323322096230108
0.00527565286204168
0.0
0.0065999574196295985
-1.0
0.003956478733926794
0.0002336448598130314
0.0002336448598130314
0.0002336448598130314
0.003956478733926794
0.002113792496036604
0.0012694958287994274
0.003829216925138823
0.0065999574196295985
0.004111701216378272
0.00527565286204168
0.002137513359458443
0.0012980691221807783
0.004608294930875556
0.003956478733926794
-1.0
0.003956478733926794
0.001795063575168232
0.0026909851995814416
0.0022148394241418012
0.002137513359458443
0.0005945303210463937
0.003956478733926794
0.00023353573096684954
0.009425625920471248
-1.0
0.0066027689030884185
0.00527565286204168
0.00023353573096684954
0.0014553922282054543
0.0008992805755395628
0.003956478733926794
0.003945788299879904
0.0002336448598130314
0.004111701216378272
-1.0
0.00527565286204168
0.0002336448598130314
0.004003079291762912
0.0
0.003956478733926794
0.00527565286204168
0.0021333333333333204
0.0014921442991310263
0.002136752136752129
0.0021145374449339505
0.003956478733926794
0.003945788299879904
0.003947693066864044
-1.0
0.000733272227314341
0.002136752136752129
0.0029997857295906982
0.001795063575168232
0.00527565286204168
0.00527565286204168
0.003829216925138823
0.002986348122866911
0.0009283614420547703
0.0026466696074106677
0.004003079291762912
0.0
0.0032099293815536223
0.002137513359458443
0.00045913682277320955
0.002316052022091619
0.1742489270386266
0.000800800800800805
0.00023116042533521952
-1.0
0.001795063575168232
0.003956478733926794
0.001795063575168232
0.004003079291762912
0.001744287458573135
0.004110292858366171
-1.0
-1.0
0.002137513359458443
0.003956478733926794
0.0
0.00527565286204168
-1.0
0.00022988505747123522
0.002784322124651961
0.0002336448598130314
0.0007300602299690206
-1.0
0.004003079291762912
0.0
0.0011352885525071077
0.0015323322096230108
0.0013412531136233197
0.001795063575168232
0.0007271405199055225
0.0017939901330542574
0.0013065064018813466
0.00045913682277320955
0.00023353573096684954
0.00527565286204168
0.002137513359458443
0.005177323323841576
0.0027867095391210794
-1.0
0.0005995203836930418
-1.0
-1.0
0.0002336448598130314
0.0030504714364947283
0.0027867095391210794
0.0021362956633198538
0.00527565286204168
0.00527565286204168
0.005177323323841576
0.002784322124651961
0.001795063575168232
0.0
0.006808510638297904
0.00045485558335223164
0.001840264998159702
0.001795063575168232
0.0015323322096230108
0.005177323323841576
0.00045913682277320955
0.0017939901330542574
-1.0
0.0007029876977152627
0.0015323322096230108
0.0027331738981892784
0.001795063575168232
0.002784322124651961
0.12587347433150098
0.003956478733926794
0.001532801961986463
0.0021470746108427363
0.00527565286204168
0.0010842067220816487
0.003956478733926794
0.0017939901330542574
-1.0
0.0025706940874036244
0.0065999574196295985
0.00527565286204168
0.003956478733926794
0.0036962883104881827
0.0010850694444444198
0.00527565286204168
0.0009532888465204614
0.0
0.002113792496036604
0.00023353573096684954
0.00019542700801256085
0.0027867095391210794
0.00023402761525859184
0.00527565286204168
-1.0
0.0
0.0027867095391210794
0.00527565286204168
0.001136363636363602
0.0007274049827241669
0.0
0.00022999080036800734
0.003695150115473389
0.00527565286204168
-1.0
0.00527565286204168
0.0
0.0013446884805020654
0.001795063575168232
0.005177323323841576
0.002137513359458443
0.003829216925138823
-1.0
0.002572898799313883
0.0004634994206257348
0.002572898799313883
0.0
0.001532801961986463
0.0011173184357542443
0.0
0.0004575611988103523
0.00478616643507801
0.00023353573096684954
0.0
0.0036962883104881827
0.0009009009009008917
0.0026263952724885353
0.002137513359458443
0.007038123167155463
0.002137513359458443
-1.0
0.00527565286204168
0.0
-1.0
0.003956478733926794
0.0065999574196295985
0.0
0.003829216925138823
0.003956478733926794
0.0
0.00527565286204168
0.003695150115473389
0.0002336448598130314
0.001795063575168232
0.007399577167019
-1.0
0.005177323323841576
0.002137513359458443
0.001795063575168232
0.00527565286204168
0.003829216925138823
-1.0
0.0013446884805020654
0.0021310602024506853
0.0007274049827241669
0.00527565286204168
0.00022914757103575933
0.0
0.003956478733926794
-1.0
-1.0
0.0007303268212525138
0.004174784302811041
0.00527565286204168
0.00527565286204168
0.00527565286204168
0.004111701216378272
0.001532801961986463
0.0019404915912031306
0.001795063575168232
0.0015323322096230108
0.0018487705675725996
0.0013137151865475483
0.003956478733926794
0.002784322124651961
0.0002336448598130314
0.00023353573096684954
-1.0
0.0017939901330542574
0.003062787136294043
0.0029965753424657793
0.002617230098146184
0.00023353573096684954
0.0
0.00527565286204168
0.00527565286204168
0.005177323323841576
0.0
0.00527565286204168
0.008290816326530615
0.0
0.002784322124651961
0.01985885442310853
0.002577319587628857
-1.0
0.001795063575168232
0.003956478733926794
0.001795063575168232
0.0002302025782688899
0.002137513359458443
0.00045259108395567793
0.0014482259232440065
0.00527565286204168
0.0
0.00527565286204168
0.001795063575168232
0.003956478733926794
0.00023353573096684954
0.00022820629849384932
0.001795063575168232
0.00527565286204168
0.003956478733926794
0.0012008920912678356
0.0036962883104881827
0.0017939901330542574
0.002137513359458443
0.00527565286204168
0.0002336448598130314
0.0009779951100244988
0.003956478733926794
0.0065999574196295985
0.001795063575168232
-1.0
0.002784322124651961
0.0017939901330542574
0.003956478733926794
0.0017939901330542574
0.002577319587628857
0.0012437810945273853
0.003956478733926794
-1.0
0.001795063575168232
0.0004402377283733161
0.0015318627450980893
0.003956478733926794
0.00527565286204168
0.0006974716652136115
0.0014553922282054543
0.003829216925138823
0.0017939901330542574
0.00527565286204168
0.00023353573096684954
0.0015323322096230108
0.001795063575168232
0.001795063575168232
0.005177323323841576
0.0035010940919036893
0.0007822685788787531
0.003829216925138823
0.0015318627450980893
0.004003079291762912
0.002136752136752129
0.001343183344526544
0.002897068847989126
0.005177323323841576
0.0008255933952527883
0.0027280477408354598
0.001795063575168232
0.003956478733926794
0.0
0.0009282178217822068
0.002137513359458443
0.0008934554389099514
-1.0
-1.0
0.0009532888465204614
0.0021362956633198538
0.0015323322096230108
0.00527565286204168
0.00023353573096684954
0.019911928010721835
0.00527565286204168
0.004003079291762912
0.00527565286204168
0.0012078416798290137
0.0017939901330542574
0.0
0.0002336448598130314
0.001795063575168232
0.0038532675709000985
0.001320567844173004
0.001948051948051921
0.003956478733926794
0.0029991431019709136
0.002137513359458443
0.005177323323841576
0.00527565286204168
0.003046127067014792
0.00023116042533521952
0.0066027689030884185
0.00527565286204168
0.0017939901330542574
0.001795063575168232
0.0015323322096230108
0.0017982916229581924
0.008011869436201802
0.0015295197308045072
0.003829216925138823
0.0011772163361405408
0.0010291595197255976
-1.0
0.0008238928939238166
0.001795063575168232
0.0032467532467532756
0.00527565286204168
0.0076061694485527465
0.00527565286204168
0.0
0.00527565286204168
0.005177323323841576
0.00527565286204168
0.003695150115473389
0.0007482229704451893
0.0015323322096230108
0.001532801961986463
0.00527565286204168
0.00527565286204168
0.003956478733926794
0.0009532888465204614
0.00045913682277320955
0.003956478733926794
-1.0
0.0017274140611505118
0.00044238000442375913
0.00527565286204168
0.0016060738793984841
0.0012980691221807783
0.00527565286204168
0.0001914241960183638
0.002616659398168353
0.002784322124651961
0.00019542700801256085
0.00527565286204168
-1.0
0.003956478733926794
0.0063172272494450565
0.002137513359458443
0.0026909851995814416
0.004609711124769489
0.0031796502384737746
0.0
0.00022123893805314765
0.001795063575168232
0.0013412531136233197
0.0017939901330542574
0.000999833361106428
0.00527565286204168
0.001795063575168232
0.0012980691221807783
0.0015323322096230108
0.003956478733926794
0.003973181028060546
0.002137513359458443
0.0
-1.0
0.00527565286204168
0.001850823616509345
-1.0
0.0031796502384737746
0.0002336448598130314
-1.0
0.0002336448598130314
0.002137513359458443
0.00788576300085253
0.0007268762493185532
0.0027867095391210794
0.001850823616509345
0.0066027689030884185
0.001136363636363602
0.005867878099564683
0.002577319587628857
0.001795063575168232
0.001532801961986463
0.004110292858366171
0.0002336448598130314
0.0011177347242921076
-1.0
-1.0
0.0007482229704451893
0.0029978586723768963
0.003829216925138823
0.007207971168115335
0.006382978723404209
0.005177323323841576
0.00527565286204168
0.00527565286204168
0.0
0.003695150115473389
0.00527565286204168
0.0018528812303131303
0.0002336448598130314
0.001795063575168232
0.004110292858366171
0.0025706940874036244
0.0013726835964310569
0.003956478733926794
0.0014558159848595542
0.0032467532467532756
0.000620539869686576
0.00527565286204168
0.0010850694444444198
0.0008615119534783888
0.00045197740112989937
0.0003605552550928204
0.00527565286204168
0.0065999574196295985
0.00527565286204168
0.0002336448598130314
0.004110292858366171
0.00023116042533521952
0.003829216925138823
-1.0
0.0008707009142359112
0.0026240979663241237
0.00023116042533521952
0.001532801961986463
0.00527565286204168
0.0013210039630119352
0.00527565286204168
0.0027867095391210794
0.0017274140611505118
0.003956478733926794
0.0026070763500931626
0.00527565286204168
0.00527565286204168
0.005177323323841576
0.005177323323841576
0.0
-1.0
0.00527565286204168
0.00527565286204168
0.0004421843908910539
0.001795063575168232
0.002137513359458443
-1.0
0.00527565286204168
0.0015318627450980893
0.00527565286204168
0.0
0.003956478733926794
0.001795063575168232
0.002113792496036604
0.0036962883104881827
0.001795063575168232
0.002571795970852997
0.0063856960408684715
0.0030004286326618113
0.0009861932938856066
0.003956478733926794
0.0004575611988103523
0.0010089120564991116
0.00527565286204168
0.0
0.00527565286204168
0.0004576659038901809
0.00023353573096684954
-1.0
0.0065999574196295985
0.0
-1.0
0.0
0.0002336448598130314
0.0
0.003829216925138823
0.002401182120428502
0.003956478733926794
0.00023116042533521952
0.006811409110259681
0.0002336448598130314
0.0
0.001795063575168232
0.001795063575168232
0.0002336448598130314
0.00527565286204168
0.0002336448598130314
0.005355612682090838
0.006597148329431812
0.002789101051276499
0.005177323323841576
0.0
0.0026183722452541858
0.00255142720459256
0.004111701216378272
0.0002336448598130314
0.003956478733926794
0.001948051948051921
-1.0
0.00527565286204168
0.002784322124651961
