0.00527565286204168
0.015365148228488779
0.0024964336661911224
0.0
0.0025706940874036244
0.0030504714364947283
0.003956478733926794
0.005177323323841576
0.0
0.006382978723404209
0.0036962883104881827
0.001136363636363602
0.0063856960408684715
0.003956478733926794
0.003829216925138823
0.0
0.00638841567291315
0.007230965546575874
-1.0
0.002137513359458443
0.006382978723404209
-1.0
0.003829216925138823
0.002137513359458443
0.007230965546575874
0.003956478733926794
0.0010266940451745254
0.002572898799313883
-1.0
0.0063911376224967675
0.002702246242188844
0.00527565286204168
0.00527565286204168
0.0009343611305769883
-1.0
0.0012980691221807783
0.002136752136752129
0.00527565286204168
0.0031976744186046346
0.006382978723404209
0.0031976744186046346
0.0025706940874036244
0.005177323323841576
0.003998286448664845
0.0031976744186046346
0.0
0.003800310934531037
0.0036962883104881827
-1.0
0.0017908309455587634
0.004003079291762912
0.003695150115473389
0.0027238678924071946
0.005177323323841576
0.0031976744186046346
0.003061224489795955
0.003998286448664845
0.00409766091855901
0.003829216925138823
0.0025706940874036244
-1.0
0.0063856960408684715
0.00527565286204168
0.003956478733926794
-1.0
0.003829216925138823
0.00527565286204168
-1.0
0.002137513359458443
0.0
0.0010266940451745254
0.004003079291762912
0.00527565286204168
0.0
0.005177323323841576
0.003829216925138823
0.0
0.0031976744186046346
0.002137513359458443
0.003956478733926794
0.003829216925138823
0.003956478733926794
0.0015955325089748174
0.004319032536711731
0.0005994005994005569
0.003956478733926794
0.003829216925138823
0.0
0.0031976744186046346
0.0010266940451745254
0.002571795970852997
0.0
0.006855184233076295
0.0031976744186046346
0.0
0.00527565286204168
-1.0
0.0
-1.0
0.00527565286204168
0.0
0.0027238678924071946
0.0025695931477516254
0.0036962883104881827
-1.0
0.0007274049827241669
0.0031976744186046346
0.00527565286204168
0.005997474747474696
0.003998286448664845
0.0
0.004003079291762912
0.0
-1.0
0.0034158838599487318
0.0
0.0007825746706664471
0.002137513359458443
0.0
0.0
0.0031976744186046346
0.00409766091855901
-1.0
0.0063911376224967675
0.001850823616509345
0.002572898799313883
0.00527565286204168
0.002572898799313883
0.0
0.0007158196134574579
0.0
0.003956478733926794
0.015359595229490375
0.0
0.00527565286204168
0.00409766091855901
0.005177323323841576
0.005177323323841576
0.0063911376224967675
0.002138275124732747
0.006382978723404209
0.0063856960408684715
0.0
0.002572898799313883
0.0
-1.0
0.00527565286204168
0.0010295126973233204
0.0
0.00527565286204168
0.0
0.0027100271002710175
0.003956478733926794
0.00527565286204168
0.0
0.006808510638297904
0.0031976744186046346
0.00527565286204168
0.002137513359458443
0.0
0.0
0.002572898799313883
0.0031814895155458656
0.0030513176144244536
0.00272572402044291
0.003956478733926794
0.007230965546575874
0.002137513359458443
0.00638841567291315
0.004003079291762912
0.002137513359458443
0.004001847006310566
0.0
0.00527565286204168
0.002138275124732747
0.00409766091855901
0.00409766091855901
0.00527565286204168
0.0
0.0
0.005177323323841576
0.003956478733926794
0.0008707009142359112
0.003428767358134799
0.0021325750844144453
0.003423485107839741
-1.0
0.0031976744186046346
0.0031976744186046346
0.0
-1.0
0.0
0.00527565286204168
0.0036962883104881827
0.0031976744186046346
0.0018487705675725996
0.003829216925138823
0.006811409110259681
0.002722014290575059
0.002137513359458443
0.00527565286204168
0.004003079291762912
0.005177323323841576
0.0
0.0031976744186046346
0.00527565286204168
0.002722940776038074
0.00527565286204168
0.0013446884805020654
0.003956478733926794
0.007230965546575874
0.005177323323841576
0.002136752136752129
0.00638841567291315
0.0
0.0
0.0
0.00527565286204168
0.00409766091855901
0.002572898799313883
0.003956478733926794
0.00527565286204168
0.015359595229490375
0.003829216925138823
0.003956478733926794
-1.0
-1.0
0.00527565286204168
0.0063856960408684715
0.003800310934531037
0.005177323323841576
0.0031976744186046346
0.0
-1.0
0.0
0.003956478733926794
0.0034158838599487318
0.003956478733926794
0.00409766091855901
0.003956478733926794
0.003695150115473389
0.0012980691221807783
0.00638841567291315
0.0
0.00369401262120983
0.0007668711656442229
0.002169589585970022
0.0032051282051281937
0.003695150115473389
0.015365148228488779
0.00527565286204168
0.0030487804878048808
0.002136752136752129
0.0
0.0031976744186046346
0.002137513359458443
0.005177323323841576
0.0
0.0009007656508032147
0.0034158838599487318
0.004001847006310566
0.0010541110330287706
0.0031976744186046346
0.0005945303210463937
-1.0
0.00409766091855901
0.0004637143519592435
0.0027271177773989796
0.0
0.0031976744186046346
-1.0
0.0025695931477516254
0.0006523866478199691
0.00638841567291315
0.002137513359458443
0.0031967451322290064
0.003829216925138823
0.002137513359458443
-1.0
0.0021333333333333204
0.0063856960408684715
0.0019218449711723151
0.0
0.004109026160799889
0.0025706940874036244
0.0034158838599487318
0.0010266940451745254
0.002132196162046962
0.0031976744186046346
0.00638841567291315
0.002572898799313883
0.00409766091855901
0.0027238678924071946
0.0030504714364947283
-1.0
0.002137513359458443
0.0
0.003956478733926794
0.004003079291762912
0.003829216925138823
0.003956478733926794
-1.0
0.0
0.002136752136752129
0.00638841567291315
0.0027238678924071946
-1.0
0.0
0.003829216925138823
0.0
0.003956478733926794
0.003956478733926794
0.0
0.00638841567291315
0.0025706940874036244
0.0008827423863468908
0.004368719965050283
0.003061224489795955
0.0031976744186046346
0.0
0.0008707009142359112
0.0
0.00527565286204168
0.00527565286204168
0.00527565286204168
-1.0
0.002332021571199494
0.003956478733926794
0.0
0.003752985329239178
0.002722940776038074
0.00409766091855901
0.0
0.0
0.0
0.0025706940874036244
0.003061224489795955
0.003829216925138823
0.0
0.002137513359458443
0.0
0.0027238678924071946
0.007230965546575874
0.0
0.0034642032332563577
-1.0
0.0
0.0007482229704451893
0.0027100271002710175
0.003956478733926794
0.0008707009142359112
-1.0
0.0063856960408684715
-1.0
0.0017252533965925743
0.00527565286204168
0.0031976744186046346
0.003956478733926794
0.0007268762493185532
0.0034158838599487318
0.0
0.00527565286204168
0.00527565286204168
0.002137513359458443
0.0025706940874036244
0.0
0.0031684562577011244
-1.0
0.0
0.002137513359458443
0.003956478733926794
0.0
0.0
0.0017280110592707842
0.0031976744186046346
0.00527565286204168
-1.0
0.0048319789150010894
0.0025706940874036244
0.0017319766183157004
0.005177323323841576
-1.0
0.00527565286204168
0.003968253968253954
0.0
0.003061224489795955
0.0
0.002138275124732747
0.00527565286204168
0.0004622140050843937
0.004363001745200656
0.005177323323841576
0.0063856960408684715
0.00527565286204168
0.0048319789150010894
0.0017252533965925743
0.0031684562577011244
0.0009170946441672267
0.0031976744186046346
0.0
0.0
0.003695150115473389
0.00527565286204168
0.0036962883104881827
0.0025706940874036244
0.002572898799313883
0.003956478733926794
0.0
0.008267879288962332
0.0
0.002136752136752129
0.0031976744186046346
0.0014722119985277615
0.0
0.003956478733926794
0.0034393809114359186
0.0
0.0031684562577011244
0.006177076183939589
0.00527565286204168
0.0008707009142359112
0.003429355281207136
0.0
0.003956478733926794
0.003956478733926794
0.0030504714364947283
0.0
0.00527565286204168
-1.0
0.00527565286204168
0.003956478733926794
0.00527565286204168
0.0031976744186046346
0.003695150115473389
0.0030504714364947283
0.0004584001833600748
0.0
0.0014697776961234421
0.0
0.0025706940874036244
-1.0
0.0017796760989500227
0.006808510638297904
0.005177323323841576
0.0021310602024506853
0.003956478733926794
0.001122334455667784
0.000723065798987732
0.003956478733926794
0.0031976744186046346
0.00638841567291315
0.003956478733926794
0.0024783147459727095
0.0025695931477516254
0.003956478733926794
0.0
0.0
0.003829216925138823
0.0
0.0018362100624311761
0.001850823616509345
0.0
0.0036962883104881827
0.003829216925138823
0.0
0.00527565286204168
0.005997474747474696
0.002016383112791398
0.00527565286204168
-1.0
0.00527565286204168
0.0025706940874036244
0.0031976744186046346
0.00045197740112989937
0.003956478733926794
0.002136752136752129
0.0
0.00527565286204168
0.004364906154517678
0.003414717432132508
-1.0
0.00638841567291315
0.00527565286204168
0.002136752136752129
0.0026281208935611255
0.0
0.00527565286204168
0.0
0.0031976744186046346
0.0027238678924071946
0.0031976744186046346
0.00527565286204168
0.003956478733926794
0.003956478733926794
0.005177323323841576
0.0031976744186046346
0.00527565286204168
0.003956478733926794
0.00527565286204168
0.00527565286204168
0.0026240979663241237
0.00527565286204168
0.0063911376224967675
0.005177323323841576
0.00272572402044291
0.003829216925138823
0.0027238678924071946
0.003956478733926794
-1.0
0.0007270083605961375
0.003956478733926794
0.002572898799313883
0.00638841567291315
0.0
0.0
0.002572898799313883
0.0009109542245502311
0.003956478733926794
0.003829216925138823
0.0015955325089748174
0.0034158838599487318
0.00638841567291315
0.004309681391411413
-1.0
-1.0
0.003956478733926794
0.0
-1.0
0.0027247956403270157
0.0012980691221807783
0.0
0.003956478733926794
-1.0
0.0007229351165732867
0.0005946481665014547
0.005177323323841576
0.0
0.005997474747474696
0.0008707009142359112
0.001472482974415601
0.0063911376224967675
0.00527565286204168
0.00527565286204168
0.0031976744186046346
0.002138275124732747
0.0008651766402306693
0.0
0.0025706940874036244
0.0025706940874036244
-1.0
0.00045259108395567793
0.0005995203836930418
0.003956478733926794
0.00527565286204168
0.0063911376224967675
-1.0
0.0
0.0
0.0031976744186046346
0.00527565286204168
0.0021310602024506853
0.003956478733926794
0.0036962883104881827
0.00638841567291315
0.005005005005005003
0.0
0.003956478733926794
0.005177323323841576
0.0
0.0034158838599487318
0.002572898799313883
0.0031976744186046346
0.00527565286204168
0.002572898799313883
0.005177323323841576
0.005177323323841576
0.0
0.0
-1.0
0.00527565286204168
0.00723712217965089
0.0010295126973233204
0.0
0.002137513359458443
0.005177323323841576
0.0
-1.0
-1.0
0.002137513359458443
0.002136752136752129
0.005177323323841576
0.003829216925138823
0.00527565286204168
0.0031976744186046346
0.002572898799313883
0.0
0.0009170946441672267
0.00527565286204168
0.0025706940874036244
0.0063856960408684715
0.0031976744186046346
0.002572898799313883
-1.0
0.0021325750844144453
0.011150465695920264
0.015365148228488779
0.0021310602024506853
0.0036962883104881827
0.00527565286204168
0.003998286448664845
0.004109026160799889
0.003956478733926794
0.0025706940874036244
0.0
-1.0
0.0025706940874036244
0.0
0.00409766091855901
0.003956478733926794
-1.0
0.003956478733926794
0.003829216925138823
0.003956478733926794
0.032763014197306206
0.003998286448664845
0.0031976744186046346
0.002722940776038074
-1.0
0.0
0.0
0.00638841567291315
0.015812431842966213
0.0
0.0017448961786773465
0.00527565286204168
0.0007811482879833687
0.002137513359458443
0.002137513359458443
0.003829216925138823
0.0036962883104881827
0.0025706940874036244
0.003956478733926794
0.003695150115473389
0.003956478733926794
0.007230965546575874
0.00527565286204168
0.0031976744186046346
-1.0
0.0063911376224967675
0.00527565286204168
-1.0
-1.0
0.00527565286204168
0.0
0.00638841567291315
0.0017274140611505118
0.006314681634800867
0.0031976744186046346
0.0
0.0
0.002138275124732747
0.005177323323841576
0.0031976744186046346
-1.0
0.002722940776038074
0.0036962883104881827
0.005997474747474696
0.003956478733926794
0.003800310934531037
0.00638841567291315
0.002137513359458443
0.000621407487960246
0.0038016243303957697
0.0
0.002746309646412648
0.0027238678924071946
0.005177323323841576
0.0012980691221807783
0.0004575611988103523
0.00527565286204168
-1.0
0.003956478733926794
0.00638841567291315
0.0
0.003956478733926794
-1.0
0.003829216925138823
0.00527565286204168
0.002572898799313883
0.005177323323841576
0.00045259108395567793
0.004368719965050283
0.00409766091855901
0.0
-1.0
0.0027100271002710175
0.002722014290575059
-1.0
0.002722014290575059
0.0027100271002710175
0.0
0.003956478733926794
0.004188189306156609
-1.0
0.0063856960408684715
0.002572898799313883
0.005177323323841576
0.003956478733926794
0.003998286448664845
0.002136752136752129
0.006382978723404209
0.0034158838599487318
0.00409766091855901
0.0
0.003956478733926794
0.0036962883104881827
0.0006805035726437092
0.0025695931477516254
0.0
0.0007627765064835978
0.003829216925138823
0.003061224489795955
0.00527565286204168
0.00527565286204168
0.0017319766183157004
0.0
0.002137513359458443
0.0027247956403270157
0.0063911376224967675
0.0027238678924071946
0.00527565286204168
0.014994232987312617
0.00409766091855901
0.0
0.0
0.005177323323841576
-1.0
0.002138275124732747
0.00527565286204168
0.0
0.002138275124732747
0.0
0.003800310934531037
0.003829216925138823
0.001462522851919612
0.002138275124732747
0.00527565286204168
0.003956478733926794
0.002137513359458443
0.0
0.000723065798987732
0.0011150343802267537
0.0034158838599487318
0.0
0.00527565286204168
0.003956478733926794
0.00527565286204168
0.003956478733926794
0.00527565286204168
0.005177323323841576
0.0
0.004709912224363122
-1.0
0.003956478733926794
0.00527565286204168
0.006382978723404209
0.005177323323841576
0.0
0.0026679602231385324
0.0031976744186046346
0.003956478733926794
0.0031976744186046346
0.0025706940874036244
-1.0
0.0
0.0063802637175669474
0.00527565286204168
0.0
0.005177323323841576
0.0
0.00527565286204168
0.0
0.0017319766183157004
0.0026269702276707774
0.00527565286204168
0.0
0.0
0.00527565286204168
0.003956478733926794
0.0025706940874036244
0.003829216925138823
-1.0
0.003956478733926794
0.002136752136752129
0.0
0.0017280110592707842
0.003956478733926794
0.005177323323841576
0.002137513359458443
0.0
0.00638841567291315
0.003829216925138823
0.002722940776038074
0.0
0.0008194482381862489
0.003956478733926794
-1.0
0.00527565286204168
0.003829216925138823
0.0034158838599487318
0.0031976744186046346
0.0031976744186046346
0.002722014290575059
0.0013446884805020654
0.0014260249554367554
0.000723065798987732
0.00527565286204168
0.0017280110592707842
0.0027247956403270157
-1.0
0.00527565286204168
0.003829216925138823
-1.0
0.002722940776038074
-1.0
0.0027247956403270157
0.003956478733926794
0.003956478733926794
0.0025706940874036244
0.0
0.0
0.00527565286204168
0.0027247956403270157
0.003956478733926794
0.0018419598452753538
0.0031976744186046346
0.0004622140050843937
0.0
0.0021310602024506853
0.0031976744186046346
0.005177323323841576
0.005997474747474696
0.0
0.0
0.0
0.003956478733926794
0.0
0.0010877447425671205
0.002169589585970022
0.003956478733926794
0.00527565286204168
0.003998286448664845
0.00409766091855901
0.0
-1.0
0.00527565286204168
0.002137513359458443
-1.0
0.005177323323841576
0.0
0.005177323323841576
0.002995293110825803
0.0
0.005177323323841576
0.0031976744186046346
-1.0
0.0011370096645821892
0.002137513359458443
0.003956478733926794
0.006382978723404209
0.002137513359458443
0.00527565286204168
0.0031976744186046346
0.0036962883104881827
-1.0
0.0063856960408684715
0.003956478733926794
0.006808510638297904
0.003956478733926794
0.003956478733926794
0.00527565286204168
0.004003079291762912
0.00527565286204168
0.00527565286204168
0.0007547169811320531
0.00638841567291315
0.0007578628268283261
0.00527565286204168
0.0031976744186046346
0.0025706940874036244
0.0008029978586723274
0.0021509231044990473
-1.0
-1.0
0.015812431842966213
0.001744287458573135
0.00527565286204168
0.006808510638297904
0.003695150115473389
0.00527565286204168
0.003829216925138823
0.0031976744186046346
0.0011219147344802005
0.00045464878381451523
0.0063856960408684715
0.00527565286204168
0.0
0.00527565286204168
0.0031976744186046346
0.00527565286204168
0.0031976744186046346
0.0031976744186046346
0.00527565286204168
0.0030906593406593297
0.0034158838599487318
0.00779353519867132
0.0010881392818280489
0.00527565286204168
0.00527565286204168
0.003998286448664845
0.00409766091855901
0.002572898799313883
0.0036962883104881827
0.0031976744186046346
0.0031976744186046346
0.005177323323841576
0.002137513359458443
0.0
0.0031976744186046346
0.0008960573476702871
0.00527565286204168
0.0
0.002572898799313883
0.00527565286204168
0.003829216925138823
0.0030661410424879243
0.00638841567291315
0.00527565286204168
0.0031976744186046346
0.005177323323841576
-1.0
0.003800310934531037
0.003956478733926794
0.002722940776038074
0.0027247956403270157
0.00527565286204168
0.0
-1.0
-1.0
0.0
0.0
0.0
0.003956478733926794
0.006382978723404209
0.0063911376224967675
0.003956478733926794
0.0008707009142359112
0.00638841567291315
0.00527565286204168
0.002137513359458443
0.0027100271002710175
0.0012980691221807783
0.006382978723404209
0.003754906980713457
0.003956478733926794
-1.0
0.0
0.003956478733926794
0.0031976744186046346
0.0017252533965925743
0.002137513359458443
0.005145797598627766
0.0026263952724885353
0.0063911376224967675
0.002137513359458443
0.0005945303210463937
0.003956478733926794
0.0
0.0
0.005177323323841576
-1.0
0.00527565286204168
0.003956478733926794
0.003998286448664845
0.0007709109597840991
0.0014237408791599737
0.003956478733926794
-1.0
0.0
0.002722940776038074
0.0034158838599487318
0.003956478733926794
0.0031976744186046346
-1.0
0.0031976744186046346
0.00527565286204168
0.0031976744186046346
0.002137513359458443
0.00527565286204168
0.004003079291762912
0.0
0.003956478733926794
0.00527565286204168
0.0021333333333333204
0.0063856960408684715
0.002136752136752129
0.0031695721077654726
0.0031976744186046346
0.003956478733926794
0.00527565286204168
0.00527565286204168
0.0063856960408684715
0.002136752136752129
0.002136752136752129
0.0025723472668810476
0.003829216925138823
0.0031976744186046346
0.00527565286204168
0.00527565286204168
0.00527565286204168
0.003829216925138823
0.0
0.0019218449711723151
0.003429355281207136
0.0063856960408684715
0.004003079291762912
0.0025695931477516254
0.005787515502273632
-1.0
0.002138275124732747
0.0
-1.0
0.0031976744186046346
0.0031976744186046346
0.007230965546575874
0.003956478733926794
0.00409766091855901
0.0027247956403270157
0.0
0.002137513359458443
0.002572898799313883
0.0031976744186046346
0.00527565286204168
0.002137513359458443
0.0025706940874036244
0.0030716723549487623
0.005177323323841576
0.00527565286204168
-1.0
0.0025706940874036244
0.0
0.005177323323841576
0.0
0.002137513359458443
0.0
-1.0
0.0
0.004003079291762912
0.00527565286204168
0.0
0.00638841567291315
0.0031976744186046346
0.0007668711656442229
0.0
0.0008707009142359112
0.007230965546575874
0.0007811482879833687
0.0
0.002137513359458443
-1.0
0.000723065798987732
0.005177323323841576
0.005177323323841576
-1.0
-1.0
0.0005995203836930418
-1.0
0.0
0.0013446884805020654
0.0030504714364947283
0.002169589585970022
0.002572898799313883
0.00527565286204168
0.00527565286204168
0.003829216925138823
-1.0
-1.0
0.0
0.006808510638297904
0.00045485558335223164
0.0014727540500736325
0.005177323323841576
0.005177323323841576
0.007230965546575874
-1.0
0.002136752136752129
0.0027266530334014716
0.003956478733926794
0.002722940776038074
-1.0
0.0013446884805020654
0.0021470746108427363
0.0017796760989500227
0.003956478733926794
0.00527565286204168
0.00527565286204168
0.003956478733926794
0.0022168852761869084
0.0031976744186046346
0.0025706940874036244
0.0
0.00527565286204168
-1.0
-1.0
0.0
-1.0
0.0
0.003956478733926794
0.0
0.003956478733926794
-1.0
0.0021310602024506853
-1.0
0.002136752136752129
0.0031684562577011244
0.0
0.00527565286204168
0.003695150115473389
0.00527565286204168
0.00527565286204168
0.015365148228488779
0.0009170946441672267
0.002137513359458443
0.0013446884805020654
0.0031976744186046346
0.005177323323841576
0.003829216925138823
0.002572898799313883
0.0004634994206257348
0.002572898799313883
0.00527565286204168
0.002722940776038074
0.0059931506849315586
0.0011173184357542443
0.003956478733926794
0.003829216925138823
0.005177323323841576
0.0
0.0
0.0036962883104881827
0.0017252533965925743
0.0026263952724885353
0.005177323323841576
0.002137513359458443
0.0036962883104881827
0.00527565286204168
0.0
0.003956478733926794
0.003829216925138823
0.00638841567291315
0.003956478733926794
0.0031976744186046346
0.00527565286204168
0.003695150115473389
0.0
0.0031976744186046346
-1.0
0.002137513359458443
0.0031976744186046346
0.003829216925138823
-1.0
0.015365148228488779
0.0013446884805020654
0.0021310602024506853
0.002136752136752129
0.00527565286204168
0.0
0.0
0.003956478733926794
0.0017395085888236572
0.004174784302811041
0.0
0.0
0.00527565286204168
0.0034158838599487318
0.0017252533965925743
0.003800310934531037
0.0031976744186046346
0.0031976744186046346
0.003061224489795955
0.0
-1.0
0.003999428653049586
0.003956478733926794
0.0
0.0063856960408684715
0.00638841567291315
0.0028688524590163578
0.0031976744186046346
0.00527565286204168
0.0
0.003061224489795955
0.0
0.00527565286204168
0.0
0.0
0.005177323323841576
0.00527565286204168
0.003061224489795955
0.005177323323841576
0.0
0.00527565286204168
0.0032051282051281937
0.00638841567291315
-1.0
0.0027243316873829526
0.00527565286204168
0.003956478733926794
0.0
0.0034141345168999804
0.003829216925138823
0.003956478733926794
0.00638841567291315
0.00527565286204168
0.0
0.0
0.0031976744186046346
0.003956478733926794
0.0
0.001027045532351889
0.0031976744186046346
0.00527565286204168
0.003956478733926794
0.0021333333333333204
0.0036962883104881827
0.005177323323841576
0.0
0.0007339449541284848
0.0028258565877781194
0.003956478733926794
0.0024783147459727095
0.00638841567291315
0.0025706940874036244
0.0031976744186046346
0.003956478733926794
0.003956478733926794
-1.0
-1.0
0.0004402377283733161
0.003061224489795955
0.0031976744186046346
0.00527565286204168
0.002130303568258496
0.003998286448664845
-1.0
0.003829216925138823
0.003956478733926794
0.0
0.003061224489795955
0.00638841567291315
0.0017448961786773465
0.0031976744186046346
0.003998286448664845
0.005177323323841576
0.0006046863189720364
0.003423485107839741
0.006811409110259681
0.0026240979663241237
0.0027238678924071946
0.004003079291762912
0.00527565286204168
0.003956478733926794
0.0
0.0063802637175669474
0.0027271177773989796
0.005177323323841576
0.003956478733926794
0.0031976744186046346
0.003956478733926794
0.0
0.0006046863189720364
0.0008934554389099514
-1.0
0.0007627765064835978
0.0031976744186046346
0.0030742204655248573
0.005997474747474696
0.003061224489795955
0.00527565286204168
0.00527565286204168
0.00527565286204168
0.00527565286204168
0.003193960511033711
0.00527565286204168
0.00527565286204168
0.003956478733926794
0.0
0.0011150343802267537
0.0031976744186046346
0.0
0.003695150115473389
0.0026240979663241237
0.00527565286204168
0.003829216925138823
0.002571795970852997
0.00527565286204168
0.002137513359458443
0.005177323323841576
0.00527565286204168
0.0027238678924071946
0.0025706940874036244
0.003956478733926794
0.0
0.0063911376224967675
0.0031976744186046346
0.014873140857392775
0.0027238678924071946
0.0032051282051281937
-1.0
0.0027100271002710175
0.003829216925138823
0.005177323323841576
0.0
-1.0
0.0007371913011426923
0.00527565286204168
0.00527565286204168
0.0063802637175669474
0.005177323323841576
0.002722014290575059
0.0027453671928620027
0.0
0.00527565286204168
0.003695150115473389
0.00638841567291315
0.003061224489795955
0.002722940776038074
0.00527565286204168
0.0
0.003956478733926794
0.003956478733926794
-1.0
0.0017274140611505118
0.0
0.00527565286204168
0.0012980691221807783
0.00527565286204168
0.0034158838599487318
0.0025706940874036244
-1.0
0.00527565286204168
0.0
0.005177323323841576
0.002137513359458443
0.0031976744186046346
0.003829216925138823
0.0031796502384737746
-1.0
0.0
0.00527565286204168
0.0031976744186046346
0.00638841567291315
0.003638348189921814
0.0031967451322290064
0.0
0.0012980691221807783
0.0014331780723755294
0.00527565286204168
0.003061224489795955
0.005177323323841576
0.0015452538631346435
0.003956478733926794
0.00638841567291315
0.002572898799313883
-1.0
0.002137513359458443
0.0031796502384737746
0.0
0.002137513359458443
0.0007311277645768444
0.00527565286204168
0.005177323323841576
0.0007268762493185532
0.002572898799313883
0.001850823616509345
0.0063911376224967675
0.0
0.003829216925138823
0.003061224489795955
0.0024408848207475575
0.003829216925138823
0.00638841567291315
0.003956478733926794
0.002722014290575059
0.002572898799313883
0.0031976744186046346
0.003414717432132508
0.0
-1.0
-1.0
-1.0
0.0025706940874036244
-1.0
0.005177323323841576
0.0031976744186046346
0.0
0.0
0.006382978723404209
0.00527565286204168
0.005177323323841576
0.00527565286204168
0.003695150115473389
0.0018528812303131303
0.0
0.0031976744186046346
0.0027247956403270157
0.00409766091855901
0.005177323323841576
0.003956478733926794
0.003998286448664845
0.0063856960408684715
0.0006284367635506216
0.002572898799313883
0.00527565286204168
0.00045197740112989937
0.00527565286204168
0.00527565286204168
0.00409766091855901
0.0025695931477516254
0.0
0.003829216925138823
-1.0
0.0063911376224967675
0.0008707009142359112
0.00638841567291315
0.0026240979663241237
0.0
0.002722940776038074
0.0009109542245502311
0.004003079291762912
0.002572898799313883
0.0031976744186046346
0.0017274140611505118
0.00527565286204168
0.005177323323841576
0.002722940776038074
0.005177323323841576
0.00527565286204168
0.0
0.00723712217965089
-1.0
0.00527565286204168
0.0027238678924071946
0.007230965546575874
-1.0
0.0
0.0031976744186046346
-1.0
0.0031684562577011244
0.001553277415346388
0.0036962883104881827
0.0031976744186046346
0.0036962883104881827
0.003956478733926794
0.0004575611988103523
0.0010089120564991116
0.0031976744186046346
0.00527565286204168
0.00527565286204168
0.0
0.0
0.0
-1.0
0.00638841567291315
0.0
-1.0
0.0
0.0
0.00638841567291315
0.000723065798987732
-1.0
0.0
0.003829216925138823
0.0031976744186046346
0.0031976744186046346
0.0
0.00527565286204168
0.002136752136752129
-1.0
0.005177323323841576
0.00638841567291315
0.0
0.00638841567291315
0.003956478733926794
0.0036962883104881827
0.003956478733926794
0.0017319766183157004
-1.0
0.00527565286204168
0.0072432893054963365
