0.7777777777777778
0.8461538461538461
0.7777777777777778
0.4545454545454546
0.0
0.7777777777777778
0.0
0.8
0.0
0.7777777777777778
0.7777777777777778
0.8
0.7777777777777778
0.9047619047619048
0.8947368421052632
0.8
0.8666666666666667
0.0
0.7777777777777778
0.2857142857142857
0.4545454545454546
0.0
0.0
0.07407407407407407
0.7777777777777778
0.7777777777777778
0.9047619047619048
0.0
0.7777777777777778
0.8461538461538461
0.0
0.75
0.0
0.7777777777777778
0.75
0.5789473684210527
0.9
0.8181818181818181
0.7777777777777778
0.0
0.7777777777777778
0.4545454545454546
0.0
0.7777777777777778
0.8
0.7777777777777778
0.0
0.7777777777777778
0.8461538461538461
0.5
0.33333333333333337
0.7777777777777778
0.0
0.0
0.0
0.6842105263157895
0.0
0.8
0.0
0.7777777777777778
0.8461538461538461
0.8461538461538461
0.8571428571428572
0.0
0.7777777777777778
0.7777777777777778
0.7777777777777778
0.7777777777777778
0.8
0.75
0.0
0.0
0.0
0.75
0.8947368421052632
0.5
0.8
0.875
0.8461538461538461
0.75
0.25
0.0
0.0
0.9
0.7777777777777778
0.5
0.0
0.0
0.0
0.4545454545454546
0.9
0.7777777777777778
0.7777777777777778
0.0
0.6842105263157895
0.25
0.85
0.25
0.06666666666666665
0.4545454545454546
0.09999999999999998
0.0
0.8571428571428572
0.0
0.7777777777777778
0.0
0.75
0.7777777777777778
0.8
0.7777777777777778
0.33333333333333337
0.7777777777777778
0.0
0.26315789473684215
0.85
0.0
0.0
0.0
0.7777777777777778
0.7692307692307692
0.9
0.0625
0.7777777777777778
0.4545454545454546
0.0
0.33333333333333337
0.7777777777777778
0.33333333333333337
0.7777777777777778
0.0
0.7142857142857143
0.7777777777777778
0.0
0.050000000000000044
0.875
0.8
0.8
0.7777777777777778
0.9047619047619048
0.75
0.8571428571428572
0.9047619047619048
0.0
0.3125
0.42105263157894735
0.7777777777777778
0.7777777777777778
0.6538461538461539
0.06666666666666665
0.0
0.8461538461538461
0.0
0.7777777777777778
0.0
0.7777777777777778
0.75
0.4545454545454546
0.75
0.0
0.9
0.5
0.0
0.7777777777777778
0.7777777777777778
0.33333333333333337
0.8461538461538461
0.8461538461538461
0.9047619047619048
0.4545454545454546
0.6842105263157895
0.0
0.8
0.0
0.8461538461538461
0.8333333333333334
0.5
0.08333333333333337
0.0
0.8
0.33333333333333337
0.9
0.0
0.8666666666666667
0.9047619047619048
0.7777777777777778
0.0
0.7777777777777778
0.7777777777777778
0.0
0.8666666666666667
0.7777777777777778
0.7777777777777778
0.2857142857142857
0.0
0.33333333333333337
0.5
0.75
0.7777777777777778
0.0
0.7391304347826086
0.07407407407407407
0.75
0.7777777777777778
0.0
0.8333333333333334
0.08333333333333337
0.7777777777777778
0.0
0.7777777777777778
0.46153846153846156
0.7777777777777778
0.0
0.0
0.8571428571428572
0.7142857142857143
0.75
0.8461538461538461
0.7777777777777778
0.8
0.33333333333333337
0.0357142857142857
0.8
0.7777777777777778
0.8095238095238095
0.25
0.7142857142857143
0.75
0.0
0.7777777777777778
0.4545454545454546
0.8461538461538461
0.0
0.7142857142857143
0.0
0.25
0.7142857142857143
0.85
0.8666666666666667
0.4545454545454546
0.5833333333333333
0.0
0.7777777777777778
0.7777777777777778
0.5
0.8461538461538461
0.7777777777777778
0.0
0.7777777777777778
0.7777777777777778
0.25
0.0
0.0
0.5
0.85
0.7777777777777778
0.4545454545454546
0.3076923076923077
0.9
0.8947368421052632
0.7142857142857143
0.8461538461538461
0.7777777777777778
0.0
0.7777777777777778
0.7777777777777778
0.7777777777777778
0.75
0.11111111111111116
0.5
0.26315789473684215
0.08333333333333337
0.4545454545454546
0.8461538461538461
0.631578947368421
0.7777777777777778
0.4545454545454546
0.75
0.4545454545454546
0.875
0.9047619047619048
0.19999999999999996
0.8947368421052632
0.8947368421052632
0.8461538461538461
0.8
0.7777777777777778
0.7777777777777778
0.6842105263157895
0.75
0.0
0.55
0.0
0.7857142857142857
0.33333333333333337
0.7777777777777778
0.0
0.5555555555555556
0.33333333333333337
0.7142857142857143
0.75
0.7777777777777778
0.2222222222222222
0.4545454545454546
0.07407407407407407
0.7777777777777778
0.0
0.7777777777777778
0.75
0.7777777777777778
0.7777777777777778
0.8461538461538461
0.25
0.0
0.7777777777777778
0.4545454545454546
0.0
0.7777777777777778
0.7777777777777778
0.7777777777777778
0.8
0.7777777777777778
0.8
0.33333333333333337
0.0
0.7777777777777778
0.0
0.7777777777777778
0.8
0.9047619047619048
0.5
0.7777777777777778
0.0
0.0
0.6
0.6
0.7777777777777778
0.8
0.7692307692307692
0.0
0.6842105263157895
0.8
0.0
0.4545454545454546
0.7777777777777778
0.0
0.9
0.0
0.75
0.8
0.7777777777777778
0.6666666666666667
0.08333333333333337
0.5454545454545454
0.7777777777777778
0.8461538461538461
0.8947368421052632
0.5
0.7777777777777778
0.7777777777777778
0.8
0.7777777777777778
0.0
0.4545454545454546
0.8461538461538461
0.8
0.0
0.8666666666666667
0.0
0.8666666666666667
0.75
0.7777777777777778
0.7777777777777778
0.4545454545454546
0.8461538461538461
0.0
0.7777777777777778
0.4545454545454546
0.75
0.7
0.7777777777777778
0.8461538461538461
0.8461538461538461
0.7777777777777778
0.5263157894736843
0.0
0.8
0.7777777777777778
0.4545454545454546
0.0
0.7777777777777778
0.7777777777777778
0.08333333333333337
0.8
0.4814814814814815
0.0
0.7777777777777778
0.33333333333333337
0.7777777777777778
0.26315789473684215
0.46153846153846156
0.0
0.0
0.33333333333333337
0.8461538461538461
0.0
0.9
0.7777777777777778
0.9
0.7777777777777778
0.8
0.8
0.25
0.8461538461538461
0.0
0.33333333333333337
0.09999999999999998
0.75
0.7692307692307692
0.8
0.0
0.8666666666666667
0.8947368421052632
0.0
0.0
0.8461538461538461
0.7777777777777778
0.7777777777777778
0.37037037037037035
0.0
0.8571428571428572
0.7777777777777778
0.0
0.0625
0.7777777777777778
0.0
0.0
0.55
0.7777777777777778
0.4545454545454546
0.5833333333333333
0.0
0.0
0.4545454545454546
0.08333333333333337
0.75
0.4545454545454546
0.7777777777777778
0.7777777777777778
0.0
0.08333333333333337
0.0
0.75
0.0
0.0
0.631578947368421
0.7777777777777778
0.8461538461538461
0.0
0.0
0.0
0.6666666666666667
0.0
0.7142857142857143
0.0
0.7777777777777778
0.7777777777777778
0.6842105263157895
0.25
0.0
0.8461538461538461
0.0
0.7777777777777778
0.7777777777777778
0.7777777777777778
0.8947368421052632
0.0
0.7777777777777778
0.7777777777777778
0.25
0.08333333333333337
0.0
0.0
0.33333333333333337
0.0
0.0
0.0
0.0
0.0
0.0
0.9
0.0
0.8947368421052632
0.4545454545454546
0.4545454545454546
0.0
0.7777777777777778
0.7777777777777778
0.9
0.85
0.0
0.0
0.0
0.33333333333333337
0.0
0.6842105263157895
0.7777777777777778
0.7777777777777778
0.7777777777777778
0.75
0.0
0.7777777777777778
0.8
0.7777777777777778
0.4545454545454546
0.7777777777777778
0.7777777777777778
0.7777777777777778
0.0
0.8
0.0
0.8
0.7777777777777778
0.9
0.7777777777777778
0.75
0.25
0.0
0.7777777777777778
0.0
0.9047619047619048
0.0
0.25
0.5
0.7777777777777778
0.7777777777777778
0.7777777777777778
0.0
0.75
0.7777777777777778
0.0
0.7142857142857143
0.0
0.0
0.9
0.8
0.8571428571428572
0.0
0.85
0.8571428571428572
0.7777777777777778
0.8461538461538461
0.8947368421052632
0.8
0.8947368421052632
0.7272727272727273
0.7142857142857143
0.7777777777777778
0.0
0.0
0.8
0.8461538461538461
0.0
0.09999999999999998
0.5
0.0
0.0
0.7777777777777778
0.7142857142857143
0.0
0.33333333333333337
0.8947368421052632
0.5833333333333333
0.7142857142857143
0.8
0.0
0.0
0.8461538461538461
0.7777777777777778
0.33333333333333337
0.0
0.0
0.7777777777777778
0.7777777777777778
0.7777777777777778
0.7777777777777778
0.8
0.8666666666666667
0.0
0.4545454545454546
0.8333333333333334
0.0
0.8461538461538461
0.0
0.0
0.0357142857142857
0.0
0.7777777777777778
0.7777777777777778
0.0
0.8
0.0
0.33333333333333337
0.7777777777777778
0.631578947368421
0.8947368421052632
0.07407407407407407
0.33333333333333337
0.8571428571428572
0.0
0.7777777777777778
0.7777777777777778
0.8181818181818181
0.25
0.8333333333333334
0.4545454545454546
0.7777777777777778
0.7777777777777778
0.7777777777777778
0.7777777777777778
0.0
0.8571428571428572
0.33333333333333337
0.5
0.0
0.7777777777777778
0.0
0.4545454545454546
0.7777777777777778
0.0
0.0
0.8
0.4545454545454546
0.9
0.7391304347826086
0.8
0.0
0.7777777777777778
0.0
0.0
0.0
0.8571428571428572
0.0
0.8
0.8333333333333334
0.7777777777777778
0.8
0.375
0.75
0.8
0.8571428571428572
0.7777777777777778
0.33333333333333337
0.8
0.09999999999999998
0.5
0.7777777777777778
0.7777777777777778
0.0
0.7777777777777778
0.7777777777777778
0.09999999999999998
0.5
0.0
0.0
0.0
0.9
0.8666666666666667
0.8571428571428572
0.0
0.5
0.8571428571428572
0.07692307692307687
0.7777777777777778
0.0
0.8571428571428572
0.0
0.0
0.7777777777777778
0.75
0.7777777777777778
0.7777777777777778
0.8
0.7777777777777778
0.0
0.7777777777777778
0.8
0.4545454545454546
0.8947368421052632
0.8571428571428572
0.33333333333333337
0.0
0.7142857142857143
0.0
0.0
0.0
0.8
0.7777777777777778
0.0
0.7777777777777778
0.0
0.8571428571428572
0.07692307692307687
0.8
0.0
0.0
0.5
0.33333333333333337
0.7777777777777778
0.7692307692307692
0.7777777777777778
0.0
0.7777777777777778
0.8
0.4545454545454546
0.0
0.0
0.4545454545454546
0.33333333333333337
0.8571428571428572
0.4545454545454546
0.8
0.5555555555555556
0.7777777777777778
0.7777777777777778
0.7777777777777778
0.8
0.7777777777777778
0.0
0.0
0.2777777777777778
0.7777777777777778
0.0
0.75
0.9047619047619048
0.7777777777777778
0.0
0.0
0.7777777777777778
0.7777777777777778
0.75
0.0
0.8
0.85
0.9047619047619048
0.25
0.0
0.0
0.8
0.0
0.7777777777777778
0.7777777777777778
0.9
0.8666666666666667
0.0
0.0
0.7777777777777778
0.7777777777777778
0.8461538461538461
0.0
0.0
0.6842105263157895
0.4545454545454546
0.6666666666666667
0.08333333333333337
0.0
0.8
0.7777777777777778
0.0
0.33333333333333337
0.0
0.8461538461538461
0.0
0.0
0.8
0.8
0.4545454545454546
0.0
0.4545454545454546
0.5
0.0
0.7777777777777778
0.8571428571428572
0.07407407407407407
0.6842105263157895
0.0
0.8333333333333334
0.8571428571428572
0.736842105263158
0.0
0.09090909090909094
0.7142857142857143
0.85
0.9047619047619048
0.7777777777777778
0.4545454545454546
0.7777777777777778
0.7692307692307692
0.0
0.0
0.5263157894736843
0.7777777777777778
0.37037037037037035
0.8
0.0
0.0
0.0
0.0
0.7777777777777778
0.7777777777777778
0.7777777777777778
0.8461538461538461
0.7142857142857143
0.9047619047619048
0.4545454545454546
0.4545454545454546
0.6666666666666667
0.33333333333333337
0.7777777777777778
0.8
0.6153846153846154
0.4545454545454546
0.8181818181818181
0.7777777777777778
0.875
0.25
0.75
0.0
0.9047619047619048
0.08333333333333337
0.0
0.0
0.0
0.8
0.4545454545454546
0.0
0.0
0.33333333333333337
0.0
0.0
0.0
0.5
0.85
0.7777777777777778
0.0
0.8
0.8
0.7777777777777778
0.9047619047619048
0.7
0.0
0.8
0.7777777777777778
0.8571428571428572
0.8
0.0
0.0
0.33333333333333337
0.0625
0.7777777777777778
0.7777777777777778
0.7777777777777778
0.8125
0.0
0.0
0.7142857142857143
0.07407407407407407
0.7777777777777778
0.7777777777777778
0.75
0.7777777777777778
0.7777777777777778
0.8333333333333334
0.0
0.9
0.7777777777777778
0.75
0.0
0.25
0.0
0.6842105263157895
0.5
0.0
0.4545454545454546
0.7777777777777778
0.0
0.09999999999999998
0.0
0.0
0.8461538461538461
0.33333333333333337
0.7142857142857143
0.9
0.7777777777777778
0.6842105263157895
0.0
0.8
0.7777777777777778
0.8571428571428572
0.0
0.0
0.26315789473684215
0.75
0.7777777777777778
0.0
0.6
0.16666666666666663
0.7777777777777778
0.0
0.0
0.33333333333333337
0.0
0.7777777777777778
0.0
0.7777777777777778
0.4545454545454546
0.9047619047619048
0.7777777777777778
0.8947368421052632
0.0
0.0
0.4
0.0
0.8571428571428572
0.7777777777777778
0.0
0.0
0.7777777777777778
0.7777777777777778
0.0
0.08333333333333337
0.8
0.7777777777777778
0.8421052631578947
0.0
0.3125
0.75
0.75
0.33333333333333337
0.0
0.25
0.0
0.33333333333333337
0.7777777777777778
0.0
0.8461538461538461
0.25
0.46153846153846156
0.8
0.8571428571428572
0.5
0.0
0.0
0.0
0.7777777777777778
0.8947368421052632
0.07692307692307687
0.0
0.8
0.4545454545454546
0.8181818181818181
0.8571428571428572
0.33333333333333337
0.7777777777777778
0.0
0.7777777777777778
0.7777777777777778
0.7777777777777778
0.7777777777777778
0.75
0.0
0.6666666666666667
0.0
0.8181818181818181
0.16666666666666663
0.8571428571428572
0.8947368421052632
0.9047619047619048
0.25
0.7777777777777778
0.7777777777777778
0.3125
0.7777777777777778
0.4545454545454546
0.050000000000000044
0.7777777777777778
0.8
0.7777777777777778
0.8
0.0
0.6842105263157895
0.7142857142857143
0.0
0.0
0.0
0.9047619047619048
0.25
0.5
0.050000000000000044
0.9
0.33333333333333337
0.8461538461538461
0.0
0.7777777777777778
0.8181818181818181
0.25
0.0
0.0
0.0
0.0
0.0
0.8181818181818181
0.7391304347826086
0.33333333333333337
0.75
0.0
0.7777777777777778
0.0
0.7777777777777778
0.7777777777777778
0.7777777777777778
0.8666666666666667
0.8461538461538461
0.0
0.7777777777777778
0.631578947368421
0.0
0.9047619047619048
0.5
0.8
0.0
0.08333333333333337
0.7777777777777778
0.0
0.0
0.6842105263157895
0.7777777777777778
0.9
0.9047619047619048
0.0
0.3125
0.7777777777777778
0.7777777777777778
0.7777777777777778
0.33333333333333337
0.7777777777777778
0.9047619047619048
0.9
0.9
0.75
0.7777777777777778
0.7777777777777778
0.06666666666666665
0.0
0.8
0.7142857142857143
0.7777777777777778
0.8
0.0
0.8666666666666667
0.7777777777777778
0.0
0.7777777777777778
0.7777777777777778
0.0
0.8461538461538461
0.7777777777777778
0.631578947368421
0.33333333333333337
0.5
0.0
0.8461538461538461
0.7777777777777778
0.8947368421052632
0.33333333333333337
0.0
0.4545454545454546
0.0
0.8
0.8461538461538461
0.33333333333333337
0.0
0.7777777777777778
0.0
0.8
0.75
0.9047619047619048
0.8
0.8333333333333334
0.7777777777777778
0.0
0.0
0.7777777777777778
0.0
0.0
0.0
0.9
0.7777777777777778
0.9
0.8
0.8666666666666667
0.07407407407407407
0.4545454545454546
0.4545454545454546
0.0
0.33333333333333337
0.8461538461538461
0.7777777777777778
0.7777777777777778
0.8571428571428572
0.9047619047619048
0.7777777777777778
0.7142857142857143
0.8461538461538461
0.7777777777777778
0.4545454545454546
0.8461538461538461
0.5
0.8
0.7777777777777778
0.5
0.33333333333333337
0.7777777777777778
0.6842105263157895
0.0
0.5
0.0
0.0
0.7777777777777778
0.0
0.33333333333333337
0.8333333333333334
0.8
0.0
0.9047619047619048
0.7777777777777778
0.25
0.7142857142857143
0.7777777777777778
0.7777777777777778
0.8461538461538461
0.4545454545454546
0.7777777777777778
0.7777777777777778
0.8333333333333334
0.631578947368421
0.8666666666666667
0.7777777777777778
0.0
0.8571428571428572
0.6842105263157895
0.7777777777777778
0.7777777777777778
0.0
0.0
0.9047619047619048
0.0
0.75
0.7777777777777778
0.0
0.0
0.75
0.7777777777777778
0.0
0.7692307692307692
0.5833333333333333
0.0
0.2222222222222222
0.0
0.4545454545454546
0.7777777777777778
0.33333333333333337
0.8181818181818181
0.0
0.3157894736842105
0.8571428571428572
0.0
0.8
0.7777777777777778
0.8461538461538461
0.8
0.7777777777777778
0.0
0.8461538461538461
0.9
0.7777777777777778
0.7777777777777778
0.31999999999999995
0.7391304347826086
0.7777777777777778
0.0
0.8
0.7777777777777778
0.09999999999999998
0.0
0.8461538461538461
0.0
0.8
0.08333333333333337
0.7857142857142857
0.4545454545454546
0.7777777777777778
0.7777777777777778
0.6842105263157895
0.8571428571428572
0.8333333333333334
0.0
0.9047619047619048
0.0
0.7777777777777778
0.0
0.33333333333333337
0.6842105263157895
0.0
0.0
0.33333333333333337
0.33333333333333337
0.7777777777777778
0.8
0.0
0.0
0.0
0.08333333333333337
0.7777777777777778
0.0
0.0
0.7777777777777778
0.7777777777777778
0.0
0.0
0.7777777777777778
0.0
0.0
0.0
0.8
0.07692307692307687
0.7777777777777778
0.0
0.0
0.33333333333333337
0.0
0.6842105263157895
0.75
0.0
0.7777777777777778
0.85
0.0
0.0
0.0
0.3125
0.0
0.8
0.7777777777777778
0.25
0.5652173913043479
0.0
0.55
0.2222222222222222
0.0
0.7777777777777778
0.75
0.7692307692307692
0.75
0.8571428571428572
0.0
0.7777777777777778
0.33333333333333337
0.8181818181818181
0.7777777777777778
0.25
0.25
0.7777777777777778
0.8571428571428572
0.33333333333333337
0.7142857142857143
0.7777777777777778
0.8
0.85
0.0
0.09999999999999998
0.75
0.4545454545454546
0.4545454545454546
0.33333333333333337
0.0
0.4545454545454546
0.0
0.19999999999999996
0.8571428571428572
0.25
0.4516129032258065
0.7777777777777778
0.0
0.0
0.8
0.7777777777777778
0.8
0.75
0.3125
0.8
0.0
0.0
0.7777777777777778
0.0
0.8461538461538461
0.0
0.33333333333333337
0.7777777777777778
0.7692307692307692
0.0
0.19999999999999996
0.0
0.4545454545454546
0.0
0.0
0.5833333333333333
0.7692307692307692
0.75
0.9
0.7777777777777778
0.631578947368421
0.0
0.6
0.7777777777777778
0.0
0.11111111111111116
0.7777777777777778
0.0
0.4545454545454546
0.0
0.7777777777777778
0.8666666666666667
0.8571428571428572
0.7777777777777778
0.7777777777777778
0.0
0.8666666666666667
0.0
0.11111111111111116
0.09999999999999998
0.0
0.8461538461538461
0.7777777777777778
0.0
0.75
0.9047619047619048
0.9047619047619048
0.6842105263157895
0.33333333333333337
0.0
0.5454545454545454
0.08333333333333337
0.0
0.8181818181818181
0.4545454545454546
0.3125
0.7777777777777778
0.0
0.0
0.7777777777777778
0.7777777777777778
0.7777777777777778
0.7777777777777778
0.8947368421052632
0.0
0.6842105263157895
0.7777777777777778
0.8461538461538461
0.0
0.0
0.33333333333333337
0.7142857142857143
0.9
0.08333333333333337
0.7777777777777778
0.0
0.7142857142857143
0.7777777777777778
0.0
0.8571428571428572
0.8
0.33333333333333337
0.0
0.8
0.0
0.25
0.0
0.25
0.8
0.0
0.0
0.6842105263157895
0.75
0.33333333333333337
0.7777777777777778
0.8
0.7777777777777778
0.6842105263157895
0.0
0.8
0.33333333333333337
0.0
0.0
0.8571428571428572
0.0
0.4545454545454546
0.0
0.7777777777777778
0.0
0.0
0.8181818181818181
0.08333333333333337
0.5882352941176471
0.0
0.7777777777777778
0.8461538461538461
0.8461538461538461
0.75
0.3125
0.8571428571428572
0.5
0.33333333333333337
0.7142857142857143
0.8947368421052632
0.8571428571428572
0.7777777777777778
0.0
0.7777777777777778
0.0
0.7777777777777778
0.6666666666666667
0.7777777777777778
0.8
0.875
0.7777777777777778
0.8181818181818181
0.0
0.5833333333333333
0.9047619047619048
0.8461538461538461
0.0
0.75
0.7777777777777778
0.7777777777777778
0.0
0.0
0.0
0.9047619047619048
0.7692307692307692
0.8947368421052632
0.5
0.8666666666666667
0.6153846153846154
0.7777777777777778
0.7777777777777778
0.0
0.85
0.7777777777777778
0.7777777777777778
0.5
0.7777777777777778
0.0
0.7777777777777778
0.0
0.8
0.7777777777777778
0.4545454545454546
0.0
0.6153846153846154
0.6666666666666667
0.7777777777777778
0.6
0.0
0.7777777777777778
0.9047619047619048
0.0
0.9047619047619048
0.0
0.0
0.6842105263157895
0.7777777777777778
0.25
0.7777777777777778
0.75
0.0
0.7777777777777778
0.9047619047619048
0.5
0.7777777777777778
0.7777777777777778
0.5
0.42105263157894735
0.9047619047619048
0.09999999999999998
0.8
0.7777777777777778
0.8461538461538461
0.0
0.4545454545454546
0.33333333333333337
0.0
