0.8181818181818181
0.875
0.8666666666666667
0.52
0.33333333333333337
0.8666666666666667
0.4782608695652174
0.8333333333333334
0.33333333333333337
0.8666666666666667
0.8260869565217391
0.8333333333333334
0.8181818181818181
0.9230769230769231
0.9
0.8666666666666667
0.8888888888888888
0.6
0.8666666666666667
0.5833333333333333
0.52
0.33333333333333337
0.875
0.5327102803738317
0.8666666666666667
0.8666666666666667
0.9047619047619048
0.6119402985074627
0.8260869565217391
0.8823529411764706
0.6103896103896104
0.8378378378378378
0.33333333333333337
0.8620689655172413
0.7777777777777778
0.7192982456140351
0.9393939393939394
0.8333333333333334
0.8666666666666667
0.1428571428571429
0.8666666666666667
0.52
0.45833333333333337
0.7894736842105263
0.8333333333333334
0.8620689655172413
0.0
0.8666666666666667
0.8787878787878788
0.7142857142857143
0.5555555555555556
0.8666666666666667
0.5
0.18181818181818177
0.6
0.8723404255319149
0.4782608695652174
0.8333333333333334
0.5
0.8666666666666667
0.8823529411764706
0.8823529411764706
0.8857142857142857
0.3513513513513513
0.8620689655172413
0.8620689655172413
0.8666666666666667
0.8620689655172413
0.8333333333333334
0.8181818181818181
0.1875
0.5632183908045977
0.5121951219512195
0.8181818181818181
0.9
0.84
0.8666666666666667
0.8918918918918919
0.8888888888888888
0.8181818181818181
0.8
0.4571428571428572
0.33333333333333337
0.9285714285714286
0.8620689655172413
0.6799999999999999
0.6470588235294117
0.48
0.6
0.4893617021276596
0.9466666666666667
0.8666666666666667
0.8666666666666667
0.2142857142857143
0.8461538461538461
0.52
0.9154929577464789
0.4
0.6585365853658536
0.5789473684210527
0.5135135135135135
0.0
0.8857142857142857
0.5
0.8666666666666667
0.6333333333333333
0.8181818181818181
0.8666666666666667
0.8333333333333334
0.8666666666666667
0.8333333333333334
0.8260869565217391
0.75
0.46153846153846156
0.9130434782608696
0.33333333333333337
0.3157894736842105
0.6703296703296704
0.8260869565217391
0.896551724137931
0.9466666666666667
0.6341463414634146
0.8620689655172413
0.52
0.3157894736842105
0.8333333333333334
0.8666666666666667
0.8333333333333334
0.8260869565217391
0.4782608695652174
0.8571428571428572
0.8666666666666667
0.0
0.11627906976744184
0.8918918918918919
0.8333333333333334
0.8666666666666667
0.8181818181818181
0.9047619047619048
0.8181818181818181
0.8857142857142857
0.9090909090909091
0.33333333333333337
0.6140350877192983
0.7471264367816092
0.8666666666666667
0.8620689655172413
0.8144329896907216
0.641025641025641
0.33333333333333337
0.8823529411764706
0.2692307692307693
0.8666666666666667
0.5588235294117647
0.8666666666666667
0.8378378378378378
0.4893617021276596
0.8181818181818181
0.33333333333333337
0.9411764705882353
0.8918918918918919
0.33333333333333337
0.8620689655172413
0.8620689655172413
0.8333333333333334
0.875
0.8823529411764706
0.9047619047619048
0.52
0.8723404255319149
0.33333333333333337
0.9420289855072463
0.5
0.8823529411764706
0.8461538461538461
0.5454545454545454
0.45679012345679015
0.2142857142857143
0.8333333333333334
0.8333333333333334
0.9245283018867925
0.2692307692307693
0.8888888888888888
0.9090909090909091
0.8181818181818181
0.5903614457831325
0.8620689655172413
0.8260869565217391
0.050000000000000044
0.8888888888888888
0.8666666666666667
0.8666666666666667
0.6363636363636364
0.33333333333333337
0.8333333333333334
0.84
0.8181818181818181
0.8666666666666667
0.33333333333333337
0.8333333333333334
0.4897959183673469
0.8181818181818181
0.8666666666666667
0.5
0.8461538461538461
0.5111111111111111
0.8666666666666667
0.6
0.8620689655172413
0.8028169014084507
0.8260869565217391
0.368421052631579
0.0
0.8857142857142857
0.8571428571428572
0.8181818181818181
0.8823529411764706
0.8666666666666667
0.8333333333333334
0.8333333333333334
0.564516129032258
0.8333333333333334
0.8666666666666667
0.9069767441860466
0.6470588235294117
0.8571428571428572
0.8181818181818181
0.0
0.8620689655172413
0.6470588235294117
0.8823529411764706
0.6
0.8571428571428572
0.6103896103896104
0.4
0.8571428571428572
0.9047619047619048
0.8888888888888888
0.5789473684210527
0.6153846153846154
0.5714285714285714
0.8666666666666667
0.8666666666666667
0.5384615384615384
0.8518518518518519
0.8666666666666667
0.48
0.8666666666666667
0.8620689655172413
0.6470588235294117
0.3157894736842105
0.6875
0.6799999999999999
0.9285714285714286
0.8666666666666667
0.4893617021276596
0.7804878048780488
0.9024390243902439
0.9
0.8571428571428572
0.8823529411764706
0.8620689655172413
0.4
0.8620689655172413
0.8666666666666667
0.8666666666666667
0.8181818181818181
0.5151515151515151
0.7931034482758621
0.46153846153846156
0.5111111111111111
0.4893617021276596
0.8823529411764706
0.8494623655913979
0.8666666666666667
0.5789473684210527
0.8181818181818181
0.5789473684210527
0.8888888888888888
0.9259259259259259
0.5294117647058824
0.9
0.9
0.9555555555555556
0.8709677419354839
0.8181818181818181
0.8666666666666667
0.8461538461538461
0.8620689655172413
0.0
0.6603773584905661
0.6
0.922077922077922
0.8333333333333334
0.8666666666666667
0.6
0.5789473684210527
0.8333333333333334
0.8571428571428572
0.8181818181818181
0.8260869565217391
0.31707317073170727
0.52
0.3589743589743589
0.8666666666666667
0.6
0.8666666666666667
0.8181818181818181
0.8666666666666667
0.8620689655172413
0.8518518518518519
0.6470588235294117
0.5652173913043479
0.8666666666666667
0.52
0.5714285714285714
0.8666666666666667
0.8666666666666667
0.8666666666666667
0.8666666666666667
0.8666666666666667
0.8333333333333334
0.8333333333333334
0.6226415094339622
0.8666666666666667
0.6144578313253012
0.8666666666666667
0.8333333333333334
0.9090909090909091
0.7142857142857143
0.8666666666666667
0.5384615384615384
0.3157894736842105
0.8181818181818181
0.8181818181818181
0.8666666666666667
0.8333333333333334
0.8775510204081632
0.5517241379310345
0.8461538461538461
0.8333333333333334
0.4893617021276596
0.5789473684210527
0.8666666666666667
0.5384615384615384
0.9230769230769231
0.5882352941176471
0.8181818181818181
0.8333333333333334
0.8666666666666667
0.7735849056603774
0.24137931034482762
0.5833333333333333
0.8666666666666667
0.935483870967742
0.9
0.5454545454545454
0.8260869565217391
0.8260869565217391
0.8333333333333334
0.8620689655172413
0.2142857142857143
0.52
0.875
0.8333333333333334
0.5
0.8888888888888888
0.6
0.8888888888888888
0.7931034482758621
0.8666666666666667
0.8666666666666667
0.5789473684210527
0.8518518518518519
0.1875
0.8666666666666667
0.6470588235294117
0.8378378378378378
0.8928571428571429
0.8620689655172413
0.8947368421052632
0.8518518518518519
0.8620689655172413
0.6727272727272727
0.33333333333333337
0.8666666666666667
0.8181818181818181
0.4893617021276596
0.33333333333333337
0.8666666666666667
0.8620689655172413
0.38888888888888884
0.8333333333333334
0.7358490566037736
0.0
0.8666666666666667
0.8333333333333334
0.8666666666666667
0.46153846153846156
0.8181818181818181
0.4
0.4
0.7446808510638299
0.8823529411764706
0.5161290322580645
0.9285714285714286
0.8666666666666667
0.9384615384615385
0.8666666666666667
0.8181818181818181
0.8666666666666667
0.625
0.8947368421052632
0.0
0.8260869565217391
0.4
0.8888888888888888
0.9285714285714286
0.8333333333333334
0.37142857142857144
0.9487179487179487
0.9
0.6
0.09523809523809523
0.8787878787878788
0.8666666666666667
0.8620689655172413
0.5952380952380952
0.33333333333333337
0.875
0.8666666666666667
0.6
0.36170212765957444
0.8666666666666667
0.33333333333333337
0.3939393939393939
0.8064516129032258
0.8666666666666667
0.52
0.8214285714285714
0.8235294117647058
0.48888888888888893
0.4782608695652174
0.41333333333333333
0.8285714285714285
0.5789473684210527
0.8666666666666667
0.8666666666666667
0.6
0.5164835164835164
0.6444444444444444
0.8064516129032258
0.4571428571428572
0.6
0.8494623655913979
0.8260869565217391
0.8823529411764706
0.2692307692307693
0.5
0.3571428571428571
0.7391304347826086
0.6402877697841727
0.8571428571428572
0.6491228070175439
0.8260869565217391
0.8666666666666667
0.8461538461538461
0.625
0.45833333333333337
0.875
0.55
0.8666666666666667
0.8666666666666667
0.8666666666666667
0.9
0.5384615384615384
0.8620689655172413
0.8666666666666667
0.6470588235294117
0.2666666666666667
0.6144578313253012
0.5384615384615384
0.8333333333333334
0.6119402985074627
0.6119402985074627
0.0
0.5666666666666667
0.5308641975308642
0.4571428571428572
0.9069767441860466
0.2142857142857143
0.9
0.5789473684210527
0.5789473684210527
0.3513513513513513
0.8666666666666667
0.8620689655172413
0.9130434782608696
0.925
0.6338028169014085
0.33333333333333337
0.6144578313253012
0.8333333333333334
0.5593220338983051
0.8723404255319149
0.8666666666666667
0.8666666666666667
0.8666666666666667
0.8181818181818181
0.3157894736842105
0.8620689655172413
0.9420289855072463
0.8260869565217391
0.52
0.8620689655172413
0.8666666666666667
0.8181818181818181
0.052631578947368474
0.8333333333333334
0.3939393939393939
0.8333333333333334
0.8666666666666667
0.9230769230769231
0.8666666666666667
0.9333333333333333
0.625
0.0
0.8260869565217391
0.5806451612903225
0.9393939393939394
0.052631578947368474
0.6470588235294117
0.5454545454545454
0.8620689655172413
0.8666666666666667
0.8666666666666667
0.5384615384615384
0.7931034482758621
0.8666666666666667
0.4
0.8571428571428572
0.6774193548387097
0.6774193548387097
0.9466666666666667
0.8333333333333334
0.8823529411764706
0.33333333333333337
0.8928571428571429
0.8857142857142857
0.8666666666666667
0.875
0.9
0.8333333333333334
0.9
0.7446808510638299
0.8571428571428572
0.8666666666666667
0.33333333333333337
0.09523809523809523
0.8333333333333334
0.875
0.052631578947368474
0.3793103448275862
0.7142857142857143
0.0
0.6103896103896104
0.8666666666666667
0.8571428571428572
0.5
0.8333333333333334
0.9591836734693877
0.7435897435897436
0.8571428571428572
0.8333333333333334
0.33333333333333337
0.33333333333333337
0.8518518518518519
0.8666666666666667
0.8333333333333334
0.04761904761904767
0.5357142857142857
0.8620689655172413
0.8666666666666667
0.8666666666666667
0.8666666666666667
0.8333333333333334
0.8888888888888888
0.2142857142857143
0.52
0.8461538461538461
0.5774647887323944
0.9365079365079365
0.7
0.5588235294117647
0.4953271028037384
0.4571428571428572
0.8620689655172413
0.8666666666666667
0.6
0.84
0.4
0.8333333333333334
0.8260869565217391
0.8426966292134832
0.9
0.4897959183673469
0.8333333333333334
0.9104477611940298
0.7
0.8666666666666667
0.8666666666666667
0.8333333333333334
0.625
0.8461538461538461
0.5789473684210527
0.8666666666666667
0.8666666666666667
0.8666666666666667
0.8260869565217391
0.5632183908045977
0.8571428571428572
0.8333333333333334
0.5384615384615384
0.33333333333333337
0.8666666666666667
0.5384615384615384
0.5714285714285714
0.8181818181818181
0.052631578947368474
0.050000000000000044
0.8666666666666667
0.6470588235294117
0.9285714285714286
0.8235294117647058
0.8333333333333334
0.5454545454545454
0.8666666666666667
0.4
0.6
0.33333333333333337
0.8857142857142857
0.5903614457831325
0.8333333333333334
0.8461538461538461
0.8620689655172413
0.8333333333333334
0.7297297297297297
0.8620689655172413
0.8333333333333334
0.8857142857142857
0.8666666666666667
0.8333333333333334
0.8666666666666667
0.1428571428571429
0.6470588235294117
0.8666666666666667
0.8666666666666667
0.33333333333333337
0.8666666666666667
0.8620689655172413
0.6896551724137931
0.5454545454545454
0.33333333333333337
0.6774193548387097
0.052631578947368474
0.9285714285714286
0.8888888888888888
0.8857142857142857
0.33333333333333337
0.6619718309859155
0.9183673469387755
0.5294117647058824
0.8666666666666667
0.6103896103896104
0.9024390243902439
0.48
0.5833333333333333
0.8666666666666667
0.8723404255319149
0.8666666666666667
0.8620689655172413
0.8333333333333334
0.8620689655172413
0.4
0.8620689655172413
0.8333333333333334
0.6470588235294117
0.9
0.875
0.8333333333333334
0.5161290322580645
0.8571428571428572
0.7007874015748031
0.4571428571428572
0.5903614457831325
0.8333333333333334
0.8260869565217391
0.052631578947368474
0.8666666666666667
0.4571428571428572
0.8974358974358975
0.4418604651162791
0.8666666666666667
0.33333333333333337
0.8857142857142857
0.6
0.8333333333333334
0.8666666666666667
0.8775510204081632
0.8666666666666667
0.5604395604395604
0.8666666666666667
0.8333333333333334
0.6470588235294117
0.4
0.6119402985074627
0.6470588235294117
0.5555555555555556
0.8857142857142857
0.52
0.8333333333333334
0.5789473684210527
0.8620689655172413
0.8666666666666667
0.8666666666666667
0.8666666666666667
0.8666666666666667
0.6
0.2142857142857143
0.6338028169014085
0.8666666666666667
0.0
0.8181818181818181
0.9047619047619048
0.8620689655172413
0.33333333333333337
0.09999999999999998
0.8666666666666667
0.8666666666666667
0.8285714285714285
0.42307692307692313
0.8333333333333334
0.9
0.9130434782608696
0.6842105263157895
0.5353535353535354
0.0
0.8333333333333334
0.33333333333333337
0.8620689655172413
0.8260869565217391
0.9393939393939394
0.8888888888888888
0.5
0.6774193548387097
0.8666666666666667
0.8260869565217391
0.8823529411764706
0.33333333333333337
0.6119402985074627
0.8723404255319149
0.52
0.6842105263157895
0.44303797468354433
0.33333333333333337
0.8333333333333334
0.8666666666666667
0.5
0.8333333333333334
0.6
0.8823529411764706
0.5
0.45833333333333337
0.8333333333333334
0.9512195121951219
0.5789473684210527
0.5714285714285714
0.6470588235294117
0.7142857142857143
0.37142857142857144
0.8666666666666667
0.8857142857142857
0.5327102803738317
0.8461538461538461
0.23529411764705888
0.8461538461538461
0.9148936170212766
0.8765432098765432
0.55
0.4117647058823529
0.8571428571428572
0.9285714285714286
0.9047619047619048
0.8666666666666667
0.6470588235294117
0.8666666666666667
0.9240506329113924
0.33333333333333337
0.6774193548387097
0.7352941176470589
0.8666666666666667
0.5526315789473684
0.9420289855072463
0.5
0.4444444444444444
0.6
0.6
0.8620689655172413
0.8666666666666667
0.8620689655172413
0.8823529411764706
0.8571428571428572
0.9047619047619048
0.52
0.52
0.7647058823529411
0.8333333333333334
0.8666666666666667
0.8333333333333334
0.8507462686567164
0.5789473684210527
0.8333333333333334
0.8620689655172413
0.8918918918918919
0.52
0.8378378378378378
0.48
0.9130434782608696
0.41333333333333333
0.6444444444444444
0.0
0.5384615384615384
0.92
0.52
0.4571428571428572
0.5666666666666667
0.8333333333333334
0.5529411764705883
0.5384615384615384
0.5
0.6799999999999999
0.9178082191780822
0.8666666666666667
0.4
0.8333333333333334
0.8333333333333334
0.8620689655172413
0.9420289855072463
0.7391304347826086
0.6119402985074627
0.8333333333333334
0.8666666666666667
0.8974358974358975
0.8333333333333334
0.6338028169014085
0.6231884057971014
0.5555555555555556
0.6341463414634146
0.8181818181818181
0.8260869565217391
0.8666666666666667
0.8333333333333334
0.6137931034482759
0.4
0.8571428571428572
0.3589743589743589
0.8620689655172413
0.8666666666666667
0.8181818181818181
0.8666666666666667
0.8666666666666667
0.8461538461538461
0.6
0.9230769230769231
0.8666666666666667
0.8181818181818181
0.2142857142857143
0.4
0.5384615384615384
0.8723404255319149
0.8333333333333334
0.5308641975308642
0.5789473684210527
0.8666666666666667
0.0625
0.6896551724137931
0.23529411764705888
0.48
0.875
0.8333333333333334
0.8571428571428572
0.9512195121951219
0.8620689655172413
0.8333333333333334
0.5
0.8666666666666667
0.8666666666666667
0.8857142857142857
0.33333333333333337
0.40909090909090906
0.46153846153846156
0.8181818181818181
0.8666666666666667
0.4
0.6571428571428571
0.4117647058823529
0.8666666666666667
0.6
0.6404494382022472
0.8333333333333334
0.5593220338983051
0.8620689655172413
0.6444444444444444
0.8620689655172413
0.6470588235294117
0.9047619047619048
0.8666666666666667
0.9
0.6444444444444444
0.6
0.8356164383561644
0.33333333333333337
0.8857142857142857
0.8666666666666667
0.5
0.607843137254902
0.8666666666666667
0.8620689655172413
0.5
0.24137931034482762
0.8333333333333334
0.7894736842105263
0.8461538461538461
0.6
0.7027027027027026
0.8378378378378378
0.8787878787878788
0.8333333333333334
0.2142857142857143
0.4
0.4
0.8333333333333334
0.8666666666666667
0.6
0.875
0.6470588235294117
0.8181818181818181
0.9402985074626866
0.8974358974358975
0.6799999999999999
0.33333333333333337
0.4
0.5588235294117647
0.8666666666666667
0.9
0.3513513513513513
0.6491228070175439
0.8333333333333334
0.5789473684210527
0.8709677419354839
0.8857142857142857
0.8333333333333334
0.8666666666666667
0.6
0.8666666666666667
0.8181818181818181
0.8666666666666667
0.8620689655172413
0.8181818181818181
0.6404494382022472
0.8
0.33333333333333337
0.8333333333333334
0.6
0.9024390243902439
0.8974358974358975
0.9230769230769231
0.6842105263157895
0.8666666666666667
0.8666666666666667
0.6140350877192983
0.8181818181818181
0.6470588235294117
0.6274509803921569
0.8666666666666667
0.8333333333333334
0.8620689655172413
0.8333333333333334
0.33333333333333337
0.8775510204081632
0.8571428571428572
0.5714285714285714
0.4571428571428572
0.4
0.9047619047619048
0.6842105263157895
0.6799999999999999
0.4328358208955224
0.9148936170212766
0.4838709677419355
0.875
0.6
0.8666666666666667
0.8333333333333334
0.76
0.4285714285714286
0.6
0.052631578947368474
0.6338028169014085
0.5
0.8333333333333334
0.7894736842105263
0.8333333333333334
0.8620689655172413
0.33333333333333337
0.8620689655172413
0.6144578313253012
0.8260869565217391
0.8181818181818181
0.8620689655172413
0.8888888888888888
0.8888888888888888
0.5294117647058824
0.8666666666666667
0.8494623655913979
0.6774193548387097
0.9047619047619048
0.7142857142857143
0.8333333333333334
0.0
0.24137931034482762
0.8181818181818181
0.7
0.33333333333333337
0.8461538461538461
0.8260869565217391
0.9384615384615385
0.9047619047619048
0.5
0.7105263157894737
0.8666666666666667
0.8666666666666667
0.8666666666666667
0.8333333333333334
0.8666666666666667
0.9047619047619048
0.9024390243902439
0.9285714285714286
0.8181818181818181
0.8666666666666667
0.8666666666666667
0.641025641025641
0.5045871559633027
0.8333333333333334
0.8571428571428572
0.8666666666666667
0.9452054794520548
0.48
0.8888888888888888
0.8666666666666667
0.6
0.8666666666666667
0.8666666666666667
0.3571428571428571
0.8823529411764706
0.8260869565217391
0.8494623655913979
0.8333333333333334
0.7391304347826086
0.4
0.8823529411764706
0.8666666666666667
0.9
0.8333333333333334
0.4571428571428572
0.6756756756756757
0.33333333333333337
0.8333333333333334
0.8823529411764706
0.8333333333333334
0.6533333333333333
0.8666666666666667
0.6
0.84
0.8181818181818181
0.9047619047619048
0.8333333333333334
0.8461538461538461
0.8666666666666667
0.5161290322580645
0.5
0.8666666666666667
0.625
0.6
0.0
0.9523809523809523
0.8260869565217391
0.9512195121951219
0.8709677419354839
0.8888888888888888
0.5327102803738317
0.5789473684210527
0.6470588235294117
0.33333333333333337
0.8333333333333334
0.8823529411764706
0.8620689655172413
0.8666666666666667
0.8857142857142857
0.9230769230769231
0.8666666666666667
0.8571428571428572
0.8823529411764706
0.8666666666666667
0.5714285714285714
0.8823529411764706
0.6363636363636364
0.8666666666666667
0.8666666666666667
0.8072289156626506
0.8333333333333334
0.8666666666666667
0.8461538461538461
0.5
0.5862068965517242
0.052631578947368474
0.6
0.8666666666666667
0.5
0.8333333333333334
0.8461538461538461
0.8333333333333334
0.5161290322580645
0.9047619047619048
0.8666666666666667
0.6470588235294117
0.8571428571428572
0.8620689655172413
0.8666666666666667
0.8947368421052632
0.6756756756756757
0.8666666666666667
0.8620689655172413
0.8461538461538461
0.8426966292134832
0.8888888888888888
0.8666666666666667
0.33333333333333337
0.9420289855072463
0.8723404255319149
0.8709677419354839
0.8620689655172413
0.2142857142857143
0.4
0.9130434782608696
0.33333333333333337
0.922077922077922
0.8666666666666667
0.5
0.6444444444444444
0.8181818181818181
0.8666666666666667
0.1875
0.927710843373494
0.6551724137931034
0.6
0.6164383561643836
0.4
0.5789473684210527
0.8260869565217391
0.75
0.8333333333333334
0.45833333333333337
0.6486486486486487
0.8857142857142857
0.33333333333333337
0.8333333333333334
0.8666666666666667
0.8857142857142857
0.8333333333333334
0.8666666666666667
0.33333333333333337
0.8823529411764706
0.9393939393939394
0.8666666666666667
0.8666666666666667
0.7424242424242424
0.8333333333333334
0.8666666666666667
0.5
0.8666666666666667
0.8260869565217391
0.1428571428571429
0.6
0.8823529411764706
0.0
0.8333333333333334
0.38888888888888884
0.922077922077922
0.52
0.8181818181818181
0.8260869565217391
0.8723404255319149
0.875
0.8461538461538461
0.5593220338983051
0.9230769230769231
0.33333333333333337
0.8620689655172413
0.2692307692307693
0.6923076923076923
0.8461538461538461
0.6404494382022472
0.5714285714285714
0.8333333333333334
0.8333333333333334
0.8666666666666667
0.8333333333333334
0.33333333333333337
0.4782608695652174
0.33333333333333337
0.38888888888888884
0.8620689655172413
0.3571428571428571
0.5833333333333333
0.8666666666666667
0.8620689655172413
0.23529411764705888
0.52
0.8666666666666667
0.48275862068965514
0.6402877697841727
0.0
0.8333333333333334
0.4418604651162791
0.8666666666666667
0.0
0.0
0.8333333333333334
0.6417910447761195
0.8723404255319149
0.8181818181818181
0.5185185185185186
0.8666666666666667
0.9285714285714286
0.4
0.6307692307692307
0.33333333333333337
0.7027027027027026
0.5142857142857142
0.8333333333333334
0.8620689655172413
0.625
0.6226415094339622
0.5384615384615384
0.55
0.5882352941176471
0.5
0.8620689655172413
0.8181818181818181
0.9178082191780822
0.9142857142857143
0.8571428571428572
0.052631578947368474
0.8666666666666667
0.8333333333333334
0.8333333333333334
0.8181818181818181
0.625
0.625
0.8666666666666667
0.8823529411764706
0.8333333333333334
0.8571428571428572
0.8620689655172413
0.8333333333333334
0.9178082191780822
0.33333333333333337
0.6896551724137931
0.8181818181818181
0.4893617021276596
0.6
0.8333333333333334
0.44999999999999996
0.5789473684210527
0.6103896103896104
0.5789473684210527
0.8918918918918919
0.5789473684210527
0.6822429906542056
0.8620689655172413
0.5189873417721519
0.5384615384615384
0.9298245614035088
0.8666666666666667
0.8333333333333334
0.8181818181818181
0.6140350877192983
0.8333333333333334
0.18181818181818177
0.6
0.8620689655172413
0.0
0.935483870967742
0.5
0.8333333333333334
0.8666666666666667
0.9178082191780822
0.5529411764705883
0.5294117647058824
0.09523809523809523
0.52
0.4
0.5384615384615384
0.8214285714285714
0.8695652173913043
0.8181818181818181
0.9111111111111111
0.8620689655172413
0.8494623655913979
0.6
0.6756756756756757
0.8666666666666667
0.5
0.5151515151515151
0.8666666666666667
0.33333333333333337
0.6470588235294117
0.6404494382022472
0.8620689655172413
0.8888888888888888
0.9024390243902439
0.8620689655172413
0.8666666666666667
0.45833333333333337
0.8888888888888888
0.8
0.5151515151515151
0.28
0.4
0.8518518518518519
0.8666666666666667
0.2142857142857143
0.9189189189189189
0.9322033898305084
0.9230769230769231
0.8723404255319149
0.8333333333333334
0.5
0.5833333333333333
0.24137931034482762
0.5604395604395604
0.875
0.5789473684210527
0.7027027027027026
0.8260869565217391
0.37142857142857144
0.5533980582524272
0.8620689655172413
0.8260869565217391
0.8620689655172413
0.8666666666666667
0.9
0.6
0.8723404255319149
0.8666666666666667
0.875
0.4
0.0
0.8333333333333334
0.8571428571428572
0.9493670886075949
0.41333333333333333
0.8260869565217391
0.6
0.8571428571428572
0.8181818181818181
0.5384615384615384
0.8974358974358975
0.8333333333333334
0.8333333333333334
0.5308641975308642
0.8333333333333334
0.6
0.4
0.4571428571428572
0.6470588235294117
0.8333333333333334
0.3513513513513513
0.33333333333333337
0.8461538461538461
0.8181818181818181
0.8333333333333334
0.8260869565217391
0.8333333333333334
0.8620689655172413
0.8723404255319149
0.38095238095238093
0.8333333333333334
0.8333333333333334
0.6
0.2142857142857143
0.8571428571428572
0.5
0.52
0.5652173913043479
0.8620689655172413
0.5161290322580645
0.4666666666666667
0.8333333333333334
0.24137931034482762
0.7586206896551724
0.5454545454545454
0.8181818181818181
0.875
0.8823529411764706
0.9032258064516129
0.6140350877192983
0.9384615384615385
0.8333333333333334
0.8333333333333334
0.8571428571428572
0.9
0.9024390243902439
0.8666666666666667
0.5604395604395604
0.8666666666666667
0.33333333333333337
0.8666666666666667
0.7619047619047619
0.8666666666666667
0.8333333333333334
0.8918918918918919
0.8620689655172413
0.8333333333333334
0.0
0.6551724137931034
0.9047619047619048
0.8518518518518519
0.5353535353535354
0.8285714285714285
0.8666666666666667
0.8260869565217391
0.45833333333333337
0.5588235294117647
0.5384615384615384
0.9230769230769231
0.9090909090909091
0.9
0.6470588235294117
0.8888888888888888
0.8507462686567164
0.8620689655172413
0.8666666666666667
0.40909090909090906
0.8695652173913043
0.8181818181818181
0.8666666666666667
0.7931034482758621
0.8620689655172413
0.052631578947368474
0.8666666666666667
0.0
0.8709677419354839
0.8666666666666667
0.4893617021276596
0.33333333333333337
0.855072463768116
0.8
0.8620689655172413
0.6923076923076923
0.44897959183673475
0.8666666666666667
0.9230769230769231
0.33333333333333337
0.9047619047619048
0.33333333333333337
0.6666666666666667
0.8723404255319149
0.8666666666666667
0.52
0.8666666666666667
0.8620689655172413
0.6
0.8666666666666667
0.9047619047619048
0.6
0.8620689655172413
0.8666666666666667
0.6470588235294117
0.7471264367816092
0.9047619047619048
0.6896551724137931
0.8333333333333334
0.8709677419354839
0.8823529411764706
0.5308641975308642
0.6470588235294117
0.75
0.33333333333333337
