0.010495932826029914
0.030955346023839175
0.0014308710427472723
0.0
0.005977796754910333
0.000467180565288484
0.0030599755201958386
0.0018936405239072117
0.007365352155899954
0.0
0.010495932826029914
-1.0
0.007881773399014778
0.0008839779005524862
0.0
0.005648490115142298
0.0009178522257916476
0.004265908282971916
0.004265908282971916
0.006418485237483954
-1.0
0.0014582573824279985
0.0051325919589392645
0.007881773399014778
0.0055579307396323215
0.004265908282971916
0.013118916631400761
0.001453752498637107
0.007881773399014778
0.0042643923240938165
0.002332633543270352
-1.0
0.002592772646248582
0.001453752498637107
0.010495932826029914
0.013530655391120507
0.00046696240952603317
0.003583694191428998
0.0042643923240938165
0.003583694191428998
0.010495932826029914
0.005977796754910333
0.0035815549917922697
0.003005259203606311
0.001787709497206704
0.003583694191428998
0.003060912151821243
0.0
0.22046589018302828
-1.0
-1.0
0.007974237080202423
0.007974237080202423
-1.0
0.0030599755201958386
0.0035815549917922697
0.008186935016203309
0.011667293940534437
0.005553182400683468
-1.0
0.0013761467889908258
0.0004667444574095683
0.0
0.003583694191428998
0.010495932826029914
0.010495932826029914
0.0009269988412514484
0.010495932826029914
-1.0
0.004265908282971916
0.000467180565288484
0.0020512820512820513
0.007974237080202423
0.010495932826029914
0.007360834227879159
0.0
-1.0
0.010301313417460727
0.007629219912263971
0.003583694191428998
0.007363092498849517
0.0017398869073510222
0.007629219912263971
0.010495932826029914
0.007881773399014778
0.005982905982905983
0.0011980830670926517
0.007881773399014778
0.007881773399014778
0.007629219912263971
0.0
0.003583694191428998
0.010495932826029914
0.0020512820512820513
0.00046696240952603317
0.000467180565288484
0.01580183642963912
0.003583694191428998
0.0
0.000467180565288484
0.010495932826029914
-1.0
-1.0
0.010495932826029914
0.0008839779005524862
0.003060912151821243
0.0
0.0
0.007365352155899954
0.0011983223487118035
0.001453752498637107
0.0004563084645220169
0.0035815549917922697
0.010495932826029914
0.2236014564713671
0.0009047726758651889
0.015141955835962145
0.0029065542799011773
0.0004581901489117984
0.004265908282971916
-1.0
0.008189728715236308
0.0004563084645220169
0.004265908282971916
0.0
0.003583694191428998
0.008186935016203309
-1.0
0.0014590552617180376
0.0014953271028037382
0.002592772646248582
0.0055579307396323215
0.00046696240952603317
0.000467180565288484
0.00046696240952603317
0.005553182400683468
0.0
0.010495932826029914
0.0026857654431512983
0.004265908282971916
0.008186935016203309
0.010301313417460727
0.010301313417460727
0.0
0.010495932826029914
0.004265908282971916
0.002592772646248582
0.010495932826029914
0.0014590552617180376
0.0021982853374367993
0.0042864797285229505
0.0
0.005982905982905983
0.010495932826029914
0.0
0.0038885288399222295
0.010301313417460727
0.010495932826029914
0.0
0.003583694191428998
0.010495932826029914
0.003583694191428998
0.001422475106685633
0.00044238000442380006
0.0004598758335249483
0.00046696240952603317
0.001075268817204301
0.009186351706036745
0.007881773399014778
0.010495932826029914
0.0012763241863433313
0.007971792120190096
0.010495932826029914
0.00046221400508435407
0.008186935016203309
0.008186935016203309
0.00046696240952603317
0.01634877384196185
0.0017398869073510222
0.003873466752743706
0.22911537830297063
0.006977758395115569
-1.0
0.003583694191428998
0.003583694191428998
0.0004596644449551827
0.000467180565288484
0.010495932826029914
0.0035815549917922697
0.0036907178446207787
-1.0
0.0025031289111389237
0.0030599755201958386
0.003060912151821243
0.004265908282971916
0.007974237080202423
0.002297090352220521
0.009526736324523662
0.008186935016203309
0.003583694191428998
0.010495932826029914
0.0030599755201958386
0.010495932826029914
0.0026857654431512983
0.007881773399014778
0.000467180565288484
0.0009178522257916476
0.010301313417460727
0.005779364269930308
0.00046696240952603317
0.0
0.000467180565288484
0.007971792120190096
0.005982905982905983
0.007881773399014778
0.00046696240952603317
0.000467180565288484
0.001453752498637107
0.0055579307396323215
0.011667293940534437
0.007881773399014778
0.015608521408985446
0.00597524541186513
-1.0
-1.0
0.010495932826029914
0.0051325919589392645
0.003583694191428998
0.005279366476022877
0.009290540540540541
0.0
-1.0
0.0004598758335249483
0.007881773399014778
0.008189728715236308
0.007881773399014778
0.008186935016203309
0.007363092498849517
0.002592772646248582
0.0014660069635330768
0.007360834227879159
0.002297090352220521
0.030955346023839175
0.010495932826029914
0.006510416666666667
0.0042643923240938165
0.0019054878048780487
0.003583694191428998
0.007881773399014778
0.0009354536950420954
0.001799910004499775
0.0
0.007971792120190096
0.0055579307396323215
0.002456140350877193
0.0011883541295306002
0.01311336717428088
0.010495932826029914
0.008186935016203309
0.030955346023839175
0.0009269988412514484
0.0
0.0014590552617180376
0.008186935016203309
0.003583694191428998
0.003583694191428998
-1.0
0.00597524541186513
0.0013039226339237205
0.004265908282971916
0.004265908282971916
0.003583694191428998
0.0029065542799011773
-1.0
0.005562273276904474
0.000467180565288484
0.000467180565288484
0.008189728715236308
0.0
0.0016181229773462784
0.00425531914893617
0.003583694191428998
0.0035815549917922697
0.0
0.005601034037052995
0.008186935016203309
0.00597524541186513
0.006082388719933647
0.004265908282971916
0.007881773399014778
0.0042643923240938165
0.007974237080202423
0.007881773399014778
-1.0
0.0
0.010495932826029914
0.0
0.006520321669202347
0.003060912151821243
0.009526736324523662
0.007881773399014778
0.007881773399014778
0.0014035087719298245
0.0
0.007629219912263971
0.0017639276789651625
0.0030599755201958386
0.0035815549917922697
0.00046696240952603317
0.0017398869073510222
0.00044238000442380006
0.010495932826029914
0.010495932826029914
0.004265908282971916
0.010495932826029914
0.008189728715236308
0.010301313417460727
-1.0
-1.0
0.010495932826029914
0.0026592208482914504
0.00046221400508435407
0.006938421509106678
0.008175779253960144
0.0030599755201958386
0.008186935016203309
-1.0
0.00046696240952603317
0.0008843687817820031
0.00046221400508435407
0.0030599755201958386
0.007629219912263971
0.000467180565288484
0.004265908282971916
0.003060912151821243
0.005553182400683468
-1.0
0.0031007751937984496
-1.0
0.0014953271028037382
0.0030543677458766036
0.007881773399014778
-1.0
0.0042864797285229505
0.003873466752743706
0.010495932826029914
0.0035815549917922697
0.007881773399014778
0.008189728715236308
0.010495932826029914
-1.0
0.006977758395115569
-1.0
0.00046696240952603317
0.007365352155899954
0.004265908282971916
0.007881773399014778
0.000467180565288484
0.003450060376056581
-1.0
0.0061823802163833074
0.0030599755201958386
0.010301313417460727
0.0038885288399222295
0.018675226145316602
-1.0
0.010495932826029914
0.007905138339920948
0.0
0.004265908282971916
0.010495932826029914
0.0
0.004265908282971916
0.004621400639886242
0.010495932826029914
0.008585006898666259
0.000924000924000924
0.001984455101703324
0.008816547982366904
0.013107822410147992
0.0012763241863433313
0.010495932826029914
0.007881773399014778
0.0
0.003873466752743706
0.00046696240952603317
0.0017398869073510222
0.004218667604148356
0.02819414703783012
0.0035815549917922697
0.010495932826029914
0.003583694191428998
0.0008843687817820031
0.00046221400508435407
0.007363092498849517
0.010495932826029914
0.001721664275466284
0.0017893088794453142
0.0055579307396323215
0.00046696240952603317
0.296687188507769
0.00046696240952603317
-1.0
0.0015907735136209981
0.0023121387283236996
0.006855184233076264
0.0035901271503365746
0.000467180565288484
0.013287904599659284
0.003583694191428998
0.0018544274455261937
0.00046696240952603317
0.007881773399014778
0.006082388719933647
0.010495932826029914
0.007881773399014778
0.0026449195503636764
0.010495932826029914
0.010495932826029914
0.006082388719933647
0.0009163802978235968
0.0019907100199071004
0.005553182400683468
-1.0
0.003553028957186001
0.002890695573622403
0.0035815549917922697
0.010301313417460727
0.0013939710751001916
0.007881773399014778
0.002242152466367713
0.0
0.007881773399014778
0.007881773399014778
0.001948684637869438
0.0015137180700094607
0.005550811272416738
0.007881773399014778
0.011667293940534437
0.007881773399014778
0.00046221400508435407
0.007676953784738216
0.000467180565288484
0.010301313417460727
0.004030780505679736
0.00597524541186513
0.0
0.0
0.005977796754910333
0.0030599755201958386
0.007881773399014778
0.010495932826029914
0.22911537830297063
0.010495932826029914
-1.0
0.010495932826029914
0.008189728715236308
0.003583694191428998
0.013118916631400761
0.0009035464196973119
0.010495932826029914
0.00046696240952603317
0.0018184573420215184
0.010495932826029914
0.005482268288504369
0.008186935016203309
-1.0
0.0
0.01311336717428088
0.010495932826029914
0.0021159542953872196
0.0
0.0
0.010495932826029914
0.000467180565288484
0.0030599755201958386
0.003583694191428998
0.003583694191428998
-1.0
0.003583694191428998
0.007881773399014778
0.00786056049213944
0.007881773399014778
0.012555140821174076
0.003583694191428998
0.010495932826029914
0.01048767697954903
0.010495932826029914
0.001984455101703324
-1.0
0.013118916631400761
-1.0
0.005977796754910333
0.0030599755201958386
0.011667293940534437
-1.0
0.003583694191428998
0.00046696240952603317
0.0051325919589392645
0.0022742779167614284
0.007881773399014778
0.0030543677458766036
0.0026135249918327343
0.008189728715236308
0.010495932826029914
0.0014227280810955006
0.008582375478927203
-1.0
0.0042643923240938165
0.000467180565288484
0.02487382840663302
0.007881773399014778
-1.0
0.0030599755201958386
0.008184422316191516
0.002592772646248582
0.007881773399014778
0.0014448257178977786
0.0011983223487118035
0.0017215407789972026
0.010227999147666738
0.0
0.22911537830297063
0.012701100762066046
0.002297090352220521
0.010495932826029914
0.006808510638297872
0.003583694191428998
0.004621400639886242
0.03387663790348354
0.007881773399014778
0.000467180565288484
0.005553182400683468
0.005553182400683468
-1.0
0.0009047726758651889
0.0011983223487118035
0.010495932826029914
-1.0
0.000467180565288484
0.008186935016203309
0.00044023772837332157
0.008184422316191516
0.012964858410098942
0.0019851116625310174
0.003583694191428998
0.004253056884635832
0.007881773399014778
0.007365352155899954
0.00556745182012848
0.012042147516307075
0.007881773399014778
0.00545144804088586
0.000467180565288484
-1.0
0.010495932826029914
0.0035815549917922697
0.010495932826029914
0.007881773399014778
0.0055579307396323215
0.0030525030525030525
0.001453752498637107
0.010301313417460727
0.0
0.0
-1.0
0.001553196997152472
0.010495932826029914
0.004265908282971916
0.010301313417460727
0.0
0.000467180565288484
0.004265908282971916
0.00046696240952603317
-1.0
-1.0
0.004265908282971916
0.007881773399014778
0.0017398869073510222
0.003583694191428998
0.009526736324523662
0.010495932826029914
0.0035815549917922697
0.0
0.016964446850748962
0.010495932826029914
0.010495932826029914
0.010495932826029914
0.005128205128205128
0.004219409282700422
0.0055579307396323215
0.00425607377194538
0.022562240663900415
0.030955346023839175
0.004253056884635832
0.010495932826029914
0.0026232948583420775
0.005982905982905983
0.008184422316191516
0.010495932826029914
0.004265908282971916
0.007881773399014778
0.005977796754910333
-1.0
0.005977796754910333
0.0004628558204119417
-1.0
0.010495932826029914
0.013553329404832056
0.2617393720477911
0.0029073993312981536
0.003583694191428998
0.005550811272416738
0.0030599755201958386
0.0
0.000467180565288484
0.005218525766470972
0.003592276605298608
0.003483713638738896
0.0038095238095238095
0.010495932826029914
0.0017833259028087382
0.0019851116625310174
0.004265908282971916
0.003583694191428998
-1.0
0.0038885288399222295
0.007669888019634913
0.007881773399014778
0.002411873840445269
0.002625533311453889
0.0
0.0009178522257916476
0.010495932826029914
0.003583694191428998
0.013118916631400761
0.007881773399014778
0.010495932826029914
-1.0
0.0030599755201958386
0.053401797175866496
-1.0
0.010495932826029914
0.006466910972192283
0.003448870494912916
0.012894232444676773
0.005982905982905983
0.00044004400440044003
0.004267425320056899
0.015549485185963437
0.0015531395606833815
0.003060912151821243
0.005562687205819427
0.22911537830297063
0.007881773399014778
0.003060912151821243
0.22046589018302828
0.00556745182012848
0.000922722029988466
0.004265908282971916
0.04825239715434581
0.010495932826029914
0.0019420618223013433
0.0030599755201958386
0.007881773399014778
0.007629219912263971
-1.0
0.0012763241863433313
0.00044023772837332157
-1.0
0.00046696240952603317
0.005223068552774755
0.008189728715236308
-1.0
0.007629219912263971
0.01311336717428088
0.014125956444967627
0.0009047726758651889
-1.0
0.01892931085477669
0.0016042780748663102
0.008186935016203309
0.010495932826029914
0.010301313417460727
0.003060912151821243
0.007629219912263971
0.0
0.007881773399014778
0.00834144306965105
-1.0
0.0055579307396323215
0.010301313417460727
0.007881773399014778
0.0029065542799011773
0.0042643923240938165
0.012684989429175475
0.010495932826029914
0.008189728715236308
0.0030599755201958386
0.008186935016203309
0.0008843687817820031
0.007881773399014778
0.007365352155899954
0.0013600816048962938
0.005550811272416738
0.00046696240952603317
0.009177118384827165
0.0019047619047619048
0.007629219912263971
0.0030599755201958386
0.005213990875515968
0.0
0.000467180565288484
0.004265908282971916
0.0030599755201958386
0.0014270424545130217
0.013118916631400761
0.010495932826029914
0.03017521090201168
0.0004449388209121246
0.00046696240952603317
0.010301313417460727
-1.0
0.004267425320056899
0.010495932826029914
-1.0
0.000467180565288484
0.0014762871378483115
0.0
0.22046589018302828
0.009526736324523662
0.0029207740051113546
0.001422981145499822
0.007881773399014778
0.00046221400508435407
0.010495932826029914
0.004265908282971916
0.000467180565288484
0.0021660649819494585
0.002412769116555308
0.008189728715236308
0.010495932826029914
0.007881773399014778
0.010495932826029914
0.007881773399014778
0.010495932826029914
0.010495932826029914
0.007629219912263971
0.006129597197898424
0.00039077764751856197
0.010495932826029914
0.0004550625711035267
-1.0
0.005977796754910333
0.008186935016203309
0.010495932826029914
0.004253056884635832
0.010495932826029914
0.010495932826029914
0.013102282333051564
0.010495932826029914
0.002297090352220521
0.0
0.007881773399014778
0.006977758395115569
0.007881773399014778
-1.0
0.003583694191428998
-1.0
0.007881773399014778
0.0004546487838145033
0.01309674693705112
0.000467180565288484
0.007974237080202423
0.010495932826029914
0.0
0.005674378000872981
0.0
0.000467180565288484
0.0022338049143708115
0.010495932826029914
0.007881773399014778
0.006402048655569782
0.007629219912263971
0.00046696240952603317
0.0055579307396323215
0.003583694191428998
0.0015137180700094607
0.007881773399014778
0.001453752498637107
0.2236014564713671
0.010301313417460727
0.030982905982905984
0.001452696568004358
0.0
0.0033247137052087182
0.0018544274455261937
0.00046696240952603317
0.0018088634308109737
0.007881773399014778
0.010495932826029914
0.005130397605814451
0.007629219912263971
0.008189728715236308
0.0035815549917922697
0.003060912151821243
0.0026857654431512983
0.003202846975088968
0.0030599755201958386
0.010495932826029914
0.010495932826029914
0.009828009828009828
-1.0
0.003060912151821243
-1.0
0.0030599755201958386
0.007881773399014778
0.007629219912263971
0.0
0.00786056049213944
0.003583694191428998
0.0004563084645220169
0.007881773399014778
0.005553182400683468
0.053401797175866496
0.000467180565288484
0.00046696240952603317
-1.0
0.010495932826029914
0.009012875536480686
0.0030599755201958386
0.007881773399014778
0.0036771465342893914
0.007881773399014778
0.0035815549917922697
0.000924000924000924
0.003583694191428998
0.0
0.014551804423748545
0.2236014564713671
0.0030590394616090547
0.007629219912263971
0.007881773399014778
0.00039627501486031304
0.007881773399014778
0.010495932826029914
0.008186935016203309
0.0
-1.0
0.010495932826029914
0.0014590552617180376
0.007881773399014778
-1.0
0.000467180565288484
0.001799640071985603
0.00046696240952603317
0.016852749104697702
-1.0
-1.0
0.002271436683702442
0.004265908282971916
0.007881773399014778
0.010301313417460727
0.0014542810398109434
0.003583694191428998
0.003583694191428998
0.010301313417460727
-1.0
0.00529333921482135
0.002332633543270352
0.0004581901489117984
0.007881773399014778
0.010495932826029914
0.007974237080202423
0.010495932826029914
0.010495932826029914
0.0015082956259426848
0.00695198783402129
0.0022701475595913734
0.005977796754910333
0.04215328467153285
-1.0
0.008189728715236308
0.000467180565288484
0.008186935016203309
-1.0
0.007629219912263971
0.005550811272416738
0.005954912803062527
0.0026232948583420775
0.03182549615590917
0.0034825004353125546
0.005985463873450192
0.007363092498849517
0.010495932826029914
0.002236636099306643
0.007629219912263971
0.007365352155899954
0.003583694191428998
0.007881773399014778
0.0022413149047441168
0.012701100762066046
0.004265908282971916
0.0
0.010495932826029914
0.003583694191428998
0.010495932826029914
0.003583694191428998
0.003583694191428998
0.010495932826029914
0.0061622731941116055
0.015466531440162272
0.004265908282971916
0.00235464589748234
0.010495932826029914
-1.0
0.010495932826029914
0.0029065542799011773
0.008186935016203309
0.0055579307396323215
0.002627257799671593
0.000914703864623828
0.003583694191428998
0.0035815549917922697
0.010301313417460727
0.010301313417460727
0.00046221400508435407
0.010301313417460727
0.0022371364653243847
0.010495932826029914
0.0055579307396323215
0.010495932826029914
0.000467180565288484
0.010495932826029914
0.00599058622165169
0.01311336717428088
0.010495932826029914
0.0035815549917922697
0.010301313417460727
-1.0
0.22046589018302828
0.0009282896263634254
0.007881773399014778
0.003060912151821243
0.010495932826029914
0.0030599755201958386
0.010495932826029914
0.0
0.01311336717428088
-1.0
0.007881773399014778
0.000467180565288484
0.000467180565288484
0.000467180565288484
0.007881773399014778
0.004218667604148356
0.002535772504980982
0.007629219912263971
0.01311336717428088
0.008189728715236308
0.010495932826029914
0.004265908282971916
0.002592772646248582
0.009174311926605505
0.007881773399014778
-1.0
0.007881773399014778
0.003583694191428998
0.005367526464887431
0.004419889502762431
0.004265908282971916
0.0011883541295306002
0.007881773399014778
0.00046696240952603317
0.018675226145316602
-1.0
0.013118916631400761
0.010495932826029914
0.00046696240952603317
0.0029065542799011773
0.0017969451931716084
0.007881773399014778
0.00786056049213944
0.000467180565288484
0.008189728715236308
-1.0
0.010495932826029914
0.000467180565288484
0.007974237080202423
0.0
0.007881773399014778
0.010495932826029914
0.004257583821181479
0.0029798422436459245
0.0042643923240938165
0.004220151222085458
0.007881773399014778
0.00786056049213944
0.00786434013271074
-1.0
0.0014654698662758747
0.0042643923240938165
0.00598162785729545
0.003583694191428998
0.010495932826029914
0.010495932826029914
0.007629219912263971
0.005954912803062527
0.0018550007729169888
0.005279366476022877
0.007974237080202423
0.0
0.0063993174061433445
0.004265908282971916
0.0009178522257916476
0.004621400639886242
0.29678362573099415
0.0016003200640128026
0.00046221400508435407
-1.0
0.003583694191428998
0.007881773399014778
0.003583694191428998
0.007974237080202423
0.0034825004353125546
0.008186935016203309
-1.0
-1.0
0.004265908282971916
0.007881773399014778
0.0
0.010495932826029914
-1.0
0.0004596644449551827
0.005553182400683468
0.000467180565288484
0.0014590552617180376
-1.0
0.007974237080202423
0.0
0.002268002268002268
0.0030599755201958386
0.0026789131266743206
0.003583694191428998
0.0014532243415077202
0.0035815549917922697
0.0026096033402922755
0.0009178522257916476
0.00046696240952603317
0.010495932826029914
0.004265908282971916
0.010301313417460727
0.0055579307396323215
-1.0
0.0011983223487118035
-1.0
-1.0
0.000467180565288484
0.006082388719933647
0.0055579307396323215
0.004263483265828182
0.010495932826029914
0.010495932826029914
0.010301313417460727
0.005553182400683468
0.003583694191428998
0.0
0.013524936601859678
0.0009092975676290066
0.0036737692872887582
0.003583694191428998
0.0030599755201958386
0.010301313417460727
0.0009178522257916476
0.0035815549917922697
-1.0
0.0014049877063575693
0.0030599755201958386
0.00545144804088586
0.003583694191428998
0.005553182400683468
0.2236014564713671
0.007881773399014778
0.003060912151821243
0.004284949116229245
0.010495932826029914
0.0021660649819494585
0.007881773399014778
0.0035815549917922697
-1.0
0.005128205128205128
0.01311336717428088
0.010495932826029914
0.007881773399014778
0.007365352155899954
0.0021677866897897246
0.010495932826029914
0.0019047619047619048
0.0
0.004218667604148356
0.00046696240952603317
0.00039077764751856197
0.0055579307396323215
0.0004679457182966776
0.010495932826029914
-1.0
0.0
0.0055579307396323215
0.010495932826029914
0.0022701475595913734
0.001453752498637107
0.0
0.0004598758335249483
0.007363092498849517
0.010495932826029914
-1.0
0.010495932826029914
0.0
0.0026857654431512983
0.003583694191428998
0.010301313417460727
0.004265908282971916
0.007629219912263971
-1.0
0.0051325919589392645
0.000926569376882094
0.0051325919589392645
0.0
0.003060912151821243
0.002232142857142857
0.0
0.000914703864623828
0.009526736324523662
0.00046696240952603317
0.0
0.007365352155899954
0.0018001800180018
0.005239030779305829
0.004265908282971916
0.013977868375072802
0.004265908282971916
-1.0
0.010495932826029914
0.0
-1.0
0.007881773399014778
0.01311336717428088
0.0
0.007629219912263971
0.007881773399014778
0.0
0.010495932826029914
0.007363092498849517
0.000467180565288484
0.003583694191428998
0.014690451206715634
-1.0
0.010301313417460727
0.004265908282971916
0.003583694191428998
0.010495932826029914
0.007629219912263971
-1.0
0.0026857654431512983
0.004253056884635832
0.001453752498637107
0.010495932826029914
0.0004581901489117984
0.0
0.007881773399014778
-1.0
-1.0
0.0014595876664842181
0.008314855875831485
0.010495932826029914
0.010495932826029914
0.010495932826029914
0.008189728715236308
0.003060912151821243
0.003873466752743706
0.003583694191428998
0.0030599755201958386
0.0036907178446207787
0.0026239832065074785
0.007881773399014778
0.005553182400683468
0.000467180565288484
0.00046696240952603317
-1.0
0.0035815549917922697
0.0061068702290076335
0.00597524541186513
0.005220796171416141
0.00046696240952603317
0.0
0.010495932826029914
0.010495932826029914
0.010301313417460727
0.0
0.010495932826029914
0.01644528779253637
0.0
0.005553182400683468
0.03894431927904731
0.005141388174807198
-1.0
0.003583694191428998
0.007881773399014778
0.003583694191428998
0.00046029919447640965
0.004265908282971916
0.0009047726758651889
0.0028922631959508315
0.010495932826029914
0.0
0.010495932826029914
0.003583694191428998
0.007881773399014778
0.00046696240952603317
0.0004563084645220169
0.003583694191428998
0.010495932826029914
0.007881773399014778
0.002398903358464702
0.007365352155899954
0.0035815549917922697
0.004265908282971916
0.010495932826029914
0.000467180565288484
0.0019540791402051783
0.007881773399014778
0.01311336717428088
0.003583694191428998
-1.0
0.005553182400683468
0.0035815549917922697
0.007881773399014778
0.0035815549917922697
0.005141388174807198
0.002484472049689441
0.007881773399014778
-1.0
0.003583694191428998
0.0008800880088008801
0.0030590394616090547
0.007881773399014778
0.010495932826029914
0.0013939710751001916
0.0029065542799011773
0.007629219912263971
0.0035815549917922697
0.010495932826029914
0.00046696240952603317
0.0030599755201958386
0.003583694191428998
0.003583694191428998
0.010301313417460727
0.006977758395115569
0.001563314226159458
0.007629219912263971
0.0030590394616090547
0.007974237080202423
0.0042643923240938165
0.0026827632461435278
0.005777400169923535
0.010301313417460727
0.0016498247061249743
0.0054412514878422035
0.003583694191428998
0.007881773399014778
0.0
0.0018547140649149924
0.004265908282971916
0.0017853157777281857
-1.0
-1.0
0.0019047619047619048
0.004263483265828182
0.0030599755201958386
0.010495932826029914
0.00046696240952603317
0.03904636756147926
0.010495932826029914
0.007974237080202423
0.010495932826029914
0.002412769116555308
0.0035815549917922697
0.0
0.000467180565288484
0.003583694191428998
0.007676953784738216
0.002637652489284537
0.0038885288399222295
0.007881773399014778
0.00598035027765912
0.004265908282971916
0.010301313417460727
0.010495932826029914
0.006073752711496746
0.00046221400508435407
0.013118916631400761
0.010495932826029914
0.0035815549917922697
0.003583694191428998
0.0030599755201958386
0.0035901271503365746
0.01589637915808066
0.0030543677458766036
0.007629219912263971
0.0023516642547033286
0.00205620287868403
-1.0
0.0016464293064416546
0.003583694191428998
0.006472491909385114
0.010495932826029914
0.015097504717970224
0.010495932826029914
0.0
0.010495932826029914
0.010301313417460727
0.010495932826029914
0.007363092498849517
0.0014953271028037382
0.0030599755201958386
0.003060912151821243
0.010495932826029914
0.010495932826029914
0.007881773399014778
0.0019047619047619048
0.0009178522257916476
0.007881773399014778
-1.0
0.003448870494912916
0.0008843687817820031
0.010495932826029914
0.003206997084548105
0.002592772646248582
0.010495932826029914
0.0003827751196172249
0.005219660722053067
0.005553182400683468
0.00039077764751856197
0.010495932826029914
-1.0
0.007881773399014778
0.012555140821174076
0.004265908282971916
0.005367526464887431
0.009177118384827165
0.006339144215530904
0.0
0.00044238000442380006
0.003583694191428998
0.0026789131266743206
0.0035815549917922697
0.001997669385716664
0.010495932826029914
0.003583694191428998
0.002592772646248582
0.0030599755201958386
0.007881773399014778
0.007914914667326243
0.004265908282971916
0.0
-1.0
0.010495932826029914
0.003694808793644929
-1.0
0.006339144215530904
0.000467180565288484
-1.0
0.000467180565288484
0.004265908282971916
0.015648128568407697
0.001452696568004358
0.0055579307396323215
0.003694808793644929
0.013118916631400761
0.0022701475595913734
0.011667293940534437
0.005141388174807198
0.003583694191428998
0.003060912151821243
0.008186935016203309
0.000467180565288484
0.002232973576479345
-1.0
-1.0
0.0014953271028037382
0.005977796754910333
0.007629219912263971
0.014312776257629972
0.012684989429175475
0.010301313417460727
0.010495932826029914
0.010495932826029914
0.0
0.007363092498849517
0.010495932826029914
0.0036989088218975404
0.000467180565288484
0.003583694191428998
0.008186935016203309
0.005128205128205128
0.0027416038382453737
0.007881773399014778
0.0029073993312981536
0.006472491909385114
0.00124031007751938
0.010495932826029914
0.0021677866897897246
0.0017215407789972026
0.0009035464196973119
0.0007208506037123806
0.010495932826029914
0.01311336717428088
0.010495932826029914
0.000467180565288484
0.008186935016203309
0.00046221400508435407
0.007629219912263971
-1.0
0.0017398869073510222
0.005234460196292257
0.00046221400508435407
0.003060912151821243
0.010495932826029914
0.002638522427440633
0.010495932826029914
0.0055579307396323215
0.003448870494912916
0.007881773399014778
0.005200594353640416
0.010495932826029914
0.010495932826029914
0.010301313417460727
0.010301313417460727
0.0
-1.0
0.010495932826029914
0.010495932826029914
0.0008839779005524862
0.003583694191428998
0.004265908282971916
-1.0
0.010495932826029914
0.0030590394616090547
0.010495932826029914
0.0
0.007881773399014778
0.003583694191428998
0.004218667604148356
0.007365352155899954
0.003583694191428998
0.005130397605814451
0.012690355329949238
0.005982905982905983
0.0019704433497536944
0.007881773399014778
0.000914703864623828
0.0020157903578027886
0.010495932826029914
0.0
0.010495932826029914
0.0009149130832570906
0.00046696240952603317
-1.0
0.01311336717428088
0.0
-1.0
0.0
0.000467180565288484
0.0
0.007629219912263971
0.004790860512253547
0.007881773399014778
0.00046221400508435407
0.013530655391120507
0.000467180565288484
0.0
0.003583694191428998
0.003583694191428998
0.000467180565288484
0.010495932826029914
0.000467180565288484
0.010654165778819518
0.013107822410147992
0.005562687205819427
0.010301313417460727
0.0
0.005223068552774755
0.005089867981549229
0.008189728715236308
0.000467180565288484
0.007881773399014778
0.0038885288399222295
-1.0
0.010495932826029914
0.005553182400683468
