0.00527565286204168
0.015365148228488779
0.0007159477358152921
0.0
0.0025706940874036244
0.0
0.0015323322096230108
0.0009477175801611004
0.0036962883104881827
0.0
0.00527565286204168
-1.0
0.003956478733926794
0.0
0.0
0.0026149487905862134
0.00045913682277320955
0.002137513359458443
0.002137513359458443
0.003005581794761736
-1.0
0.0007296607077709183
0.002572898799313883
0.003956478733926794
0.002572898799313883
0.002137513359458443
0.0063911376224967675
0.0007274049827241669
0.003956478733926794
0.002136752136752129
0.0009343611305769883
-1.0
0.0012980691221807783
0.0007274049827241669
0.00527565286204168
0.006811409110259681
0.0
0.001795063575168232
0.002136752136752129
0.001795063575168232
0.00527565286204168
0.0025706940874036244
0.0017939901330542574
0.0015048908954100604
0.0008946544397226974
0.001795063575168232
0.001532801961986463
0.0
0.0012790449797484005
-1.0
-1.0
0.004003079291762912
0.004003079291762912
-1.0
0.0015323322096230108
0.0017939901330542574
0.004110292858366171
0.005679666792881455
0.0025706940874036244
-1.0
0.00045913682277320955
0.0
0.0
0.001795063575168232
0.00527565286204168
0.00527565286204168
0.0004637143519592435
0.00527565286204168
-1.0
0.002137513359458443
0.0
0.0010266940451745254
0.004003079291762912
0.00527565286204168
0.00369401262120983
0.0
-1.0
0.005177323323841576
0.003829216925138823
0.001795063575168232
0.003695150115473389
0.0008707009142359112
0.003829216925138823
0.00527565286204168
0.003956478733926794
0.0030004286326618113
0.0005994005994005569
0.003956478733926794
0.003956478733926794
0.003829216925138823
0.0
0.001795063575168232
0.00527565286204168
0.0010266940451745254
0.0
0.0
0.007750269106566177
0.001795063575168232
0.0
0.0
0.00527565286204168
-1.0
-1.0
0.00527565286204168
0.0
0.001532801961986463
0.0
0.0
0.0036962883104881827
0.0005995203836930418
0.0007274049827241669
0.0
0.0017939901330542574
0.00527565286204168
0.0
0.00045259108395567793
0.007207971168115335
0.0014553922282054543
0.0
0.002137513359458443
-1.0
0.004111701216378272
0.0
0.002137513359458443
0.0
0.001795063575168232
0.004110292858366171
-1.0
0.0007300602299690206
0.0007482229704451893
0.0012980691221807783
0.002572898799313883
0.0
0.0
0.0
0.0025706940874036244
0.0
0.00527565286204168
0.0013446884805020654
0.002137513359458443
0.004110292858366171
0.005177323323841576
0.005177323323841576
0.0
0.00527565286204168
0.002137513359458443
0.0012980691221807783
0.00527565286204168
0.0007300602299690206
0.0008804754567466322
0.0021478432074458764
0.0
0.002572898799313883
0.00527565286204168
0.0
0.0017319766183157004
0.005177323323841576
0.00527565286204168
0.0
0.001795063575168232
0.00527565286204168
0.001795063575168232
0.000711743772242035
0.0
0.0
0.0
0.00035868005738881603
0.00439560439560438
0.003956478733926794
0.00527565286204168
0.0006385696040868138
0.004001847006310566
0.00527565286204168
0.0
0.004110292858366171
0.004110292858366171
0.0
0.008032128514056214
0.0008707009142359112
0.0017252533965925743
0.0012757814161173942
0.0035010940919036893
-1.0
0.001795063575168232
0.001795063575168232
0.0
0.0
0.00527565286204168
0.0017939901330542574
0.0018487705675725996
-1.0
0.0010743061772605644
0.0015323322096230108
0.001532801961986463
0.002137513359458443
0.004003079291762912
0.0007668711656442229
0.004632489190858569
0.004110292858366171
0.001795063575168232
0.00527565286204168
0.0015323322096230108
0.00527565286204168
0.0013446884805020654
0.003956478733926794
0.0
0.00045913682277320955
0.005177323323841576
0.0027280477408354598
0.0
0.0
0.0
0.004001847006310566
0.002572898799313883
0.003956478733926794
0.0
0.0
0.0007274049827241669
0.002572898799313883
0.005679666792881455
0.003956478733926794
0.007654688496704254
0.0025695931477516254
-1.0
-1.0
0.00527565286204168
0.002572898799313883
0.001795063575168232
0.0026466696074106677
0.004244482173174857
0.0
-1.0
0.0
0.003956478733926794
0.004111701216378272
0.003956478733926794
0.004110292858366171
0.003695150115473389
0.0012980691221807783
0.0007335411699981309
0.00369401262120983
0.0007668711656442229
0.015365148228488779
0.00527565286204168
0.0030487804878048808
0.002136752136752129
0.0007630675314765911
0.001795063575168232
0.003956478733926794
0.0
0.0009007656508032147
0.0
0.004001847006310566
0.002572898799313883
0.0010541110330287706
0.0005945303210463937
0.00638841567291315
0.00527565286204168
0.004110292858366171
0.015365148228488779
0.0004637143519592435
0.0
0.0007300602299690206
0.004110292858366171
0.001795063575168232
0.001795063575168232
-1.0
0.0025695931477516254
0.0006523866478199691
0.002137513359458443
0.002137513359458443
0.001795063575168232
0.0014553922282054543
-1.0
0.0026679602231385324
0.0
0.0
0.004111701216378272
0.0
0.0008097165991902688
0.002132196162046962
0.001795063575168232
0.0017939901330542574
0.0
0.002592912705272288
0.004110292858366171
0.0025695931477516254
0.0030504714364947283
0.002137513359458443
0.003956478733926794
0.002136752136752129
0.004003079291762912
0.003956478733926794
-1.0
0.0
0.00527565286204168
0.0
0.003053435114503844
0.001532801961986463
0.004632489190858569
0.003956478733926794
0.003956478733926794
0.00046827440880359283
0.0
0.003829216925138823
0.0008827423863468908
0.0015323322096230108
0.0017939901330542574
0.0
0.0008707009142359112
0.0
0.00527565286204168
0.00527565286204168
0.002137513359458443
0.00527565286204168
0.004111701216378272
0.005177323323841576
-1.0
-1.0
0.00527565286204168
0.0013313806417254437
0.0
0.003481288076588318
0.004104669061056998
0.0015323322096230108
0.004110292858366171
-1.0
0.0
0.0
0.0
0.0015323322096230108
0.003829216925138823
0.0
0.002137513359458443
0.001532801961986463
0.0025706940874036244
-1.0
0.0015527950310558758
-1.0
0.0007482229704451893
0.0015295197308045072
0.003956478733926794
-1.0
0.0021478432074458764
0.0017252533965925743
0.00527565286204168
0.0017939901330542574
0.003956478733926794
0.004111701216378272
0.00527565286204168
-1.0
0.0035010940919036893
-1.0
0.0
0.0036962883104881827
0.002137513359458443
0.003956478733926794
0.0
0.0017280110592707842
-1.0
0.0031007751937984773
0.0015323322096230108
0.005177323323841576
0.0017319766183157004
0.008841732979664063
-1.0
0.00527565286204168
0.003968253968253954
0.0
0.002137513359458443
0.00527565286204168
0.0
0.002137513359458443
0.002138275124732747
0.00527565286204168
0.004311008468052324
0.0004622140050843937
0.0009932130441979714
0.004088586030664421
0.0063856960408684715
0.0006385696040868138
0.00527565286204168
0.003956478733926794
0.0
0.0017252533965925743
0.0
0.0008707009142359112
0.002113792496036604
0.012511332728921132
0.0017939901330542574
0.00527565286204168
0.001795063575168232
0.0
0.0
0.003695150115473389
0.00527565286204168
0.000861573808156213
0.000895455563017733
0.002572898799313883
0.0
0.008267879288962332
0.0
-1.0
0.000796019900497491
0.0011574074074074403
0.0034393809114359186
0.0017982916229581924
0.0
0.006177076183939589
0.001795063575168232
0.0009280742459396585
0.0
0.003956478733926794
0.0030504714364947283
0.00527565286204168
0.003956478733926794
0.0008831971737690569
0.00527565286204168
0.00527565286204168
0.0030504714364947283
0.0004584001833600748
0.0009963467286615568
0.0025706940874036244
-1.0
0.0017796760989500227
0.0010859728506786848
0.0017939901330542574
0.005177323323841576
0.0006974716652136115
0.003956478733926794
0.001122334455667784
0.0
0.003956478733926794
0.003956478733926794
0.0009752925877762886
0.0007574323044877707
0.0025695931477516254
0.003956478733926794
0.005679666792881455
0.003956478733926794
0.0
0.0036997071065207887
0.0
0.005177323323841576
0.0018362100624311761
0.0025695931477516254
0.0
0.0
0.0025706940874036244
0.0015323322096230108
0.003956478733926794
0.00527565286204168
0.0012757814161173942
0.00527565286204168
-1.0
0.00527565286204168
0.004111701216378272
0.001795063575168232
0.0063911376224967675
0.00045197740112989937
0.00527565286204168
0.0
0.0009100561201274004
0.00527565286204168
0.002748668613640315
0.004110292858366171
-1.0
0.0
0.00638841567291315
0.00527565286204168
0.0010590976488031867
0.0
0.0
0.00527565286204168
0.0
0.0015323322096230108
0.001795063575168232
0.001795063575168232
-1.0
0.001795063575168232
0.003956478733926794
0.003774879890185323
0.003956478733926794
0.006147540983606592
0.001795063575168232
0.00527565286204168
0.005271481286241442
0.00527565286204168
0.0009932130441979714
-1.0
0.0063911376224967675
-1.0
0.0025706940874036244
0.0015323322096230108
0.005679666792881455
-1.0
0.001795063575168232
0.0
0.002572898799313883
0.0009109542245502311
0.003956478733926794
0.0015295197308045072
0.0013084723585213842
0.004111701216378272
0.00527565286204168
0.0007118704395799869
0.004309681391411413
-1.0
0.002136752136752129
0.0
0.012593538966964801
0.003956478733926794
-1.0
0.0015323322096230108
0.004109026160799889
0.0012980691221807783
0.003956478733926794
0.0007229351165732867
0.0005995203836930418
0.0006462731581214909
0.005140286999357424
0.0
0.0012757814161173942
0.0063911376224967675
0.0007668711656442229
0.00527565286204168
0.0034158838599487318
0.001795063575168232
0.002138275124732747
0.013059092393078675
0.003956478733926794
0.0
0.0025706940874036244
0.0025706940874036244
-1.0
0.00045259108395567793
0.0005995203836930418
0.00527565286204168
-1.0
0.0
0.004110292858366171
0.0
0.004109026160799889
0.006183442116111326
0.0009935419771485154
0.001795063575168232
0.0021310602024506853
0.003956478733926794
0.0036962883104881827
0.002577319587628857
0.006057546693589044
0.003956478733926794
0.0027331738981892784
0.0
-1.0
0.00527565286204168
0.0017939901330542574
0.00527565286204168
0.003956478733926794
0.002572898799313883
0.001528584530724575
0.0007274049827241669
0.005177323323841576
0.0
0.0
-1.0
0.0007772020725388407
0.00527565286204168
0.002137513359458443
0.005177323323841576
0.0
0.0
0.002137513359458443
0.0
-1.0
-1.0
0.002137513359458443
0.003956478733926794
0.0008707009142359112
0.001795063575168232
0.004632489190858569
0.00527565286204168
0.0017939901330542574
0.0
0.0009170946441672267
0.00527565286204168
0.00527565286204168
0.00527565286204168
0.0025706940874036244
0.0021141649048626032
0.002572898799313883
0.0021325750844144453
0.011150465695920264
0.015365148228488779
0.0021310602024506853
0.00527565286204168
0.0013133701076963877
0.0030004286326618113
0.004109026160799889
0.00527565286204168
0.002137513359458443
0.003956478733926794
0.0025706940874036244
-1.0
0.0025706940874036244
0.0
-1.0
0.00527565286204168
0.006528189910979254
0.032763014197306206
0.0014558159848595542
0.001795063575168232
0.0025695931477516254
0.0015323322096230108
0.0
0.0
0.002616088947024253
0.001799370220422869
0.0017448961786773465
0.0016967126193001558
0.00527565286204168
0.0008924587237840731
0.0009935419771485154
0.002137513359458443
0.001795063575168232
-1.0
0.0017319766183157004
0.0036962883104881827
0.003956478733926794
0.0011146201003158218
0.0013144922773579149
0.0
0.00045913682277320955
0.00527565286204168
0.001795063575168232
0.0063911376224967675
0.003956478733926794
0.00527565286204168
-1.0
0.0015323322096230108
0.027433394882616757
-1.0
0.00527565286204168
0.003028336577979629
0.0017274140611505118
0.006314681634800867
0.002572898799313883
0.0
0.002138275124732747
0.007625503071383211
0.0006662225183211579
0.001532801961986463
0.0025751072961373023
0.0012757814161173942
0.003956478733926794
0.001532801961986463
0.0012790449797484005
0.002577319587628857
0.00046157396722823485
0.002137513359458443
0.013307679974346676
0.00527565286204168
0.0009719747286570657
0.0015323322096230108
0.003956478733926794
0.003829216925138823
-1.0
0.0006385696040868138
0.0
-1.0
0.0
0.0026183722452541858
0.004111701216378272
-1.0
0.003829216925138823
0.00638841567291315
0.007113218731475968
0.00045259108395567793
-1.0
0.00955509107196173
0.0008027829810007825
0.004110292858366171
0.00527565286204168
0.005177323323841576
0.001532801961986463
0.003829216925138823
0.0
0.003956478733926794
0.004188189306156609
-1.0
0.002572898799313883
0.005177323323841576
0.003956478733926794
0.0014553922282054543
0.002136752136752129
0.006382978723404209
0.00527565286204168
0.004111701216378272
0.0015323322096230108
0.004110292858366171
0.0
0.003956478733926794
0.0036962883104881827
0.0006805035726437092
0.0025695931477516254
0.0
0.004609711124769489
0.0007627765064835978
0.003829216925138823
0.0015323322096230108
0.0026138096275321043
0.0
0.0
0.002137513359458443
0.0015323322096230108
0.000714030703320212
0.0063911376224967675
0.00527565286204168
0.014994232987312617
0.0
0.0
0.005177323323841576
-1.0
0.002138275124732747
0.00527565286204168
-1.0
0.0
0.000738688827331524
0.0
0.0012790449797484005
0.004632489190858569
0.001462522851919612
0.0007119971520114232
0.003956478733926794
0.0
0.00527565286204168
0.002137513359458443
0.0
0.000723065798987732
0.0011150343802267537
0.004111701216378272
0.00527565286204168
0.003956478733926794
0.00527565286204168
0.003956478733926794
0.00527565286204168
0.00527565286204168
0.003829216925138823
0.0030742204655248573
0.0
0.00527565286204168
0.0
-1.0
0.0025706940874036244
0.004110292858366171
0.00527565286204168
0.0021310602024506853
0.00527565286204168
0.00527565286204168
0.006382978723404209
0.00527565286204168
0.0007668711656442229
0.0
0.003956478733926794
0.0035010940919036893
0.003956478733926794
-1.0
0.001795063575168232
-1.0
0.003956478733926794
0.0
0.0063802637175669474
0.0
0.004003079291762912
0.00527565286204168
0.0
0.0026269702276707774
0.0
0.0
0.001118151323145744
0.00527565286204168
0.003956478733926794
0.0025706940874036244
0.003829216925138823
0.0
0.002572898799313883
0.001795063575168232
0.0007574323044877707
0.003956478733926794
0.0007274049827241669
0.0
0.005177323323841576
0.015379048308304721
0.0007268762493185532
0.0
0.001480384900074072
0.0009280742459396585
0.0
0.0009052504526252392
0.003956478733926794
0.00527565286204168
0.002571795970852997
0.003829216925138823
0.004111701216378272
0.0017939901330542574
0.001532801961986463
0.0013446884805020654
0.0014260249554367554
0.0015323322096230108
0.00527565286204168
0.00527565286204168
0.004938271604938316
-1.0
0.001532801961986463
-1.0
0.0015323322096230108
0.003956478733926794
0.003829216925138823
0.0
0.003774879890185323
0.001795063575168232
0.0
0.003956478733926794
0.0025706940874036244
0.027433394882616757
0.0
0.0
-1.0
0.00527565286204168
0.00431220353600692
0.0015323322096230108
0.003956478733926794
0.0018419598452753538
0.003956478733926794
0.0017939901330542574
0.0004622140050843937
0.001795063575168232
0.0
0.007038123167155463
0.0
0.0015318627450980893
0.003829216925138823
0.003956478733926794
0.0
0.003956478733926794
0.00527565286204168
0.004110292858366171
0.0
-1.0
0.00527565286204168
0.0007300602299690206
0.003956478733926794
-1.0
0.0
0.0009006304413089472
0.0
0.008497981729339243
-1.0
-1.0
0.0011370096645821892
0.002137513359458443
0.003956478733926794
0.005177323323841576
0.0007276696379843184
0.001795063575168232
0.001795063575168232
0.005177323323841576
-1.0
0.0026536930561698036
0.0009343611305769883
0.0
0.003956478733926794
0.00527565286204168
0.004003079291762912
0.00527565286204168
0.00527565286204168
0.0007547169811320531
0.003053435114503844
0.0007578628268283261
0.0025706940874036244
0.003417505221188555
-1.0
0.004111701216378272
0.0
0.004110292858366171
-1.0
0.003829216925138823
0.0025695931477516254
0.0019218449711723151
0.0013133701076963877
0.015812431842966213
0.001744287458573135
0.002574002574002532
0.003695150115473389
0.00527565286204168
0.0008958566629339026
0.003829216925138823
0.0036962883104881827
0.001795063575168232
0.003956478733926794
0.0011219147344802005
0.0063911376224967675
0.002137513359458443
0.0
0.00527565286204168
0.001795063575168232
0.00527565286204168
0.001795063575168232
0.001795063575168232
0.00527565286204168
0.0030906593406593297
0.00779353519867132
0.002137513359458443
0.0010881392818280489
0.00527565286204168
-1.0
0.00527565286204168
0.0014553922282054543
0.004110292858366171
0.002572898799313883
0.0013153567905294095
0.0004575611988103523
0.001795063575168232
0.0017939901330542574
0.005177323323841576
0.005177323323841576
0.0
0.005177323323841576
0.0008960573476702871
0.00527565286204168
0.002572898799313883
0.00527565286204168
0.0
0.00527565286204168
0.0025762129669385514
0.00638841567291315
0.00527565286204168
0.0017939901330542574
0.005177323323841576
-1.0
0.0012790449797484005
0.00046436034362662415
0.003956478733926794
0.001532801961986463
0.00527565286204168
0.0015323322096230108
0.00527565286204168
0.0
0.00638841567291315
-1.0
0.003956478733926794
0.0
0.0
0.0
0.003956478733926794
0.002113792496036604
0.001088336658806477
0.003829216925138823
0.00638841567291315
0.004111701216378272
0.00527565286204168
0.002137513359458443
0.0012980691221807783
0.004438374871969963
0.003956478733926794
-1.0
0.003956478733926794
0.001795063575168232
0.0026909851995814416
0.0022148394241418012
0.002137513359458443
0.0005945303210463937
0.003956478733926794
0.0
0.008841732979664063
-1.0
0.0063911376224967675
0.00527565286204168
0.0
0.0014553922282054543
0.0007709109597840991
0.003956478733926794
0.003774879890185323
0.0
0.004111701216378272
-1.0
0.00527565286204168
0.0
0.004003079291762912
0.0
0.003956478733926794
0.00527565286204168
0.0021333333333333204
0.001404494382022503
0.002136752136752129
0.0021145374449339505
0.003956478733926794
0.003774879890185323
0.003947693066864044
-1.0
0.000733272227314341
0.002136752136752129
0.0025723472668810476
0.001795063575168232
0.00527565286204168
0.00527565286204168
0.003829216925138823
0.0019218449711723151
0.0009283614420547703
0.0026466696074106677
0.004003079291762912
0.0
0.0025695931477516254
0.002137513359458443
0.00045913682277320955
0.002138275124732747
0.005787515502273632
0.000800800800800805
0.0
-1.0
0.001795063575168232
0.003956478733926794
0.001795063575168232
0.004003079291762912
0.001744287458573135
0.004110292858366171
-1.0
-1.0
0.002137513359458443
0.003956478733926794
0.0
0.00527565286204168
-1.0
0.0
0.0025706940874036244
0.0
0.0007300602299690206
-1.0
0.004003079291762912
0.0
0.0011352885525071077
0.0015323322096230108
0.001149865848984244
0.001795063575168232
0.0007271405199055225
0.0017939901330542574
0.0013065064018813466
0.00045913682277320955
0.0
0.00527565286204168
0.002137513359458443
0.005177323323841576
0.002572898799313883
-1.0
0.0005995203836930418
-1.0
-1.0
0.0
0.0030504714364947283
0.002572898799313883
0.0021362956633198538
0.00527565286204168
0.00527565286204168
0.005177323323841576
0.0025706940874036244
0.001795063575168232
0.0
0.006808510638297904
0.00045485558335223164
0.0014727540500736325
0.001795063575168232
0.0015323322096230108
0.005177323323841576
0.00045913682277320955
0.0017939901330542574
-1.0
0.0007029876977152627
0.0015323322096230108
0.0027331738981892784
0.001795063575168232
0.0025706940874036244
0.0
0.003956478733926794
0.001532801961986463
0.0021470746108427363
0.00527565286204168
0.000723065798987732
0.003956478733926794
0.0017939901330542574
-1.0
0.0025706940874036244
0.00638841567291315
0.00527565286204168
0.003956478733926794
0.0036962883104881827
0.0008682439765573813
0.00527565286204168
0.0007627765064835978
0.0
0.002113792496036604
0.0
0.0
0.002572898799313883
0.0
0.00527565286204168
-1.0
0.0
0.002572898799313883
0.00527565286204168
0.0007578628268283261
0.0007274049827241669
0.0
0.0
0.003695150115473389
0.00527565286204168
-1.0
0.00527565286204168
0.0
0.0013446884805020654
0.001795063575168232
0.005177323323841576
0.002137513359458443
0.003829216925138823
-1.0
0.002572898799313883
0.0004634994206257348
0.002572898799313883
0.0
0.001532801961986463
0.0011173184357542443
0.0
0.0004575611988103523
0.004632489190858569
0.0
0.0
0.0036962883104881827
0.0009009009009008917
0.0026263952724885353
0.002137513359458443
0.007038123167155463
0.002137513359458443
-1.0
0.00527565286204168
0.0
-1.0
0.003956478733926794
0.00638841567291315
0.0
0.003829216925138823
0.003956478733926794
0.0
0.00527565286204168
0.003695150115473389
0.0
0.001795063575168232
0.007189680693592715
-1.0
0.005177323323841576
0.002137513359458443
0.001795063575168232
0.00527565286204168
0.003829216925138823
-1.0
0.0013446884805020654
0.0021310602024506853
0.0007274049827241669
0.00527565286204168
0.0
0.0
0.003956478733926794
-1.0
-1.0
0.0007303268212525138
0.004174784302811041
0.00527565286204168
0.00527565286204168
0.00527565286204168
0.004111701216378272
0.001532801961986463
0.0017252533965925743
0.001795063575168232
0.0015323322096230108
0.0018487705675725996
0.0013137151865475483
0.003956478733926794
0.0025706940874036244
0.0
0.0
-1.0
0.0017939901330542574
0.003062787136294043
0.0025695931477516254
0.002617230098146184
0.0
0.0
0.00527565286204168
0.00527565286204168
0.005177323323841576
0.0
0.00527565286204168
0.008079948968743311
0.0
0.0025706940874036244
0.010766937220473727
0.002577319587628857
-1.0
0.001795063575168232
0.003956478733926794
0.001795063575168232
0.0
0.002137513359458443
0.00045259108395567793
0.0014482259232440065
0.00527565286204168
0.0
0.00527565286204168
0.001795063575168232
0.003956478733926794
0.0
0.0
0.001795063575168232
0.00527565286204168
0.003956478733926794
0.0010295126973233204
0.0036962883104881827
0.0017939901330542574
0.002137513359458443
0.00527565286204168
0.0
0.0009779951100244988
0.003956478733926794
0.00638841567291315
0.001795063575168232
-1.0
0.0025706940874036244
0.0017939901330542574
0.003956478733926794
0.0017939901330542574
0.002577319587628857
0.0009952724558347503
0.003956478733926794
-1.0
0.001795063575168232
0.0004402377283733161
0.0015318627450980893
0.003956478733926794
0.00527565286204168
0.0006974716652136115
0.0014553922282054543
0.003829216925138823
0.0017939901330542574
0.00527565286204168
0.0
0.0015323322096230108
0.001795063575168232
0.001795063575168232
0.005177323323841576
0.0035010940919036893
0.0005216484089723972
0.003829216925138823
0.0015318627450980893
0.004003079291762912
0.002136752136752129
0.0011195700850873402
0.0027271177773989796
0.005177323323841576
0.0008255933952527883
0.0027280477408354598
0.001795063575168232
0.003956478733926794
0.0
0.0009282178217822068
0.002137513359458443
0.0008934554389099514
-1.0
-1.0
0.0007627765064835978
0.0021362956633198538
0.0015323322096230108
0.00527565286204168
0.0
0.019911928010721835
0.00527565286204168
0.004003079291762912
0.00527565286204168
0.0011150343802267537
0.0017939901330542574
0.0
0.0
0.001795063575168232
0.0036997071065207887
0.001320567844173004
0.0017319766183157004
0.003956478733926794
0.002571795970852997
0.002137513359458443
0.005177323323841576
0.00527565286204168
0.003046127067014792
0.0
0.0063911376224967675
0.00527565286204168
0.0017939901330542574
0.001795063575168232
0.0015323322096230108
0.0017982916229581924
0.007717423567824233
0.0015295197308045072
0.003829216925138823
0.0010867596449918304
0.0006863417982154729
-1.0
0.0008238928939238166
0.001795063575168232
0.0029977516862352838
0.00527565286204168
0.007186641302050267
0.00527565286204168
0.0
0.00527565286204168
0.005177323323841576
0.00527565286204168
0.003695150115473389
0.0007482229704451893
0.0015323322096230108
0.001532801961986463
0.00527565286204168
0.00527565286204168
0.003956478733926794
0.0007627765064835978
0.00045913682277320955
0.003956478733926794
-1.0
0.0017274140611505118
0.0
0.00527565286204168
0.0014602803738317238
0.0012980691221807783
0.00527565286204168
0.0
0.002616659398168353
0.0025706940874036244
0.0
0.00527565286204168
-1.0
0.003956478733926794
0.006147540983606592
0.002137513359458443
0.0026909851995814416
0.004609711124769489
0.0031796502384737746
0.0
0.0
0.001795063575168232
0.001149865848984244
0.0017939901330542574
0.000999833361106428
0.00527565286204168
0.001795063575168232
0.0012980691221807783
0.0015323322096230108
0.003956478733926794
0.0037257824143069884
0.002137513359458443
0.0
-1.0
0.00527565286204168
0.001850823616509345
-1.0
0.0031796502384737746
0.0
-1.0
0.0
0.002137513359458443
0.007674269878490736
0.0007268762493185532
0.002572898799313883
0.001850823616509345
0.0063911376224967675
0.001136363636363602
0.005679666792881455
0.002577319587628857
0.001795063575168232
0.001532801961986463
0.004110292858366171
0.0
0.0011177347242921076
-1.0
-1.0
0.0007482229704451893
0.0025706940874036244
0.003829216925138823
0.007207971168115335
0.006382978723404209
0.005177323323841576
0.00527565286204168
0.00527565286204168
0.0
0.003695150115473389
0.00527565286204168
0.0018528812303131303
0.0
0.001795063575168232
0.004110292858366171
0.0025706940874036244
0.0013726835964310569
0.003956478733926794
0.0014558159848595542
0.0029977516862352838
0.000620539869686576
0.00527565286204168
0.0008682439765573813
0.0006462731581214909
0.00045197740112989937
0.0003605552550928204
0.00527565286204168
0.00638841567291315
0.00527565286204168
0.0
0.004110292858366171
0.0
0.003829216925138823
-1.0
0.0008707009142359112
0.0026240979663241237
0.0
0.001532801961986463
0.00527565286204168
0.0013210039630119352
0.00527565286204168
0.002572898799313883
0.0017274140611505118
0.003956478733926794
0.0026070763500931626
0.00527565286204168
0.00527565286204168
0.005177323323841576
0.005177323323841576
0.0
-1.0
0.00527565286204168
0.00527565286204168
0.0
0.001795063575168232
0.002137513359458443
-1.0
0.00527565286204168
0.0015318627450980893
0.00527565286204168
0.0
0.003956478733926794
0.001795063575168232
0.002113792496036604
0.0036962883104881827
0.001795063575168232
0.002571795970852997
0.0063856960408684715
0.002572898799313883
0.0009861932938856066
0.003956478733926794
0.0004575611988103523
0.0010089120564991116
0.00527565286204168
0.0
0.00527565286204168
0.0
0.0
-1.0
0.00638841567291315
0.0
-1.0
0.0
0.0
0.0
0.003829216925138823
0.0022168852761869084
0.003956478733926794
0.0
0.006811409110259681
0.0
0.0
0.001795063575168232
0.001795063575168232
0.0
0.00527565286204168
0.0
0.005142489822155594
0.0063856960408684715
0.0025751072961373023
0.005177323323841576
0.0
0.0026183722452541858
0.00255142720459256
0.004111701216378272
0.0
0.003956478733926794
0.0017319766183157004
-1.0
0.00527565286204168
0.0025706940874036244
