0.010495932826029914
0.030955346023839175
0.005687877710629221
0.0
0.005977796754910333
0.006082388719933647
0.007881773399014778
0.010301313417460727
0.000467180565288484
0.013102282333051564
0.007365352155899954
0.0022701475595913734
0.013107822410147992
0.007881773399014778
0.007629219912263971
0.0
0.01311336717428088
0.014358108108108109
-1.0
0.004265908282971916
0.013102282333051564
-1.0
0.007629219912263971
0.004265908282971916
0.014358108108108109
0.007881773399014778
0.0020512820512820513
0.0055579307396323215
-1.0
0.013118916631400761
0.00538992757284824
0.010495932826029914
0.010495932826029914
0.002332633543270352
-1.0
0.002592772646248582
0.0042643923240938165
0.010495932826029914
0.006374963778614894
0.013102282333051564
0.006662804171494786
0.005977796754910333
0.010301313417460727
0.008528784648187633
0.006662804171494786
0.0
0.007571846498020994
0.007365352155899954
-1.0
0.003575259206292456
0.007974237080202423
0.007363092498849517
0.005770536320434488
0.010301313417460727
0.006662804171494786
0.006103763987792472
0.007964727634760346
0.008161877231763306
0.007629219912263971
0.005553182400683468
-1.0
0.013524936601859678
0.010495932826029914
0.007881773399014778
-1.0
0.007629219912263971
0.010495932826029914
-1.0
0.004265908282971916
0.000467180565288484
0.0020512820512820513
0.007974237080202423
0.010495932826029914
0.0
0.010301313417460727
0.007629219912263971
0.00046696240952603317
0.006662804171494786
0.004265908282971916
0.007881773399014778
0.007629219912263971
0.007881773399014778
0.0031859816806053365
0.008600917431192661
0.0011980830670926517
0.007881773399014778
0.007629219912263971
0.0
0.006662804171494786
0.0020512820512820513
0.00598035027765912
0.00046696240952603317
0.014036580178647383
0.006374963778614894
0.0
0.010495932826029914
-1.0
0.0
-1.0
0.010495932826029914
0.0008839779005524862
0.005432937181663837
0.005550811272416738
0.007365352155899954
-1.0
0.001453752498637107
0.006374963778614894
0.010495932826029914
0.3387232255354893
0.008246836342954643
0.0004581901489117984
0.007974237080202423
0.00046221400508435407
-1.0
0.006808510638297872
0.0004563084645220169
0.0018241042345276872
0.004265908282971916
0.0
0.0
0.006374963778614894
0.008161877231763306
-1.0
0.012701100762066046
0.003694808793644929
0.0055579307396323215
0.010495932826029914
0.0055579307396323215
0.00046696240952603317
0.001430615164520744
0.000467180565288484
0.007881773399014778
0.030944335763827137
0.0
0.010495932826029914
0.008161877231763306
0.010301313417460727
0.010301313417460727
0.013118916631400761
0.004267425320056899
0.013102282333051564
0.013107822410147992
0.0
0.005982905982905983
0.000467180565288484
-1.0
0.010495932826029914
0.002398903358464702
0.0
0.010495932826029914
0.00044218439089100157
0.005405405405405406
0.007881773399014778
0.010495932826029914
0.00044023772837332157
0.013524936601859678
0.006662804171494786
0.010495932826029914
0.004265908282971916
0.00044238000442380006
0.0004598758335249483
0.0051325919589392645
0.0063427994810436785
0.006084070796460177
0.0054366292898402994
0.007881773399014778
0.014358108108108109
0.004265908282971916
0.01311336717428088
0.007974237080202423
0.004265908282971916
0.007971792120190096
0.00046696240952603317
0.010495932826029914
0.004267425320056899
0.008161877231763306
0.008161877231763306
0.010495932826029914
0.000467180565288484
0.00046696240952603317
0.010301313417460727
0.007881773399014778
0.0017398869073510222
0.0071733561058923995
0.00425607377194538
0.006823609689525759
-1.0
0.006662804171494786
0.006662804171494786
0.000467180565288484
-1.0
0.00046696240952603317
0.010495932826029914
0.007365352155899954
0.006374963778614894
0.0036907178446207787
0.007629219912263971
0.013947590870667794
0.005766621438263229
0.004265908282971916
0.010495932826029914
0.007974237080202423
0.010301313417460727
0.00046696240952603317
0.006374963778614894
0.010495932826029914
0.005768578215134035
0.010495932826029914
0.0026857654431512983
0.007881773399014778
0.014358108108108109
0.010301313417460727
0.0042643923240938165
0.01311336717428088
0.00046696240952603317
0.0
0.000467180565288484
0.010495932826029914
0.008161877231763306
0.005982905982905983
0.007881773399014778
0.010495932826029914
0.030944335763827137
0.007629219912263971
0.007881773399014778
-1.0
-1.0
0.010495932826029914
0.013107822410147992
0.007571846498020994
0.010301313417460727
0.006662804171494786
0.0
-1.0
0.0004598758335249483
0.007881773399014778
0.006808510638297872
0.007881773399014778
0.008161877231763306
0.007881773399014778
0.007363092498849517
0.002592772646248582
0.01311336717428088
0.0
0.007360834227879159
0.002297090352220521
0.004688908926961226
0.006389776357827476
0.007363092498849517
0.030955346023839175
0.010495932826029914
0.006510416666666667
0.0042643923240938165
0.00044238000442380006
0.006374963778614894
0.004265908282971916
0.010301313417460727
0.0009354536950420954
0.001799910004499775
0.006808510638297872
0.007971792120190096
0.002456140350877193
0.006662804171494786
0.0011883541295306002
-1.0
0.008161877231763306
0.0009269988412514484
0.00543940166581676
0.0
0.006662804171494786
-1.0
0.00597524541186513
0.0013039226339237205
0.01311336717428088
0.004265908282971916
0.00666087460179554
0.007629219912263971
0.004265908282971916
-1.0
0.004257583821181479
0.013107822410147992
0.005954912803062527
0.000467180565288484
0.008184422316191516
0.005553182400683468
0.006808510638297872
0.0020512820512820513
0.00425531914893617
0.006662804171494786
0.01311336717428088
0.0055579307396323215
0.008161877231763306
0.005432937181663837
0.006082388719933647
-1.0
0.004265908282971916
0.000467180565288484
0.007881773399014778
0.007974237080202423
0.007629219912263971
0.007881773399014778
-1.0
0.0
0.0042643923240938165
0.01311336717428088
0.005432937181663837
-1.0
0.000467180565288484
0.007629219912263971
0.0
0.007881773399014778
0.007881773399014778
0.0004598758335249483
0.01311336717428088
0.005977796754910333
0.0017639276789651625
0.009561060408518035
0.006103763987792472
0.006662804171494786
0.00046696240952603317
0.0017398869073510222
0.00044238000442380006
0.010495932826029914
0.010495932826029914
0.010495932826029914
-1.0
0.004653191798749455
0.007881773399014778
0.00046221400508435407
0.007477906186267845
0.005431093007467753
0.008161877231763306
0.00046696240952603317
0.0008843687817820031
0.00046221400508435407
0.005553182400683468
0.006103763987792472
0.007629219912263971
0.000467180565288484
0.004265908282971916
0.000467180565288484
0.005432937181663837
0.014358108108108109
0.00046696240952603317
0.006904487917146145
-1.0
0.0
0.0014953271028037382
0.005405405405405406
0.007881773399014778
0.0017398869073510222
-1.0
0.013107822410147992
-1.0
0.003873466752743706
0.010495932826029914
0.006662804171494786
0.007881773399014778
0.001452696568004358
0.006808510638297872
0.0
0.010495932826029914
0.010495932826029914
0.004265908282971916
0.005553182400683468
0.0
0.0063168977013511145
-1.0
0.00046696240952603317
0.004265908282971916
0.007881773399014778
0.00046696240952603317
0.000467180565288484
0.003450060376056581
0.006374963778614894
0.010495932826029914
-1.0
0.010266491917868065
0.005977796754910333
0.0038885288399222295
0.010301313417460727
-1.0
0.010495932826029914
0.007905138339920948
0.0
0.006103763987792472
0.0
0.004621400639886242
0.010495932826029914
0.000924000924000924
0.008688097306689836
0.010301313417460727
0.013107822410147992
0.010495932826029914
0.010266491917868065
0.003873466752743706
0.0063168977013511145
0.016964446850748962
0.006374963778614894
0.0008843687817820031
0.00046221400508435407
0.007363092498849517
0.010495932826029914
0.007365352155899954
0.005553182400683468
0.0055579307396323215
0.007881773399014778
0.00046696240952603317
0.296687188507769
0.00046696240952603317
0.0042643923240938165
0.006374963778614894
0.002940095553105476
0.0
0.007881773399014778
0.006855184233076264
0.000467180565288484
0.0063168977013511145
0.013287904599659284
0.010495932826029914
0.0017398869073510222
0.00683526999316473
0.00046696240952603317
0.007881773399014778
0.007881773399014778
0.006082388719933647
0.0
0.010495932826029914
-1.0
0.010495932826029914
0.007881773399014778
0.010495932826029914
0.006662804171494786
0.007363092498849517
0.006082388719933647
0.0009163802978235968
0.0
0.0031181217901687453
0.00046696240952603317
0.005553182400683468
-1.0
0.003553028957186001
0.01394169835234474
0.010301313417460727
0.004253056884635832
0.007881773399014778
0.002242152466367713
0.0021660649819494585
0.007881773399014778
0.006374963778614894
0.01311336717428088
0.007881773399014778
0.005120056497175141
0.005550811272416738
0.007881773399014778
0.00046696240952603317
0.00046221400508435407
0.007629219912263971
0.000467180565288484
0.004030780505679736
0.003694808793644929
0.00046696240952603317
0.007365352155899954
0.007629219912263971
0.0004628558204119417
0.010495932826029914
0.3387232255354893
0.004024650987297196
0.010495932826029914
-1.0
0.010495932826029914
0.005977796754910333
0.006662804171494786
0.0009035464196973119
0.007881773399014778
0.0042643923240938165
0.00046696240952603317
0.010495932826029914
0.009552757273122015
0.00680619363620895
-1.0
0.01311336717428088
0.010495932826029914
0.0042643923240938165
0.005242463958060288
0.0
0.010495932826029914
0.000467180565288484
0.006662804171494786
0.005432937181663837
0.006374963778614894
0.010495932826029914
0.007881773399014778
0.007881773399014778
0.010301313417460727
0.006662804171494786
0.010495932826029914
0.007881773399014778
0.010495932826029914
0.010495932826029914
0.005234460196292257
0.010495932826029914
0.013118916631400761
0.010301313417460727
0.0054366292898402994
0.007629219912263971
0.005432937181663837
0.007881773399014778
-1.0
0.001452960406828914
0.007881773399014778
0.0055579307396323215
0.01311336717428088
0.00046696240952603317
0.0004806536890170632
0.0051325919589392645
0.0022742779167614284
0.007881773399014778
0.007629219912263971
0.0031859816806053365
0.006808510638297872
0.01311336717428088
0.008582375478927203
-1.0
-1.0
0.007881773399014778
0.0
-1.0
0.005434782608695652
0.002592772646248582
0.000467180565288484
0.007881773399014778
-1.0
0.0014448257178977786
0.0015841584158415843
0.010301313417460727
0.0
0.3387232255354893
0.0017398869073510222
0.003306999816277788
0.012701100762066046
0.010495932826029914
0.010495932826029914
0.006374963778614894
0.004621400639886242
0.0023038156947444203
0.000467180565288484
0.005553182400683468
0.005553182400683468
-1.0
0.0009047726758651889
0.0011983223487118035
0.007881773399014778
0.010495932826029914
0.013118916631400761
-1.0
0.000467180565288484
0.00044023772837332157
0.006662804171494786
0.010495932826029914
0.004253056884635832
0.007881773399014778
0.007365352155899954
0.01311336717428088
0.0099601593625498
0.0004596644449551827
0.007881773399014778
0.010301313417460727
0.000467180565288484
0.006808510638297872
0.0051325919589392645
0.0069504778453518675
0.010495932826029914
0.0055579307396323215
0.010301313417460727
0.010301313417460727
0.0
0.0
-1.0
0.010495932826029914
0.014370245139475908
0.002398903358464702
0.000467180565288484
0.004265908282971916
0.010301313417460727
0.00046696240952603317
-1.0
-1.0
0.004265908282971916
0.0042643923240938165
0.010301313417460727
0.007629219912263971
0.010495932826029914
0.006374963778614894
0.0051325919589392645
0.0
0.016964446850748962
0.010495932826029914
0.005128205128205128
0.013107822410147992
0.006662804171494786
0.0055579307396323215
-1.0
0.00425607377194538
0.022562240663900415
0.030955346023839175
0.004253056884635832
0.007365352155899954
0.010495932826029914
0.007964727634760346
0.008184422316191516
0.007881773399014778
0.005977796754910333
0.0
-1.0
0.005977796754910333
0.0004628558204119417
0.008161877231763306
0.007881773399014778
-1.0
0.007881773399014778
0.007629219912263971
0.007881773399014778
0.2617393720477911
0.007964727634760346
0.006662804171494786
0.005431093007467753
-1.0
0.0
0.000467180565288484
0.01311336717428088
0.03182549615590917
0.0
0.003483713638738896
0.010495932826029914
0.0015610771432288278
0.004265908282971916
0.004265908282971916
0.007629219912263971
0.007669888019634913
0.005128205128205128
0.007881773399014778
0.007363092498849517
0.007881773399014778
0.014358108108108109
0.010495932826029914
0.006662804171494786
-1.0
0.013118916631400761
0.010495932826029914
-1.0
-1.0
0.010495932826029914
0.0
0.01311336717428088
0.003448870494912916
0.012894232444676773
0.006374963778614894
0.00044004400440044003
0.000467180565288484
0.004267425320056899
0.010301313417460727
0.006374963778614894
-1.0
0.005768578215134035
0.007974237080202423
0.3387232255354893
0.007881773399014778
0.007571846498020994
0.01311336717428088
0.004265908282971916
0.0012420431609998447
0.007574453434326046
0.0004581901489117984
0.005477576172543649
0.005770536320434488
0.010301313417460727
0.002592772646248582
0.000914703864623828
0.010495932826029914
-1.0
0.007881773399014778
0.01311336717428088
0.0
0.007881773399014778
-1.0
0.007629219912263971
0.010495932826029914
0.0051325919589392645
0.010301313417460727
0.0009047726758651889
0.009561060408518035
0.008161877231763306
0.00046221400508435407
-1.0
0.005405405405405406
0.005766621438263229
-1.0
0.005766621438263229
0.005405405405405406
0.0
0.007881773399014778
0.00834144306965105
-1.0
0.012690355329949238
0.0055579307396323215
0.010301313417460727
0.007881773399014778
0.008246836342954643
0.0042643923240938165
0.012684989429175475
0.006808510638297872
0.008161877231763306
0.0008843687817820031
0.007881773399014778
0.007365352155899954
0.0013600816048962938
0.005550811272416738
0.00046696240952603317
0.0019047619047619048
0.007629219912263971
0.006103763987792472
0.010495932826029914
0.010495932826029914
0.0038885288399222295
0.000467180565288484
0.004265908282971916
0.005434782608695652
0.013118916631400761
0.005770536320434488
0.010495932826029914
0.03017521090201168
0.008161877231763306
0.0004449388209121246
0.00046696240952603317
0.010301313417460727
-1.0
0.004267425320056899
0.010495932826029914
0.000467180565288484
0.004267425320056899
0.0
0.007571846498020994
0.007629219912263971
0.0029207740051113546
0.004267425320056899
0.010495932826029914
0.007881773399014778
0.004265908282971916
0.000467180565288484
0.0021660649819494585
0.002412769116555308
0.006808510638297872
0.0004598758335249483
0.010495932826029914
0.007881773399014778
0.010495932826029914
0.007881773399014778
0.010495932826029914
0.010301313417460727
0.0004550625711035267
0.009375665885361177
-1.0
0.007881773399014778
0.010495932826029914
0.013102282333051564
0.010301313417460727
0.0008843687817820031
0.005321722302854378
0.006662804171494786
0.007881773399014778
0.006662804171494786
0.005128205128205128
-1.0
0.0004546487838145033
0.01309674693705112
0.010495932826029914
0.000467180565288484
0.010301313417460727
0.00044238000442380006
0.010495932826029914
0.00044553352639786146
0.0038885288399222295
0.005674378000872981
0.010495932826029914
0.000467180565288484
0.000467180565288484
0.010495932826029914
0.007881773399014778
0.006402048655569782
0.007629219912263971
-1.0
0.007881773399014778
0.0042643923240938165
0.00044238000442380006
0.003450060376056581
0.007881773399014778
0.010301313417460727
0.004265908282971916
0.0
0.012695725772323318
0.007629219912263971
0.005768578215134035
0.00046696240952603317
0.0016375545851528383
0.007881773399014778
-1.0
0.010495932826029914
0.007629219912263971
0.006808510638297872
0.006662804171494786
0.006662804171494786
0.005766621438263229
0.0026857654431512983
0.003202846975088968
0.0021660649819494585
0.010495932826029914
0.003450060376056581
0.005434782608695652
-1.0
0.010495932826029914
0.007629219912263971
-1.0
0.005768578215134035
-1.0
0.005434782608695652
0.007881773399014778
0.007881773399014778
0.005553182400683468
0.000467180565288484
0.00046696240952603317
0.010495932826029914
0.005434782608695652
0.007881773399014778
0.0036771465342893914
0.006374963778614894
0.000924000924000924
0.0
0.004253056884635832
0.006374963778614894
0.010301313417460727
0.3387232255354893
0.00046696240952603317
0.000467180565288484
0.000467180565288484
0.007881773399014778
0.00039077764751856197
0.002353793228317943
0.004688908926961226
0.007881773399014778
0.010495932826029914
0.008246836342954643
0.008161877231763306
0.000467180565288484
-1.0
0.010495932826029914
0.004265908282971916
-1.0
0.010301313417460727
0.000467180565288484
0.010301313417460727
0.006396588486140725
0.00046696240952603317
0.010301313417460727
0.006374963778614894
-1.0
0.002271436683702442
0.004265908282971916
0.007881773399014778
0.012684989429175475
0.004265908282971916
0.010495932826029914
0.006374963778614894
0.007365352155899954
-1.0
0.013107822410147992
0.007881773399014778
0.013524936601859678
0.007881773399014778
0.007881773399014778
0.010495932826029914
0.007974237080202423
0.010495932826029914
0.010495932826029914
0.0015082956259426848
0.01311336717428088
0.0022701475595913734
0.010495932826029914
0.006662804171494786
0.005977796754910333
0.0016047071409467772
0.004292613128241817
-1.0
-1.0
0.03182549615590917
0.0034825004353125546
0.010495932826029914
0.013524936601859678
0.007363092498849517
0.010495932826029914
0.007629219912263971
0.006662804171494786
0.0022413149047441168
0.0009088843444671666
0.012690355329949238
0.010495932826029914
0.0
0.010495932826029914
0.006374963778614894
0.010495932826029914
0.006374963778614894
0.006662804171494786
0.010495932826029914
0.0061622731941116055
0.006808510638297872
0.015466531440162272
0.00235464589748234
0.010495932826029914
0.010495932826029914
0.008246836342954643
0.008161877231763306
0.0055579307396323215
0.007669888019634913
0.006662804171494786
0.006662804171494786
0.010301313417460727
0.004265908282971916
0.00046221400508435407
0.006374963778614894
0.0022371364653243847
0.010495932826029914
0.00044023772837332157
0.0055579307396323215
0.010495932826029914
0.007629219912263971
0.00611353711790393
0.01311336717428088
0.010495932826029914
0.006374963778614894
0.010301313417460727
-1.0
0.007571846498020994
0.007881773399014778
0.005768578215134035
0.005434782608695652
0.010495932826029914
0.0
-1.0
-1.0
0.000467180565288484
0.000467180565288484
0.000467180565288484
0.007881773399014778
0.012684989429175475
0.013118916631400761
0.007881773399014778
0.0017398869073510222
0.01311336717428088
0.010495932826029914
0.004265908282971916
0.005405405405405406
0.002592772646248582
0.012684989429175475
0.007819139894611592
0.007881773399014778
-1.0
0.0
0.007881773399014778
0.006662804171494786
0.003873466752743706
0.004265908282971916
0.010238907849829351
0.005239030779305829
0.012701100762066046
0.004265908282971916
0.0011883541295306002
0.007881773399014778
0.00046696240952603317
0.00046696240952603317
0.010301313417460727
-1.0
0.010495932826029914
0.007881773399014778
0.008246836342954643
0.0017969451931716084
0.0028434334458859074
0.007881773399014778
-1.0
0.000467180565288484
0.005768578215134035
0.006808510638297872
0.007881773399014778
0.006662804171494786
-1.0
0.006374963778614894
0.010495932826029914
0.006374963778614894
0.004265908282971916
0.010495932826029914
0.007974237080202423
0.000467180565288484
0.007881773399014778
0.010495932826029914
0.004257583821181479
0.013107822410147992
0.0042643923240938165
0.00631911532385466
0.006662804171494786
0.007881773399014778
0.010495932826029914
0.010495932826029914
0.013107822410147992
0.0042643923240938165
0.0042643923240938165
0.00598162785729545
0.007629219912263971
0.006662804171494786
0.010495932826029914
0.010495932826029914
0.010495932826029914
0.007629219912263971
0.0
0.005954912803062527
0.00683526999316473
0.013107822410147992
0.007974237080202423
0.0063993174061433445
0.29678362573099415
-1.0
0.004267425320056899
0.00046221400508435407
-1.0
0.006374963778614894
0.006662804171494786
0.014358108108108109
0.007881773399014778
0.008161877231763306
0.005434782608695652
0.000467180565288484
0.004265908282971916
0.0055579307396323215
0.006374963778614894
0.010495932826029914
0.004265908282971916
0.005553182400683468
0.006124532153793808
0.010301313417460727
0.010495932826029914
-1.0
0.005128205128205128
0.0004596644449551827
0.010301313417460727
0.000467180565288484
0.004265908282971916
0.0
-1.0
0.0004546487838145033
0.007974237080202423
0.010495932826029914
0.0
0.012695725772323318
0.006374963778614894
0.002297090352220521
0.00045095828635851183
0.0017398869073510222
0.014358108108108109
0.0015610771432288278
0.00046221400508435407
0.004265908282971916
-1.0
0.0021660649819494585
0.010301313417460727
0.010301313417460727
-1.0
-1.0
0.0011983223487118035
-1.0
0.000467180565288484
0.0026857654431512983
0.006082388719933647
0.004688908926961226
0.0055579307396323215
0.010495932826029914
0.010495932826029914
0.007629219912263971
-1.0
-1.0
0.0
0.013524936601859678
0.0009092975676290066
0.0036737692872887582
0.010301313417460727
0.010301313417460727
0.014358108108108109
-1.0
0.0042643923240938165
0.005438477226376614
0.007881773399014778
0.005768578215134035
-1.0
0.0026857654431512983
0.004284949116229245
0.003553028957186001
0.007881773399014778
0.010495932826029914
0.010495932826029914
0.007881773399014778
0.004790860512253547
0.006374963778614894
0.005128205128205128
0.000467180565288484
0.010495932826029914
-1.0
-1.0
0.0
-1.0
0.00046696240952603317
0.007881773399014778
0.00039077764751856197
0.007881773399014778
-1.0
0.004253056884635832
-1.0
0.0042643923240938165
0.0063168977013511145
0.0004598758335249483
0.010495932826029914
0.007363092498849517
0.010495932826029914
0.010495932826029914
0.030955346023839175
0.016964446850748962
0.004265908282971916
0.0026857654431512983
0.006374963778614894
0.010301313417460727
0.007629219912263971
0.0051325919589392645
0.000926569376882094
0.0051325919589392645
0.010495932826029914
0.005768578215134035
0.01233517652062952
0.002232142857142857
0.007881773399014778
0.007629219912263971
0.010301313417460727
0.00046696240952603317
0.0
0.007365352155899954
0.003873466752743706
0.005239030779305829
0.010301313417460727
0.004265908282971916
0.007365352155899954
0.010495932826029914
0.0
0.007881773399014778
0.007629219912263971
0.012695725772323318
0.007881773399014778
0.006662804171494786
0.010495932826029914
0.007363092498849517
0.000467180565288484
0.006662804171494786
-1.0
0.004265908282971916
0.006662804171494786
0.007629219912263971
-1.0
0.030955346023839175
0.0026857654431512983
0.004253056884635832
0.0042643923240938165
0.010495932826029914
0.0
0.0
0.007881773399014778
0.0034729759062296505
0.008314855875831485
0.0
0.0
0.010495932826029914
0.006808510638297872
0.003873466752743706
0.007571846498020994
0.006662804171494786
0.006374963778614894
0.006103763987792472
0.0
-1.0
0.008249182193144645
0.007881773399014778
0.00046696240952603317
0.013107822410147992
0.01311336717428088
0.29864514269241854
0.006662804171494786
0.010495932826029914
0.00046696240952603317
0.006103763987792472
0.0
0.010495932826029914
0.00046696240952603317
0.0
0.010301313417460727
0.010495932826029914
0.006103763987792472
0.010301313417460727
0.00044238000442380006
0.010495932826029914
0.006389776357827476
0.01311336717428088
-1.0
0.0057715158716686475
0.010495932826029914
0.007881773399014778
0.0008839779005524862
0.006805035726437564
0.007629219912263971
0.007881773399014778
0.012695725772323318
0.010495932826029914
0.000467180565288484
0.0
0.006662804171494786
0.007881773399014778
0.0004563084645220169
0.002051983584131327
0.006662804171494786
0.010495932826029914
0.007881773399014778
0.004257583821181479
0.007365352155899954
0.010301313417460727
0.00046221400508435407
0.0018328445747800588
0.005635787249031349
0.007881773399014778
0.005120056497175141
0.01311336717428088
0.005553182400683468
0.006374963778614894
0.007881773399014778
0.007881773399014778
-1.0
-1.0
0.0008800880088008801
0.006103763987792472
0.006374963778614894
0.010495932826029914
0.004251550044286979
0.008246836342954643
-1.0
0.007629219912263971
0.007881773399014778
0.00046696240952603317
0.006103763987792472
0.01311336717428088
0.003483713638738896
0.006374963778614894
0.008246836342954643
0.010301313417460727
0.0012086417887898473
0.006823609689525759
0.013530655391120507
0.005234460196292257
0.005770536320434488
0.007974237080202423
0.010495932826029914
0.007881773399014778
0.000467180565288484
0.013513513513513514
0.005777400169923535
0.010301313417460727
0.007881773399014778
0.006662804171494786
0.007881773399014778
0.0008839779005524862
0.0012086417887898473
0.0017853157777281857
-1.0
0.0019047619047619048
0.006374963778614894
0.006129597197898424
0.3387232255354893
0.006103763987792472
0.010495932826029914
0.010495932826029914
0.010495932826029914
0.010495932826029914
0.006367583212735167
0.010495932826029914
0.010495932826029914
0.007881773399014778
0.0
0.002412769116555308
0.006662804171494786
0.000467180565288484
0.007363092498849517
0.005234460196292257
0.010495932826029914
0.007629219912263971
0.00598035027765912
0.010495932826029914
0.004265908282971916
0.010301313417460727
0.010495932826029914
0.005432937181663837
0.005553182400683468
0.007881773399014778
0.00046221400508435407
0.013118916631400761
0.006374963778614894
0.0398635685354935
0.005770536320434488
0.006966618287373005
-1.0
0.005405405405405406
0.007629219912263971
0.010301313417460727
0.000467180565288484
-1.0
0.0014732965009208103
0.010495932826029914
0.010495932826029914
0.013513513513513514
0.010301313417460727
0.005766621438263229
0.006155950752393981
0.0
0.010495932826029914
0.007363092498849517
0.01311336717428088
0.006103763987792472
0.005768578215134035
0.010495932826029914
0.0003827751196172249
0.007881773399014778
0.007881773399014778
-1.0
0.003448870494912916
0.0008843687817820031
0.010495932826029914
0.002592772646248582
0.010495932826029914
0.006808510638297872
0.005128205128205128
-1.0
0.010495932826029914
0.00046696240952603317
0.010301313417460727
0.004265908282971916
0.006662804171494786
0.007629219912263971
0.006339144215530904
-1.0
0.0
0.010495932826029914
0.006662804171494786
0.01311336717428088
0.007610074288820439
0.00666087460179554
0.0
0.002592772646248582
0.003040600965837954
0.010495932826029914
0.006103763987792472
0.010301313417460727
0.0052782054101605455
0.007881773399014778
0.01311336717428088
0.0051325919589392645
-1.0
0.004265908282971916
0.006339144215530904
0.000467180565288484
0.004265908282971916
0.0014611872146118722
0.010495932826029914
0.010301313417460727
0.001452696568004358
0.0055579307396323215
0.003694808793644929
0.013118916631400761
0.000467180565288484
0.007629219912263971
0.006103763987792472
0.00502130249543518
0.007629219912263971
0.01311336717428088
0.007881773399014778
0.005766621438263229
0.0055579307396323215
0.006374963778614894
0.00680619363620895
0.000467180565288484
-1.0
-1.0
-1.0
0.005977796754910333
-1.0
0.010301313417460727
0.006662804171494786
0.000467180565288484
0.0008843687817820031
0.012684989429175475
0.010495932826029914
0.010301313417460727
0.010495932826029914
0.007363092498849517
0.0036989088218975404
0.000467180565288484
0.006374963778614894
0.005434782608695652
0.008161877231763306
0.010301313417460727
0.007881773399014778
0.007964727634760346
0.013107822410147992
0.0012560841576385617
0.005982905982905983
0.010495932826029914
0.0009035464196973119
0.010495932826029914
0.010495932826029914
0.008161877231763306
0.00597524541186513
0.00046221400508435407
0.007629219912263971
-1.0
0.013118916631400761
0.0017398869073510222
0.01311336717428088
0.005234460196292257
0.00046221400508435407
0.005768578215134035
0.0018202502844141069
0.007974237080202423
0.0055579307396323215
0.006374963778614894
0.003448870494912916
0.010495932826029914
0.010301313417460727
0.005431093007467753
0.010301313417460727
0.010495932826029914
0.0008839779005524862
0.014370245139475908
-1.0
0.010495932826029914
0.005770536320434488
0.014358108108108109
-1.0
0.0
0.006374963778614894
-1.0
0.0063168977013511145
0.003101736972704715
0.007365352155899954
0.006374963778614894
0.007669888019634913
0.007881773399014778
0.000914703864623828
0.0020157903578027886
0.006374963778614894
0.010495932826029914
0.010495932826029914
0.0
0.0009149130832570906
0.00046696240952603317
-1.0
0.01311336717428088
0.00044238000442380006
-1.0
0.0
0.0
0.012695725772323318
0.0021660649819494585
-1.0
0.000467180565288484
0.007629219912263971
0.006662804171494786
0.006374963778614894
0.000467180565288484
0.010495932826029914
0.0042643923240938165
-1.0
0.010301313417460727
0.01311336717428088
0.0
0.012695725772323318
0.007881773399014778
0.007365352155899954
0.007881773399014778
0.0038885288399222295
-1.0
0.010495932826029914
0.014799154334038054
