0.00527565286204168
0.015720997470184295
0.0028520499108734
0.0
0.0029978586723768963
0.0030504714364947283
0.003956478733926794
0.005177323323841576
0.0002336448598130314
0.006594341629440503
0.0036962883104881827
0.001136363636363602
0.006597148329431812
0.003956478733926794
0.003829216925138823
0.0
0.0065999574196295985
0.007230965546575874
-1.0
0.002137513359458443
0.006594341629440503
-1.0
0.003829216925138823
0.002137513359458443
0.007230965546575874
0.003956478733926794
0.0010266940451745254
0.0027867095391210794
-1.0
0.0066027689030884185
0.002702246242188844
0.00527565286204168
0.00527565286204168
0.0011676786548341367
-1.0
0.0012980691221807783
0.002136752136752129
0.00527565286204168
0.0031976744186046346
0.006594341629440503
0.0033425374218863935
0.0029978586723768963
0.005177323323841576
0.004282655246252709
0.0033425374218863935
0.0
0.003800310934531037
0.0036962883104881827
-1.0
0.0017908309455587634
0.004003079291762912
0.003695150115473389
0.002893617021276551
0.005177323323841576
0.0033425374218863935
0.003061224489795955
0.003998286448664845
0.00409766091855901
0.003829216925138823
0.002784322124651961
-1.0
0.006808510638297904
0.00527565286204168
0.003956478733926794
-1.0
0.003829216925138823
0.00527565286204168
-1.0
0.002137513359458443
0.0002336448598130314
0.0010266940451745254
0.004003079291762912
0.00527565286204168
0.0
0.005177323323841576
0.003829216925138823
0.00023353573096684954
0.0033425374218863935
0.002137513359458443
0.003956478733926794
0.003829216925138823
0.003956478733926794
0.0015955325089748174
0.004319032536711731
0.0005994005994005569
0.003956478733926794
0.003829216925138823
0.0
0.0033425374218863935
0.0010266940451745254
0.0029991431019709136
0.00023353573096684954
0.0070678946241165
0.0031976744186046346
0.0
0.00527565286204168
-1.0
0.0
-1.0
0.00527565286204168
0.0004421843908910539
0.0027238678924071946
0.0027831299507600216
0.0036962883104881827
-1.0
0.0007274049827241669
0.0031976744186046346
0.00527565286204168
0.20389331310833014
0.0041404911479154816
0.00022914757103575933
0.004003079291762912
0.00023116042533521952
-1.0
0.0034158838599487318
0.00022820629849384932
0.0009128847157016118
0.002137513359458443
0.0
0.0
0.0031976744186046346
0.00409766091855901
-1.0
0.0063911376224967675
0.001850823616509345
0.0027867095391210794
0.00527565286204168
0.0027867095391210794
0.00023353573096684954
0.0007158196134574579
0.0002336448598130314
0.003956478733926794
0.0157153179190751
0.0
0.00527565286204168
0.00409766091855901
0.005177323323841576
0.005177323323841576
0.0066027689030884185
0.002138275124732747
0.006594341629440503
0.006597148329431812
0.0
0.0030004286326618113
0.0002336448598130314
-1.0
0.00527565286204168
0.0012008920912678356
0.0
0.00527565286204168
0.0002211410880141873
0.0027100271002710175
0.003956478733926794
0.00527565286204168
0.00022016732716867438
0.006808510638297904
0.0033425374218863935
0.00527565286204168
0.002137513359458443
0.00022123893805314765
0.00022999080036800734
0.002572898799313883
0.0031814895155458656
0.0030513176144244536
0.00272572402044291
0.003956478733926794
0.007230965546575874
0.002137513359458443
0.0065999574196295985
0.004003079291762912
0.002137513359458443
0.004001847006310566
0.00023353573096684954
0.00527565286204168
0.002138275124732747
0.00409766091855901
0.00409766091855901
0.00527565286204168
0.0002336448598130314
0.00023353573096684954
0.005177323323841576
0.003956478733926794
0.0008707009142359112
0.003599588618443561
0.0021325750844144453
0.003423485107839741
-1.0
0.0033425374218863935
0.0033425374218863935
0.0002336448598130314
-1.0
0.00023353573096684954
0.00527565286204168
0.0036962883104881827
0.0031976744186046346
0.0018487705675725996
0.003829216925138823
0.007022770802298406
0.0028916482394965026
0.002137513359458443
0.00527565286204168
0.004003079291762912
0.005177323323841576
0.00023353573096684954
0.0031976744186046346
0.00527565286204168
0.0028926322953888306
0.00527565286204168
0.0013446884805020654
0.003956478733926794
0.007230965546575874
0.005177323323841576
0.002136752136752129
0.0065999574196295985
0.00023353573096684954
0.0
0.0002336448598130314
0.00527565286204168
0.00409766091855901
0.0030004286326618113
0.003956478733926794
0.00527565286204168
0.0157153179190751
0.003829216925138823
0.003956478733926794
-1.0
-1.0
0.00527565286204168
0.006597148329431812
0.003800310934531037
0.005177323323841576
0.0033425374218863935
0.0
-1.0
0.00022999080036800734
0.003956478733926794
0.0034158838599487318
0.003956478733926794
0.00409766091855901
0.003956478733926794
0.003695150115473389
0.0012980691221807783
0.0065999574196295985
0.0
0.00369401262120983
0.001149865848984244
0.002349963846710046
0.0032051282051281937
0.003695150115473389
0.015720997470184295
0.00527565286204168
0.003265839320705455
0.002136752136752129
0.00022123893805314765
0.0031976744186046346
0.002137513359458443
0.005177323323841576
0.00046794571829666953
0.0009007656508032147
0.0034158838599487318
0.004001847006310566
0.0012295801861935685
0.0033425374218863935
0.0005945303210463937
-1.0
0.00409766091855901
0.0004637143519592435
0.0027271177773989796
0.0
0.0033425374218863935
-1.0
0.0029965753424657793
0.0006523866478199691
0.0065999574196295985
0.002137513359458443
0.0033415661775388905
0.003829216925138823
0.002137513359458443
-1.0
0.0021333333333333204
0.006597148329431812
0.002986348122866911
0.0002336448598130314
0.004109026160799889
0.002784322124651961
0.0034158838599487318
0.0010266940451745254
0.002132196162046962
0.0033425374218863935
0.0065999574196295985
0.0027867095391210794
0.00409766091855901
0.0027238678924071946
0.0030504714364947283
-1.0
0.002137513359458443
0.0002336448598130314
0.003956478733926794
0.004003079291762912
0.003829216925138823
0.003956478733926794
-1.0
0.0
0.002136752136752129
0.0065999574196295985
0.0027238678924071946
-1.0
0.0002336448598130314
0.003829216925138823
0.0
0.003956478733926794
0.003956478733926794
0.00022999080036800734
0.0065999574196295985
0.0029978586723768963
0.0008827423863468908
0.004803493449781704
0.003061224489795955
0.0033425374218863935
0.00023353573096684954
0.0008707009142359112
0.00022123893805314765
0.00527565286204168
0.00527565286204168
0.00527565286204168
-1.0
0.002332021571199494
0.003956478733926794
0.00023116042533521952
0.003752985329239178
0.002722940776038074
0.00409766091855901
0.00023353573096684954
0.00044238000442375913
0.00023116042533521952
0.002784322124651961
0.003061224489795955
0.003829216925138823
0.0002336448598130314
0.002137513359458443
0.0002336448598130314
0.0027238678924071946
0.007230965546575874
0.00023353573096684954
0.0034642032332563577
-1.0
0.0
0.0007482229704451893
0.0027100271002710175
0.003956478733926794
0.0008707009142359112
-1.0
0.006597148329431812
-1.0
0.0019404915912031306
0.00527565286204168
0.0033425374218863935
0.003956478733926794
0.0007268762493185532
0.0034158838599487318
0.0
0.00527565286204168
0.00527565286204168
0.002137513359458443
0.002784322124651961
0.0
0.0031684562577011244
-1.0
0.00023353573096684954
0.002137513359458443
0.003956478733926794
0.00023353573096684954
0.0002336448598130314
0.0017280110592707842
0.0031976744186046346
0.00527565286204168
-1.0
0.005159732133055206
0.0029978586723768963
0.001948051948051921
0.005177323323841576
-1.0
0.00527565286204168
0.003968253968253954
0.0
0.003061224489795955
0.0
0.002316052022091619
0.00527565286204168
0.0004622140050843937
0.004363001745200656
0.005177323323841576
0.006597148329431812
0.00527565286204168
0.005159732133055206
0.0019404915912031306
0.0031684562577011244
0.008554787040407685
0.0031976744186046346
0.00044238000442375913
0.00023116042533521952
0.003695150115473389
0.00527565286204168
0.0036962883104881827
0.002784322124651961
0.0027867095391210794
0.003956478733926794
0.00023353573096684954
0.17418244406196215
0.00023353573096684954
0.002136752136752129
0.0031976744186046346
0.0014722119985277615
0.0
0.003956478733926794
0.0034393809114359186
0.0002336448598130314
0.0031684562577011244
0.006688389641570924
0.00527565286204168
0.0008707009142359112
0.003429355281207136
0.00023353573096684954
0.003956478733926794
0.003956478733926794
0.0030504714364947283
0.0
0.00527565286204168
-1.0
0.00527565286204168
0.003956478733926794
0.00527565286204168
0.0033425374218863935
0.003695150115473389
0.0030504714364947283
0.0004584001833600748
0.0
0.001561495361440235
0.00023353573096684954
0.002784322124651961
-1.0
0.0017796760989500227
0.007019783024888371
0.005177323323841576
0.0021310602024506853
0.003956478733926794
0.001122334455667784
0.0010842067220816487
0.003956478733926794
0.0031976744186046346
0.0065999574196295985
0.003956478733926794
0.0025665988140542995
0.0027831299507600216
0.003956478733926794
0.00023353573096684954
0.00023116042533521952
0.003829216925138823
0.0002336448598130314
0.0020194602533504247
0.001850823616509345
0.00023353573096684954
0.0036962883104881827
0.003829216925138823
0.00023148148148144365
0.00527565286204168
0.20389331310833014
0.002016383112791398
0.00527565286204168
-1.0
0.00527565286204168
0.0029978586723768963
0.0033425374218863935
0.00045197740112989937
0.003956478733926794
0.002136752136752129
0.00023353573096684954
0.00527565286204168
0.004799301919720778
0.003414717432132508
-1.0
0.0065999574196295985
0.00527565286204168
0.002136752136752129
0.0026281208935611255
0.0
0.00527565286204168
0.0002336448598130314
0.0033425374218863935
0.0027238678924071946
0.0031976744186046346
0.00527565286204168
0.003956478733926794
0.003956478733926794
0.005177323323841576
0.0033425374218863935
0.00527565286204168
0.003956478733926794
0.00527565286204168
0.00527565286204168
0.0026240979663241237
0.00527565286204168
0.0066027689030884185
0.005177323323841576
0.00272572402044291
0.003829216925138823
0.0027238678924071946
0.003956478733926794
-1.0
0.0007270083605961375
0.003956478733926794
0.0027867095391210794
0.0065999574196295985
0.00023353573096684954
0.00024038461538467004
0.002572898799313883
0.0011384335154827063
0.003956478733926794
0.003829216925138823
0.0015955325089748174
0.0034158838599487318
0.0065999574196295985
0.004309681391411413
-1.0
-1.0
0.003956478733926794
0.0
-1.0
0.0027247956403270157
0.0012980691221807783
0.0002336448598130314
0.003956478733926794
-1.0
0.0007229351165732867
0.0007927070947284509
0.005177323323841576
0.0
0.20389331310833014
0.0008707009142359112
0.0016562384983437317
0.0063911376224967675
0.00527565286204168
0.00527565286204168
0.0031976744186046346
0.002316052022091619
0.0011532362692806553
0.0002336448598130314
0.002784322124651961
0.002784322124651961
-1.0
0.00045259108395567793
0.0005995203836930418
0.003956478733926794
0.00527565286204168
0.0066027689030884185
-1.0
0.0002336448598130314
0.00022016732716867438
0.0033425374218863935
0.00527565286204168
0.0021310602024506853
0.003956478733926794
0.0036962883104881827
0.0065999574196295985
0.005005005005005003
0.00022988505747123522
0.003956478733926794
0.005177323323841576
0.0002336448598130314
0.0034158838599487318
0.002572898799313883
0.0034873583260680574
0.00527565286204168
0.0027867095391210794
0.005177323323841576
0.005177323323841576
0.0
0.0
-1.0
0.00527565286204168
0.00723712217965089
0.0012008920912678356
0.0002336448598130314
0.002137513359458443
0.005177323323841576
0.00023353573096684954
-1.0
-1.0
0.002137513359458443
0.002136752136752129
0.005177323323841576
0.003829216925138823
0.00527565286204168
0.0031976744186046346
0.002572898799313883
0.0
0.008554787040407685
0.00527565286204168
0.0025706940874036244
0.006597148329431812
0.0033425374218863935
0.0027867095391210794
-1.0
0.0021325750844144453
0.011409836065573775
0.015720997470184295
0.0021310602024506853
0.0036962883104881827
0.00527565286204168
0.003998286448664845
0.004109026160799889
0.003956478733926794
0.0029978586723768963
0.0
-1.0
0.0029978586723768963
0.00023148148148144365
0.00409766091855901
0.003956478733926794
-1.0
0.003956478733926794
0.003829216925138823
0.003956478733926794
0.15057544757033248
0.003998286448664845
0.0033425374218863935
0.002722940776038074
-1.0
0.0
0.0002336448598130314
0.0065999574196295985
0.01617005813953487
0.0
0.0017448961786773465
0.00527565286204168
0.0007811482879833687
0.002137513359458443
0.002137513359458443
0.003829216925138823
0.003849707422235893
0.0025706940874036244
0.003956478733926794
0.003695150115473389
0.003956478733926794
0.007230965546575874
0.00527565286204168
0.0033425374218863935
-1.0
0.0066027689030884185
0.00527565286204168
-1.0
-1.0
0.00527565286204168
0.0
0.0065999574196295985
0.0017274140611505118
0.006488951245177121
0.0031976744186046346
0.00022007042253524567
0.0002336448598130314
0.002138275124732747
0.005177323323841576
0.0031976744186046346
-1.0
0.0028926322953888306
0.004003079291762912
0.20389331310833014
0.003956478733926794
0.003800310934531037
0.0065999574196295985
0.002137513359458443
0.000621407487960246
0.0038016243303957697
0.00022914757103575933
0.002746309646412648
0.002893617021276551
0.005177323323841576
0.0012980691221807783
0.0004575611988103523
0.00527565286204168
-1.0
0.003956478733926794
0.0065999574196295985
0.0
0.003956478733926794
-1.0
0.003829216925138823
0.00527565286204168
0.002572898799313883
0.005177323323841576
0.00045259108395567793
0.004803493449781704
0.00409766091855901
0.00023116042533521952
-1.0
0.0027100271002710175
0.0028916482394965026
-1.0
0.0028916482394965026
0.0027100271002710175
0.0
0.003956478733926794
0.004188189306156609
-1.0
0.0063856960408684715
0.0027867095391210794
0.005177323323841576
0.003956478733926794
0.0041404911479154816
0.002136752136752129
0.006382978723404209
0.0034158838599487318
0.00409766091855901
0.00044238000442375913
0.003956478733926794
0.0036962883104881827
0.0006805035726437092
0.0027831299507600216
0.00023353573096684954
0.0009532888465204614
0.003829216925138823
0.003061224489795955
0.00527565286204168
0.00527565286204168
0.001948051948051921
0.0002336448598130314
0.002137513359458443
0.0027247956403270157
0.0066027689030884185
0.002893617021276551
0.00527565286204168
0.01531872838082693
0.00409766091855901
0.00022251891410773883
0.00023353573096684954
0.005177323323841576
-1.0
0.002138275124732747
0.00527565286204168
0.0002336448598130314
0.002138275124732747
0.0
0.003800310934531037
0.003829216925138823
0.001462522851919612
0.002138275124732747
0.00527565286204168
0.003956478733926794
0.002137513359458443
0.0002336448598130314
0.0010842067220816487
0.0012078416798290137
0.0034158838599487318
0.00022999080036800734
0.00527565286204168
0.003956478733926794
0.00527565286204168
0.003956478733926794
0.00527565286204168
0.005177323323841576
0.000227583067819781
0.004709912224363122
-1.0
0.003956478733926794
0.00527565286204168
0.006594341629440503
0.005177323323841576
0.00044238000442375913
0.0026679602231385324
0.0033425374218863935
0.003956478733926794
0.0033425374218863935
0.0025706940874036244
-1.0
0.0002273760800364233
0.006591537316606444
0.00527565286204168
0.0002336448598130314
0.005177323323841576
0.00022123893805314765
0.00527565286204168
0.00022281639928700692
0.001948051948051921
0.0028452615451959318
0.00527565286204168
0.0002336448598130314
0.0002336448598130314
0.00527565286204168
0.003956478733926794
0.0032113037893384266
0.003829216925138823
-1.0
0.003956478733926794
0.002136752136752129
0.00022123893805314765
0.0017280110592707842
0.003956478733926794
0.005177323323841576
0.002137513359458443
0.0
0.00638841567291315
0.003829216925138823
0.0028926322953888306
0.00023353573096684954
0.0008194482381862489
0.003956478733926794
-1.0
0.00527565286204168
0.003829216925138823
0.0034158838599487318
0.0033425374218863935
0.0033425374218863935
0.0028916482394965026
0.0013446884805020654
0.0016039921582605698
0.0010842067220816487
0.00527565286204168
0.0017280110592707842
0.0027247956403270157
-1.0
0.00527565286204168
0.003829216925138823
-1.0
0.0028926322953888306
-1.0
0.0027247956403270157
0.003956478733926794
0.003956478733926794
0.002784322124651961
0.0002336448598130314
0.00023353573096684954
0.00527565286204168
0.0027247956403270157
0.003956478733926794
0.0018419598452753538
0.0031976744186046346
0.0004622140050843937
0.0
0.0021310602024506853
0.0031976744186046346
0.005177323323841576
0.20389331310833014
0.00023353573096684954
0.0002336448598130314
0.0002336448598130314
0.003956478733926794
0.00019542700801256085
0.0011782833318226826
0.002349963846710046
0.003956478733926794
0.00527565286204168
0.0041404911479154816
0.00409766091855901
0.0002336448598130314
-1.0
0.00527565286204168
0.002137513359458443
-1.0
0.005177323323841576
0.0002336448598130314
0.005177323323841576
0.0032085561497325887
0.00023353573096684954
0.005177323323841576
0.0031976744186046346
-1.0
0.0011370096645821892
0.002137513359458443
0.003956478733926794
0.006382978723404209
0.002137513359458443
0.00527565286204168
0.0031976744186046346
0.0036962883104881827
-1.0
0.006597148329431812
0.003956478733926794
0.006808510638297904
0.003956478733926794
0.003956478733926794
0.00527565286204168
0.004003079291762912
0.00527565286204168
0.00527565286204168
0.0007547169811320531
0.0065999574196295985
0.001136363636363602
0.00527565286204168
0.0033425374218863935
0.0029978586723768963
0.0008029978586723274
0.0021509231044990473
-1.0
-1.0
0.01617005813953487
0.001744287458573135
0.00527565286204168
0.006808510638297904
0.003695150115473389
0.00527565286204168
0.003829216925138823
0.0033425374218863935
0.0011219147344802005
0.00045464878381451523
0.0063856960408684715
0.00527565286204168
0.0
0.00527565286204168
0.0031976744186046346
0.00527565286204168
0.0031976744186046346
0.0033425374218863935
0.00527565286204168
0.0030906593406593297
0.0034158838599487318
0.00779353519867132
0.0011787106718650353
0.00527565286204168
0.00527565286204168
0.0041404911479154816
0.00409766091855901
0.0027867095391210794
0.003849707422235893
0.0033425374218863935
0.0033425374218863935
0.005177323323841576
0.002137513359458443
0.00023116042533521952
0.0031976744186046346
0.0011198208286674616
0.00527565286204168
0.00022016732716867438
0.0027867095391210794
0.00527565286204168
0.003829216925138823
0.0030661410424879243
0.0065999574196295985
0.00527565286204168
0.0031976744186046346
0.005177323323841576
-1.0
0.003800310934531037
0.003956478733926794
0.0028926322953888306
0.0027247956403270157
0.00527565286204168
0.0
-1.0
-1.0
0.0002336448598130314
0.0002336448598130314
0.0002336448598130314
0.003956478733926794
0.006382978723404209
0.0066027689030884185
0.003956478733926794
0.0008707009142359112
0.0065999574196295985
0.00527565286204168
0.002137513359458443
0.0027100271002710175
0.0012980691221807783
0.006382978723404209
0.003924914675767943
0.003956478733926794
-1.0
0.0
0.003956478733926794
0.0033425374218863935
0.0019404915912031306
0.002137513359458443
0.005145797598627766
0.0026263952724885353
0.0063911376224967675
0.002137513359458443
0.0005945303210463937
0.003956478733926794
0.00023353573096684954
0.00023353573096684954
0.005177323323841576
-1.0
0.00527565286204168
0.003956478733926794
0.0041404911479154816
0.0008992805755395628
0.0014237408791599737
0.003956478733926794
-1.0
0.0002336448598130314
0.0028926322953888306
0.0034158838599487318
0.003956478733926794
0.0033425374218863935
-1.0
0.0031976744186046346
0.00527565286204168
0.0031976744186046346
0.002137513359458443
0.00527565286204168
0.004003079291762912
0.0002336448598130314
0.003956478733926794
0.00527565286204168
0.0021333333333333204
0.006597148329431812
0.002136752136752129
0.0031695721077654726
0.0033425374218863935
0.003956478733926794
0.00527565286204168
0.00527565286204168
0.006597148329431812
0.002136752136752129
0.002136752136752129
0.0029997857295906982
0.003829216925138823
0.0033425374218863935
0.00527565286204168
0.00527565286204168
0.00527565286204168
0.003829216925138823
0.0
0.002986348122866911
0.003429355281207136
0.006597148329431812
0.004003079291762912
0.0032099293815536223
0.1742489270386266
-1.0
0.002138275124732747
0.00023116042533521952
-1.0
0.0031976744186046346
0.0033425374218863935
0.007230965546575874
0.003956478733926794
0.00409766091855901
0.0027247956403270157
0.0002336448598130314
0.002137513359458443
0.0027867095391210794
0.0031976744186046346
0.00527565286204168
0.002137513359458443
0.002784322124651961
0.0030716723549487623
0.005177323323841576
0.00527565286204168
-1.0
0.0025706940874036244
0.00022988505747123522
0.005177323323841576
0.0002336448598130314
0.002137513359458443
0.0
-1.0
0.0002273760800364233
0.004003079291762912
0.00527565286204168
0.0
0.00638841567291315
0.0031976744186046346
0.001149865848984244
0.00022552999548941521
0.0008707009142359112
0.007230965546575874
0.0007811482879833687
0.00023116042533521952
0.002137513359458443
-1.0
0.0010842067220816487
0.005177323323841576
0.005177323323841576
-1.0
-1.0
0.0005995203836930418
-1.0
0.0002336448598130314
0.0013446884805020654
0.0030504714364947283
0.002349963846710046
0.0027867095391210794
0.00527565286204168
0.00527565286204168
0.003829216925138823
-1.0
-1.0
0.0
0.006808510638297904
0.00045485558335223164
0.001840264998159702
0.005177323323841576
0.005177323323841576
0.007230965546575874
-1.0
0.002136752136752129
0.0027266530334014716
0.003956478733926794
0.0028926322953888306
-1.0
0.0013446884805020654
0.0021470746108427363
0.0017796760989500227
0.003956478733926794
0.00527565286204168
0.00527565286204168
0.003956478733926794
0.002401182120428502
0.0031976744186046346
0.0025706940874036244
0.0002336448598130314
0.00527565286204168
-1.0
-1.0
0.0
-1.0
0.00023353573096684954
0.003956478733926794
0.00019542700801256085
0.003956478733926794
-1.0
0.0021310602024506853
-1.0
0.002136752136752129
0.0031684562577011244
0.00022999080036800734
0.00527565286204168
0.003695150115473389
0.00527565286204168
0.00527565286204168
0.015720997470184295
0.008554787040407685
0.002137513359458443
0.0013446884805020654
0.0031976744186046346
0.005177323323841576
0.003829216925138823
0.002572898799313883
0.0004634994206257348
0.002572898799313883
0.00527565286204168
0.0028926322953888306
0.006205863471003603
0.0011173184357542443
0.003956478733926794
0.003829216925138823
0.005177323323841576
0.00023353573096684954
0.0
0.0036962883104881827
0.0019404915912031306
0.0026263952724885353
0.005177323323841576
0.002137513359458443
0.0036962883104881827
0.00527565286204168
0.0
0.003956478733926794
0.003829216925138823
0.00638841567291315
0.003956478733926794
0.0033425374218863935
0.00527565286204168
0.003695150115473389
0.0002336448598130314
0.0033425374218863935
-1.0
0.002137513359458443
0.0033425374218863935
0.003829216925138823
-1.0
0.015720997470184295
0.0013446884805020654
0.0021310602024506853
0.002136752136752129
0.00527565286204168
0.0
0.0
0.003956478733926794
0.0017395085888236572
0.004174784302811041
0.0
0.0
0.00527565286204168
0.0034158838599487318
0.0019404915912031306
0.003800310934531037
0.0033425374218863935
0.0031976744186046346
0.003061224489795955
0.0
-1.0
0.004141673807483537
0.003956478733926794
0.00023353573096684954
0.006597148329431812
0.0065999574196295985
0.17553371738393764
0.0033425374218863935
0.00527565286204168
0.00023353573096684954
0.003061224489795955
0.0
0.00527565286204168
0.00023353573096684954
0.0
0.005177323323841576
0.00527565286204168
0.003061224489795955
0.005177323323841576
0.00022123893805314765
0.00527565286204168
0.0032051282051281937
0.0065999574196295985
-1.0
0.0028941096356827067
0.00527565286204168
0.003956478733926794
0.0004421843908910539
0.0034141345168999804
0.003829216925138823
0.003956478733926794
0.00638841567291315
0.00527565286204168
0.0002336448598130314
0.0
0.0033425374218863935
0.003956478733926794
0.00022820629849384932
0.001027045532351889
0.0033425374218863935
0.00527565286204168
0.003956478733926794
0.0021333333333333204
0.0036962883104881827
0.005177323323841576
0.00023116042533521952
0.0009172628875435684
0.0028258565877781194
0.003956478733926794
0.0025665988140542995
0.0065999574196295985
0.002784322124651961
0.0031976744186046346
0.003956478733926794
0.003956478733926794
-1.0
-1.0
0.0004402377283733161
0.003061224489795955
0.0031976744186046346
0.00527565286204168
0.002130303568258496
0.0041404911479154816
-1.0
0.003829216925138823
0.003956478733926794
0.00023353573096684954
0.003061224489795955
0.0065999574196295985
0.0017448961786773465
0.0031976744186046346
0.0041404911479154816
0.005177323323841576
0.0006046863189720364
0.003423485107839741
0.006811409110259681
0.0026240979663241237
0.002893617021276551
0.004003079291762912
0.00527565286204168
0.003956478733926794
0.0002336448598130314
0.006802721088435382
0.002897068847989126
0.005177323323841576
0.003956478733926794
0.0033425374218863935
0.003956478733926794
0.0004421843908910539
0.0006046863189720364
0.0008934554389099514
-1.0
0.0009532888465204614
0.0031976744186046346
0.0030742204655248573
0.20389331310833014
0.003061224489795955
0.00527565286204168
0.00527565286204168
0.00527565286204168
0.00527565286204168
0.003193960511033711
0.00527565286204168
0.00527565286204168
0.003956478733926794
0.0
0.0012078416798290137
0.0033425374218863935
0.0002336448598130314
0.003695150115473389
0.0026240979663241237
0.00527565286204168
0.003829216925138823
0.0029991431019709136
0.00527565286204168
0.002137513359458443
0.005177323323841576
0.00527565286204168
0.0027238678924071946
0.002784322124651961
0.003956478733926794
0.00023116042533521952
0.0066027689030884185
0.0031976744186046346
0.020337139749864064
0.002893617021276551
0.0034954849985435743
-1.0
0.0027100271002710175
0.003829216925138823
0.005177323323841576
0.0002336448598130314
-1.0
0.0007371913011426923
0.00527565286204168
0.00527565286204168
0.006802721088435382
0.005177323323841576
0.0028916482394965026
0.003087478559176682
0.0
0.00527565286204168
0.003695150115473389
0.0065999574196295985
0.003061224489795955
0.0028926322953888306
0.00527565286204168
0.0001914241960183638
0.003956478733926794
0.003956478733926794
-1.0
0.0017274140611505118
0.00044238000442375913
0.00527565286204168
0.0012980691221807783
0.00527565286204168
0.0034158838599487318
0.0025706940874036244
-1.0
0.00527565286204168
0.00023353573096684954
0.005177323323841576
0.002137513359458443
0.0033425374218863935
0.003829216925138823
0.0031796502384737746
-1.0
0.0
0.00527565286204168
0.0033425374218863935
0.0065999574196295985
0.0038195707530011003
0.0033415661775388905
0.0
0.0012980691221807783
0.0015226153157187339
0.00527565286204168
0.003061224489795955
0.005177323323841576
0.0026460859977949225
0.003956478733926794
0.0065999574196295985
0.002572898799313883
-1.0
0.002137513359458443
0.0031796502384737746
0.0002336448598130314
0.002137513359458443
0.0007311277645768444
0.00527565286204168
0.005177323323841576
0.0007268762493185532
0.0027867095391210794
0.001850823616509345
0.0066027689030884185
0.0002336448598130314
0.003829216925138823
0.003061224489795955
0.002516970482800751
0.003829216925138823
0.0065999574196295985
0.003956478733926794
0.0028916482394965026
0.0027867095391210794
0.0031976744186046346
0.003414717432132508
0.0002336448598130314
-1.0
-1.0
-1.0
0.0029978586723768963
-1.0
0.005177323323841576
0.0033425374218863935
0.0002336448598130314
0.00044238000442375913
0.006382978723404209
0.00527565286204168
0.005177323323841576
0.00527565286204168
0.003695150115473389
0.0018528812303131303
0.0002336448598130314
0.0031976744186046346
0.0027247956403270157
0.00409766091855901
0.005177323323841576
0.003956478733926794
0.003998286448664845
0.006597148329431812
0.0006284367635506216
0.0030004286326618113
0.00527565286204168
0.00045197740112989937
0.00527565286204168
0.00527565286204168
0.00409766091855901
0.0029965753424657793
0.00023116042533521952
0.003829216925138823
-1.0
0.0066027689030884185
0.0008707009142359112
0.0065999574196295985
0.0026240979663241237
0.00023116042533521952
0.0028926322953888306
0.0009109542245502311
0.004003079291762912
0.0027867095391210794
0.0031976744186046346
0.0017274140611505118
0.00527565286204168
0.005177323323841576
0.002722940776038074
0.005177323323841576
0.00527565286204168
0.0004421843908910539
0.00723712217965089
-1.0
0.00527565286204168
0.002893617021276551
0.007230965546575874
-1.0
0.0
0.0031976744186046346
-1.0
0.0031684562577011244
0.001553277415346388
0.0036962883104881827
0.0031976744186046346
0.003849707422235893
0.003956478733926794
0.0004575611988103523
0.0010089120564991116
0.0031976744186046346
0.00527565286204168
0.00527565286204168
0.0
0.0004576659038901809
0.00023353573096684954
-1.0
0.0065999574196295985
0.00022123893805314765
-1.0
0.0
0.0
0.00638841567291315
0.0010842067220816487
-1.0
0.0002336448598130314
0.003829216925138823
0.0033425374218863935
0.0031976744186046346
0.0002336448598130314
0.00527565286204168
0.002136752136752129
-1.0
0.005177323323841576
0.0065999574196295985
0.0
0.00638841567291315
0.003956478733926794
0.0036962883104881827
0.003956478733926794
0.001948051948051921
-1.0
0.00527565286204168
0.007454739084132078
