0.5010803024846957
0.05921416712783619
0.5324675324675324
0.544766708701135
0.06112759643916914
0.5210958904109589
0.5210958904109589
0.5324675324675324
0.5324675324675324
0.5324675324675324
0.544766708701135
0.5010803024846957
0.5210958904109589
0.5210958904109589
0.544766708701135
0.5010803024846957
0.057541899441340784
0.5210958904109589
0.5010803024846957
0.544766708701135
0.544766708701135
0.544766708701135
0.05645612073784237
0.5445420326223338
0.5445420326223338
0.544766708701135
0.5210958904109589
0.5445420326223338
0.544766708701135
0.544766708701135
0.5324675324675324
0.5210958904109589
0.5324675324675324
0.5445420326223338
0.544766708701135
0.5324675324675324
0.5324675324675324
0.544766708701135
0.5324675324675324
0.5324675324675324
0.5010803024846957
0.544766708701135
0.5445420326223338
0.544766708701135
0.5010803024846957
0.5324675324675324
0.5324675324675324
0.5010803024846957
0.5324675324675324
0.544766708701135
0.5445420326223338
0.5324675324675324
0.5324675324675324
0.5324675324675324
0.544766708701135
0.544766708701135
0.544766708701135
0.5324675324675324
0.5010803024846957
0.5010803024846957
0.5210958904109589
0.544766708701135
0.5324675324675324
0.544766708701135
0.057541899441340784
0.5324675324675324
0.06109134045077105
0.5010803024846957
0.5210958904109589
0.544766708701135
0.5210958904109589
0.5324675324675324
0.544766708701135
0.5324675324675324
0.544766708701135
0.5324675324675324
0.5324675324675324
0.544766708701135
0.544766708701135
0.5210958904109589
0.5010803024846957
0.5324675324675324
0.5010803024846957
0.544766708701135
0.5276663993584603
0.5010803024846957
0.5445420326223338
0.5445420326223338
0.544766708701135
0.5010803024846957
0.5210958904109589
0.5445420326223338
0.5445420326223338
0.5210958904109589
0.544766708701135
0.544766708701135
0.544766708701135
0.5324675324675324
0.5210958904109589
0.544766708701135
0.5210958904109589
0.0
0.544766708701135
0.544766708701135
0.544766708701135
0.5210958904109589
