0.21052631578947367
0.5476190476190477
0.4
0.6086956521739131
0.3076923076923077
0.7464788732394366
0.7209302325581395
0.56
0.6190476190476191
0.71875
0.7352941176470589
0.7582417582417582
0.3076923076923077
0.8421052631578947
0.8857142857142857
0.6774193548387097
0.7209302325581395
0.3076923076923077
0.6590909090909092
0.72
0.3076923076923077
0.7857142857142857
0.7352941176470589
0.3076923076923077
0.5849056603773585
0.7045454545454546
0.6799999999999999
0.7209302325581395
0.8378378378378378
0.7209302325581395
0.3076923076923077
0.8857142857142857
0.5
0.6842105263157895
0.8421052631578947
0.6176470588235294
0.7045454545454546
0.3076923076923077
0.7857142857142857
0.4666666666666667
0.6417910447761195
0.7209302325581395
0.75
0.6938775510204082
0.6086956521739131
0.3076923076923077
0.7818181818181819
0.23076923076923073
0.3076923076923077
0.6938775510204082
0.7352941176470589
0.7073170731707317
0.2857142857142857
0.7857142857142857
0.7209302325581395
0.7209302325581395
0.7560975609756098
0.4545454545454546
0.6129032258064516
0.6086956521739131
0.8857142857142857
0.59375
0.7352941176470589
0.31034482758620685
0.6385542168674698
0.8857142857142857
0.3157894736842105
0.24
0.8461538461538461
0.7333333333333334
0.6338028169014085
0.6338028169014085
0.6727272727272727
0.7857142857142857
0.8378378378378378
0.6842105263157895
0.6774193548387097
0.6129032258064516
0.6774193548387097
0.6086956521739131
0.7352941176470589
0.3076923076923077
0.7073170731707317
0.3076923076923077
0.8181818181818181
0.7045454545454546
0.59375
0.5238095238095238
0.7666666666666666
0.39682539682539686
0.6129032258064516
0.6129032258064516
0.7230769230769231
0.6938775510204082
0.6455696202531646
0.59375
0.6444444444444444
0.8421052631578947
0.5909090909090908
0.8378378378378378
0.3076923076923077
0.7105263157894737
0.71875
0.5909090909090908
0.3076923076923077
0.7857142857142857
0.4883720930232558
0.7209302325581395
0.7142857142857143
0.6938775510204082
0.3076923076923077
0.6086956521739131
0.6896551724137931
0.6086956521739131
0.3076923076923077
0.3076923076923077
0.6119402985074627
0.5789473684210527
0.6590909090909092
0.24
0.7419354838709677
0.8461538461538461
0.8181818181818181
0.8
0.7857142857142857
0.7209302325581395
0.7352941176470589
0.8518518518518519
0.7704918032786885
0.6862745098039216
0.3076923076923077
0.7582417582417582
0.24
0.7209302325581395
0.7352941176470589
0.64
0.7352941176470589
0.6455696202531646
0.71875
0.5416666666666667
0.6086956521739131
0.5909090909090908
0.7464788732394366
0.8857142857142857
0.7209302325581395
0.7931034482758621
0.2857142857142857
0.7209302325581395
0.6962025316455696
0.3076923076923077
0.3076923076923077
0.7142857142857143
0.5909090909090908
0.3076923076923077
0.5111111111111111
0.6129032258064516
0.2666666666666667
0.5912408759124088
0.7142857142857143
0.7857142857142857
0.5849056603773585
0.71875
0.8571428571428572
0.71875
0.5909090909090908
0.45833333333333337
0.5849056603773585
0.3076923076923077
0.24
0.8571428571428572
0.791044776119403
0.24
0.5584415584415585
0.7352941176470589
0.8857142857142857
0.3076923076923077
0.3076923076923077
0.7352941176470589
0.6610169491525424
0.24
0.6129032258064516
0.8431372549019608
0.24
0.8461538461538461
0.3076923076923077
0.6140350877192983
0.7142857142857143
0.7209302325581395
0.3076923076923077
0.59375
0.8378378378378378
0.6086956521739131
0.6119402985074627
0.8378378378378378
0.59375
0.8857142857142857
0.6086956521739131
0.5909090909090908
0.3076923076923077
0.3076923076923077
0.7857142857142857
0.8857142857142857
0.3076923076923077
0.84
0.875
0.8461538461538461
0.6086956521739131
0.8857142857142857
0.6129032258064516
0.6938775510204082
0.7142857142857143
0.6904761904761905
0.59375
0.76
0.8421052631578947
0.54
0.6086956521739131
0.4883720930232558
0.71875
0.7352941176470589
0.7333333333333334
0.8461538461538461
0.3076923076923077
0.7045454545454546
0.7209302325581395
0.3076923076923077
0.3076923076923077
0.7209302325581395
0.7352941176470589
0.7352941176470589
0.7045454545454546
0.638095238095238
0.2857142857142857
0.8857142857142857
0.3076923076923077
0.7073170731707317
0.641025641025641
0.7297297297297297
0.3076923076923077
0.59375
0.3076923076923077
0.8571428571428572
0.7560975609756098
0.7352941176470589
0.3076923076923077
0.3076923076923077
0.6842105263157895
0.875
0.4
0.8857142857142857
0.3076923076923077
0.7073170731707317
0.45833333333333337
0.6976744186046512
0.7352941176470589
0.7419354838709677
0.6
0.7183098591549295
0.24
0.3076923076923077
0.6140350877192983
0.5909090909090908
0.3076923076923077
0.72
0.8857142857142857
0.7428571428571429
0.6231884057971014
0.3076923076923077
0.8518518518518519
0.8461538461538461
0.24
0.6086956521739131
0.3076923076923077
0.3076923076923077
0.4794520547945206
0.3076923076923077
0.76
0.3076923076923077
0.4883720930232558
0.7333333333333334
0.3076923076923077
0.4444444444444444
0.7209302325581395
0.6086956521739131
0.3076923076923077
0.4666666666666667
0.59375
0.8378378378378378
0.7073170731707317
0.7857142857142857
0.8857142857142857
0.3076923076923077
0.875
0.59375
0.3076923076923077
0.7666666666666666
0.7142857142857143
0.6944444444444444
0.7464788732394366
0.6086956521739131
0.3076923076923077
0.875
0.8723404255319149
0.7931034482758621
0.6825396825396826
0.3076923076923077
0.7209302325581395
0.6799999999999999
0.6938775510204082
0.8378378378378378
0.8857142857142857
0.6086956521739131
0.7818181818181819
0.3076923076923077
0.25
0.3846153846153846
0.7045454545454546
0.65625
0.33333333333333337
0.5696202531645569
0.7209302325581395
0.3076923076923077
0.8636363636363636
0.6086956521739131
0.7543859649122807
0.7014925373134329
0.7142857142857143
0.7142857142857143
0.6799999999999999
0.6923076923076923
0.76
0.5584415584415585
0.8857142857142857
0.59375
0.7073170731707317
0.71875
0.6086956521739131
0.24
0.6938775510204082
0.5909090909090908
0.6086956521739131
0.8378378378378378
0.6938775510204082
0.8857142857142857
0.5412844036697247
0.4408602150537635
0.6938775510204082
0.31034482758620685
0.6799999999999999
0.71875
0.7352941176470589
0.638095238095238
0.2857142857142857
0.3076923076923077
0.4545454545454546
0.6190476190476191
0.59375
0.3076923076923077
0.6338028169014085
0.4883720930232558
0.7209302325581395
0.6
0.24
0.3076923076923077
0.7209302325581395
0.8857142857142857
0.59375
0.8
0.7857142857142857
0.3076923076923077
0.7045454545454546
0.5581395348837209
0.4545454545454546
0.7073170731707317
0.4461538461538461
0.6338028169014085
0.875
0.5072463768115942
0.3076923076923077
0.875
0.71875
0.8857142857142857
0.5849056603773585
0.7073170731707317
0.6129032258064516
0.6129032258064516
0.6962025316455696
0.24
0.7857142857142857
0.2857142857142857
0.2727272727272727
0.7582417582417582
0.3076923076923077
0.8857142857142857
0.6140350877192983
0.6065573770491803
0.7045454545454546
0.24
0.6086956521739131
0.3076923076923077
0.7931034482758621
0.8461538461538461
0.6179775280898876
0.24
0.7209302325581395
0.6097560975609756
0.6170212765957447
0.6176470588235294
0.8723404255319149
0.3076923076923077
0.3076923076923077
0.6799999999999999
0.5529411764705883
0.3076923076923077
0.5909090909090908
0.7073170731707317
0.76
0.7073170731707317
0.59375
0.4
0.5909090909090908
0.5833333333333333
0.7096774193548387
0.3076923076923077
0.3076923076923077
0.7209302325581395
0.5849056603773585
0.6086956521739131
0.75
0.7352941176470589
0.6060606060606061
0.29032258064516125
0.6444444444444444
0.7142857142857143
0.6086956521739131
0.7333333333333334
0.24
0.8378378378378378
0.7857142857142857
0.8857142857142857
0.7297297297297297
0.7073170731707317
0.6666666666666667
0.6086956521739131
0.7352941176470589
0.4545454545454546
0.6129032258064516
0.7352941176470589
0.5909090909090908
0.25
0.71875
0.5909090909090908
0.7209302325581395
0.2857142857142857
0.5909090909090908
0.84
0.5849056603773585
0.7073170731707317
0.7352941176470589
0.6097560975609756
0.7045454545454546
0.7045454545454546
0.5681818181818181
0.6842105263157895
0.3076923076923077
0.7704918032786885
0.6119402985074627
0.5157894736842106
0.6140350877192983
0.7941176470588236
0.59375
0.7352941176470589
0.7021276595744681
0.6338028169014085
0.7142857142857143
0.8461538461538461
0.7045454545454546
0.3076923076923077
0.6799999999999999
0.5416666666666667
0.7045454545454546
0.36111111111111116
0.5111111111111111
0.3076923076923077
0.65625
0.3076923076923077
0.8518518518518519
0.59375
0.7142857142857143
0.6060606060606061
0.3076923076923077
0.7073170731707317
0.3076923076923077
0.3076923076923077
0.6086956521739131
0.3076923076923077
0.71875
0.7209302325581395
0.6086956521739131
0.6976744186046512
0.6938775510204082
0.6338028169014085
0.6086956521739131
0.3076923076923077
0.59375
0.8636363636363636
0.6774193548387097
0.59375
0.603448275862069
0.7209302325581395
0.24
0.65625
0.6774193548387097
0.24
0.7078651685393258
0.5584415584415585
0.71875
0.8857142857142857
0.6190476190476191
0.8857142857142857
0.84
0.8378378378378378
0.3076923076923077
0.3076923076923077
0.6097560975609756
0.3076923076923077
0.7209302325581395
0.7073170731707317
0.71875
0.5909090909090908
0.7073170731707317
0.3076923076923077
0.8571428571428572
0.6774193548387097
0.8857142857142857
0.8461538461538461
0.3076923076923077
0.7209302325581395
0.7209302325581395
0.7352941176470589
0.3076923076923077
0.7142857142857143
0.4545454545454546
0.3076923076923077
0.6176470588235294
0.3076923076923077
0.71875
0.7073170731707317
0.24
0.2857142857142857
0.6842105263157895
0.7045454545454546
0.8857142857142857
0.8095238095238095
0.24
0.3076923076923077
0.8636363636363636
0.6444444444444444
0.6799999999999999
0.71875
0.3076923076923077
0.7045454545454546
0.3076923076923077
0.6
0.6444444444444444
0.8461538461538461
0.6086956521739131
0.6888888888888889
0.6086956521739131
0.3076923076923077
0.7073170731707317
0.5918367346938775
0.8857142857142857
0.7045454545454546
0.5942028985507246
0.71875
0.6086956521739131
0.6774193548387097
0.3076923076923077
0.8461538461538461
0.2857142857142857
0.6799999999999999
0.4
0.7971014492753623
0.8421052631578947
0.7045454545454546
0.7073170731707317
0.5909090909090908
0.7014925373134329
0.6097560975609756
0.7045454545454546
0.3076923076923077
0.7464788732394366
0.8421052631578947
0.6338028169014085
0.24
0.5398230088495575
0.7209302325581395
0.6086956521739131
0.3076923076923077
0.7045454545454546
0.6086956521739131
0.6097560975609756
0.76
0.6086956521739131
0.6086956521739131
0.3076923076923077
0.875
0.7285714285714286
0.3076923076923077
0.7352941176470589
0.3076923076923077
0.8378378378378378
0.5
0.6799999999999999
0.6938775510204082
0.7045454545454546
0.7209302325581395
0.8378378378378378
0.6938775510204082
0.7352941176470589
0.8857142857142857
0.8181818181818181
0.7435897435897436
0.24
0.5111111111111111
0.6363636363636364
0.7209302325581395
0.6119402985074627
0.6938775510204082
0.7209302325581395
0.6
0.6170212765957447
0.7428571428571429
0.7419354838709677
0.6619718309859155
0.7209302325581395
0.84
0.3076923076923077
0.5909090909090908
0.76
0.7352941176470589
0.7073170731707317
0.7209302325581395
0.7352941176470589
0.6296296296296297
0.6086956521739131
0.85
0.8378378378378378
0.4883720930232558
0.8
0.3076923076923077
0.7
0.3076923076923077
0.5909090909090908
0.6799999999999999
0.6976744186046512
0.8857142857142857
0.6140350877192983
0.3076923076923077
0.7931034482758621
0.3076923076923077
0.7582417582417582
0.3076923076923077
0.7352941176470589
0.4
0.7073170731707317
0.6799999999999999
0.3076923076923077
0.3076923076923077
0.6595744680851063
0.24
0.8857142857142857
0.8857142857142857
0.6346153846153846
0.7352941176470589
0.7096774193548387
0.3076923076923077
0.7586206896551724
0.7857142857142857
0.8518518518518519
0.6129032258064516
0.8857142857142857
0.3076923076923077
0.29032258064516125
0.6338028169014085
0.3076923076923077
0.6086956521739131
0.5849056603773585
0.7142857142857143
0.6086956521739131
0.3076923076923077
0.24
0.6799999999999999
0.6065573770491803
0.8857142857142857
0.4883720930232558
0.8378378378378378
0.8857142857142857
0.5849056603773585
0.7464788732394366
0.3076923076923077
0.6190476190476191
0.6140350877192983
0.7857142857142857
0.6666666666666667
0.8461538461538461
0.24
0.6938775510204082
0.8857142857142857
0.59375
0.8235294117647058
0.7352941176470589
0.8857142857142857
0.7073170731707317
0.6938775510204082
0.6210526315789473
0.6190476190476191
0.8857142857142857
0.6176470588235294
0.4
0.5849056603773585
0.7971014492753623
0.5909090909090908
0.3076923076923077
0.8857142857142857
0.7209302325581395
0.6176470588235294
0.8518518518518519
0.7073170731707317
0.3076923076923077
0.8
0.6938775510204082
0.5909090909090908
0.6774193548387097
0.3076923076923077
0.8421052631578947
0.7352941176470589
0.7142857142857143
0.59375
0.24
0.84
0.25
0.5111111111111111
0.7073170731707317
0.8378378378378378
0.6
0.5909090909090908
0.7209302325581395
0.6938775510204082
0.8918918918918919
0.3076923076923077
0.7857142857142857
0.3076923076923077
0.8461538461538461
0.6938775510204082
0.59375
0.7818181818181819
0.6140350877192983
0.6129032258064516
0.3076923076923077
0.71875
0.84
0.6140350877192983
0.6338028169014085
0.6170212765957447
0.7857142857142857
0.4883720930232558
0.2571428571428571
0.3076923076923077
0.6086956521739131
0.8918918918918919
0.6774193548387097
0.6029411764705883
0.5619047619047619
0.25
0.7073170731707317
0.6086956521739131
0.6799999999999999
0.6086956521739131
0.4
0.6774193548387097
0.7073170731707317
0.6086956521739131
0.5909090909090908
0.3846153846153846
0.6470588235294117
0.2857142857142857
0.75
0.5581395348837209
0.3076923076923077
0.8857142857142857
0.7352941176470589
0.6785714285714286
0.6774193548387097
0.7209302325581395
0.4666666666666667
0.7209302325581395
0.6799999999999999
0.7631578947368421
0.7530864197530864
0.3076923076923077
0.3076923076923077
0.7352941176470589
0.3076923076923077
0.7857142857142857
0.6296296296296297
0.5157894736842106
0.7073170731707317
0.7818181818181819
0.24
0.5909090909090908
0.3076923076923077
0.5909090909090908
0.6799999999999999
0.6785714285714286
0.5238095238095238
0.71875
0.7045454545454546
0.4347826086956522
0.5849056603773585
0.6444444444444444
0.24
0.4411764705882353
0.6097560975609756
0.7073170731707317
0.7073170731707317
0.8857142857142857
0.7857142857142857
0.7666666666666666
0.6176470588235294
0.6097560975609756
0.6799999999999999
0.2857142857142857
0.8461538461538461
0.875
0.3076923076923077
0.8857142857142857
0.7666666666666666
0.3076923076923077
0.76
0.8857142857142857
0.8857142857142857
0.7209302325581395
0.8378378378378378
0.7045454545454546
0.8857142857142857
0.6774193548387097
0.7435897435897436
0.5333333333333333
0.2857142857142857
0.3076923076923077
0.6086956521739131
0.7045454545454546
0.6896551724137931
0.4883720930232558
0.5909090909090908
0.7419354838709677
0.8378378378378378
0.6266666666666667
0.8378378378378378
0.5849056603773585
0.3076923076923077
0.6086956521739131
0.54
0.6296296296296297
0.5692307692307692
0.5909090909090908
0.71875
0.4
0.3076923076923077
0.5869565217391304
0.4883720930232558
0.6086956521739131
0.3076923076923077
0.6976744186046512
0.6904761904761905
0.3076923076923077
0.7073170731707317
0.5909090909090908
0.8857142857142857
0.7073170731707317
0.6129032258064516
0.8775510204081632
0.6774193548387097
0.8857142857142857
0.24
0.6129032258064516
0.3076923076923077
0.6097560975609756
0.2666666666666667
0.5416666666666667
0.33333333333333337
0.21052631578947367
0.6086956521739131
0.6086956521739131
0.7352941176470589
0.45833333333333337
0.8378378378378378
0.728813559322034
0.8378378378378378
0.6774193548387097
0.5728155339805825
0.8421052631578947
0.59375
0.6129032258064516
0.2857142857142857
0.5909090909090908
0.6774193548387097
0.6086956521739131
0.3076923076923077
0.6122448979591837
0.5897435897435898
0.71875
0.7209302325581395
0.8518518518518519
0.76
0.7209302325581395
0.5416666666666667
0.6338028169014085
0.6799999999999999
0.7352941176470589
0.31034482758620685
0.6976744186046512
0.3076923076923077
0.6444444444444444
0.7209302325581395
0.2222222222222222
0.5416666666666667
0.6086956521739131
0.6086956521739131
0.7073170731707317
0.8181818181818181
0.3076923076923077
0.3076923076923077
0.3076923076923077
0.3076923076923077
0.7352941176470589
0.7818181818181819
0.7464788732394366
0.6086956521739131
0.6060606060606061
0.8461538461538461
0.8461538461538461
0.7857142857142857
0.6086956521739131
0.7209302325581395
0.8133333333333334
0.3076923076923077
0.3076923076923077
0.6266666666666667
0.8857142857142857
0.7073170731707317
0.3076923076923077
0.6938775510204082
0.3076923076923077
0.6296296296296297
0.6774193548387097
0.8421052631578947
0.7209302325581395
0.8378378378378378
0.76
0.7857142857142857
0.5909090909090908
0.7209302325581395
0.7209302325581395
0.8461538461538461
0.3076923076923077
0.7352941176470589
0.6666666666666667
0.7352941176470589
0.5909090909090908
0.4
0.6086956521739131
0.3076923076923077
0.7857142857142857
0.3076923076923077
0.5238095238095238
0.8857142857142857
0.6867469879518072
0.7209302325581395
0.875
0.6862745098039216
0.8461538461538461
0.6774193548387097
0.6774193548387097
0.589041095890411
0.3076923076923077
0.59375
0.7857142857142857
0.6363636363636364
0.6799999999999999
0.6904761904761905
0.3076923076923077
0.2727272727272727
0.5533980582524272
0.7209302325581395
0.6867469879518072
0.6976744186046512
0.6086956521739131
0.8378378378378378
0.4
0.8367346938775511
0.4347826086956522
0.24
0.7352941176470589
0.7209302325581395
0.6086956521739131
0.7818181818181819
0.6799999999999999
0.6086956521739131
0.4
0.7209302325581395
0.5909090909090908
0.8378378378378378
0.7209302325581395
0.3076923076923077
0.6086956521739131
0.6774193548387097
0.6086956521739131
0.6111111111111112
0.7666666666666666
0.8461538461538461
0.8461538461538461
0.8857142857142857
0.24
0.5849056603773585
0.3076923076923077
0.3076923076923077
0.24
0.4545454545454546
0.6086956521739131
0.3076923076923077
0.3076923076923077
0.8378378378378378
0.8378378378378378
0.7582417582417582
0.5157894736842106
0.6744186046511628
0.6065573770491803
0.3076923076923077
0.7333333333333334
0.6129032258064516
0.3076923076923077
0.7857142857142857
0.8378378378378378
0.6976744186046512
0.6842105263157895
0.75
0.7209302325581395
0.6455696202531646
0.5877862595419847
0.6060606060606061
0.5157894736842106
0.875
0.3076923076923077
0.5662650602409638
0.85
0.5909090909090908
0.6086956521739131
0.29032258064516125
0.8181818181818181
0.7209302325581395
0.7560975609756098
0.5
0.7073170731707317
0.3076923076923077
0.8723404255319149
0.6976744186046512
0.7352941176470589
0.8
0.6086956521739131
0.3076923076923077
0.3076923076923077
0.7209302325581395
0.4
0.6774193548387097
0.6086956521739131
0.7209302325581395
0.5416666666666667
0.6938775510204082
0.6949152542372881
0.5909090909090908
0.4
0.6842105263157895
0.8857142857142857
0.6129032258064516
0.5909090909090908
0.6862745098039216
0.33333333333333337
0.3076923076923077
0.7209302325581395
0.7352941176470589
0.4
0.6923076923076923
0.7857142857142857
0.59375
0.6799999999999999
0.6825396825396826
0.5625
0.6774193548387097
0.3076923076923077
0.3076923076923077
0.5909090909090908
0.8378378378378378
0.8723404255319149
0.7464788732394366
0.3076923076923077
0.7073170731707317
0.6
0.4
0.6619718309859155
0.7142857142857143
0.3076923076923077
0.6086956521739131
0.7209302325581395
0.6338028169014085
0.3076923076923077
0.6938775510204082
0.3076923076923077
0.7297297297297297
0.7971014492753623
0.5700934579439252
0.5483870967741935
0.5111111111111111
0.6363636363636364
0.4
0.3076923076923077
0.4883720930232558
0.7073170731707317
0.7931034482758621
0.6086956521739131
0.7352941176470589
0.7857142857142857
0.8857142857142857
0.546218487394958
0.7931034482758621
0.4883720930232558
0.5909090909090908
0.8723404255319149
0.5909090909090908
0.4
0.3076923076923077
0.7352941176470589
0.8857142857142857
0.7209302325581395
0.59375
0.71875
0.3076923076923077
0.7971014492753623
0.24
0.7209302325581395
0.5918367346938775
0.4
0.7352941176470589
0.71875
0.4545454545454546
0.6444444444444444
0.6470588235294117
0.3076923076923077
0.4408602150537635
0.33333333333333337
0.7087378640776699
0.59375
0.7352941176470589
0.6086956521739131
0.3076923076923077
0.45833333333333337
0.7045454545454546
0.5578947368421052
0.6129032258064516
0.2857142857142857
0.6086956521739131
0.7428571428571429
0.6774193548387097
0.75
0.5909090909090908
0.7209302325581395
0.3076923076923077
0.4375
0.59375
0.7209302325581395
0.7666666666666666
0.5909090909090908
0.3076923076923077
0.6551724137931034
0.3076923076923077
0.59375
0.3076923076923077
0.7352941176470589
0.8181818181818181
0.3076923076923077
0.7073170731707317
0.7352941176470589
0.2727272727272727
0.5849056603773585
0.6867469879518072
0.6349206349206349
0.7333333333333334
0.7209302325581395
0.8378378378378378
0.5593220338983051
0.7352941176470589
0.875
0.24
0.6086956521739131
0.6774193548387097
0.4
0.7777777777777778
0.7857142857142857
0.5164835164835164
0.6086956521739131
0.2857142857142857
0.7666666666666666
0.3076923076923077
0.3076923076923077
0.8
0.8857142857142857
0.4883720930232558
0.8378378378378378
0.6170212765957447
0.7948717948717949
0.59375
0.6551724137931034
0.7352941176470589
0.8076923076923077
0.6086956521739131
0.4
0.7857142857142857
0.3076923076923077
0.3076923076923077
0.6176470588235294
0.7087378640776699
0.3076923076923077
0.2857142857142857
0.6688741721854304
0.24
0.8378378378378378
0.8857142857142857
0.6904761904761905
0.7931034482758621
0.4
0.7209302325581395
0.6129032258064516
0.5111111111111111
0.24
0.641025641025641
0.6344086021505376
0.45833333333333337
0.7045454545454546
0.7073170731707317
0.7582417582417582
0.5443037974683544
0.6774193548387097
0.3076923076923077
0.625
0.653061224489796
0.6086956521739131
0.5909090909090908
0.6774193548387097
0.5581395348837209
0.6938775510204082
0.8857142857142857
0.7818181818181819
0.2857142857142857
0.7582417582417582
0.3076923076923077
0.6938775510204082
0.8857142857142857
0.7045454545454546
0.5869565217391304
0.7818181818181819
0.6129032258064516
0.84
0.3076923076923077
0.3076923076923077
0.3076923076923077
0.3076923076923077
0.6551724137931034
0.4
0.8378378378378378
0.8378378378378378
0.6129032258064516
0.6666666666666667
0.6129032258064516
0.8235294117647058
0.7073170731707317
0.8857142857142857
0.6774193548387097
0.29032258064516125
0.5238095238095238
0.7142857142857143
0.76
0.8857142857142857
0.8857142857142857
0.59375
0.3076923076923077
0.6086956521739131
0.7352941176470589
0.8378378378378378
0.6938775510204082
0.6140350877192983
0.6170212765957447
0.84
0.6774193548387097
0.6190476190476191
0.29032258064516125
0.2727272727272727
0.6190476190476191
0.6129032258064516
0.7142857142857143
0.49056603773584906
0.6122448979591837
0.7037037037037037
0.59375
0.5909090909090908
0.39682539682539686
0.7142857142857143
0.5909090909090908
0.8857142857142857
0.8857142857142857
0.6326530612244898
0.7209302325581395
0.5087719298245614
0.7209302325581395
0.7857142857142857
0.24
0.6097560975609756
0.5909090909090908
0.4
0.76
0.8857142857142857
0.6721311475409837
0.5619047619047619
0.8695652173913043
0.3076923076923077
0.6086956521739131
0.6774193548387097
0.6610169491525424
0.7464788732394366
0.7073170731707317
0.6799999999999999
0.875
0.5769230769230769
0.7209302325581395
0.6799999999999999
0.8867924528301887
0.6904761904761905
0.7352941176470589
0.5533980582524272
0.3076923076923077
0.75
0.7142857142857143
0.25
0.7352941176470589
0.5412844036697247
0.84
0.3076923076923077
0.7045454545454546
0.6086956521739131
0.7627118644067796
0.6774193548387097
0.728813559322034
0.6086956521739131
0.7352941176470589
0.8378378378378378
0.6140350877192983
0.6086956521739131
0.5849056603773585
0.607843137254902
0.3076923076923077
0.8421052631578947
0.4
0.6140350877192983
0.54
0.6086956521739131
0.8421052631578947
0.3076923076923077
0.7209302325581395
0.6086956521739131
0.6590909090909092
0.7666666666666666
0.3076923076923077
0.3076923076923077
0.7121212121212122
0.4
0.7857142857142857
0.5849056603773585
0.8378378378378378
0.875
0.3076923076923077
0.65625
0.6097560975609756
0.4
0.2857142857142857
0.3076923076923077
0.5681818181818181
0.3076923076923077
0.8857142857142857
0.59375
0.875
0.5909090909090908
0.6086956521739131
0.8461538461538461
0.6086956521739131
0.6867469879518072
0.5849056603773585
0.4
0.6904761904761905
0.6140350877192983
0.6774193548387097
0.6938775510204082
0.6086956521739131
0.6666666666666667
0.6470588235294117
0.7
0.7352941176470589
0.3076923076923077
0.3076923076923077
0.3076923076923077
0.6086956521739131
0.8421052631578947
0.24
0.34285714285714286
0.7582417582417582
0.6904761904761905
0.9111111111111111
0.75
0.7037037037037037
0.7931034482758621
0.7857142857142857
0.7142857142857143
0.8378378378378378
0.7464788732394366
0.3076923076923077
0.3076923076923077
0.6086956521739131
0.7142857142857143
0.7818181818181819
0.5849056603773585
0.3076923076923077
0.24
0.76
0.6140350877192983
0.7560975609756098
0.8421052631578947
0.6981132075471699
0.8857142857142857
0.59375
0.7464788732394366
0.8378378378378378
0.65625
0.6938775510204082
0.25
0.7209302325581395
0.6086956521739131
0.8064516129032258
0.8181818181818181
0.641025641025641
0.6086956521739131
0.6065573770491803
0.5909090909090908
0.6086956521739131
0.7352941176470589
0.7209302325581395
0.24
0.3076923076923077
0.8181818181818181
0.6170212765957447
0.59375
0.6470588235294117
0.8857142857142857
0.3076923076923077
0.7948717948717949
0.5877862595419847
0.6129032258064516
0.8378378378378378
0.7857142857142857
0.6727272727272727
0.7209302325581395
0.3076923076923077
0.6129032258064516
0.3076923076923077
0.641025641025641
0.6086956521739131
0.6338028169014085
0.875
0.65625
0.7818181818181819
0.7209302325581395
0.21052631578947367
0.24
0.7857142857142857
0.7352941176470589
0.8461538461538461
0.7818181818181819
0.7666666666666666
0.6799999999999999
0.4
0.71875
