0.33429429429429425
0.030510407755916735
0.36283185840707965
0.3743500866551126
0.0315273951637588
0.3523527232308262
0.3523527232308262
0.36283185840707965
0.36283185840707965
0.36283185840707965
0.3743500866551126
0.33429429429429425
0.3523527232308262
0.3523527232308262
0.3743500866551126
0.33429429429429425
0.029623238423928666
0.3523527232308262
0.33429429429429425
0.3743500866551126
0.3743500866551126
0.3743500866551126
0.029048029910842654
0.3741379310344828
0.3741379310344828
0.3743500866551126
0.3523527232308262
0.3741379310344828
0.3743500866551126
0.3743500866551126
0.36283185840707965
0.3523527232308262
0.36283185840707965
0.3741379310344828
0.0003631741420010437
0.3743500866551126
0.36283185840707965
0.36283185840707965
0.3743500866551126
0.36283185840707965
0.36283185840707965
0.33429429429429425
0.3743500866551126
0.3741379310344828
0.3743500866551126
0.33429429429429425
0.36283185840707965
0.36283185840707965
0.33429429429429425
0.36283185840707965
0.3743500866551126
0.3741379310344828
0.36283185840707965
0.36283185840707965
0.36283185840707965
0.3743500866551126
0.3743500866551126
0.3743500866551126
0.36283185840707965
0.33429429429429425
0.33429429429429425
0.3523527232308262
0.3743500866551126
0.36283185840707965
0.3743500866551126
0.029623238423928666
0.36283185840707965
0.03150810645457325
0.33429429429429425
0.3523527232308262
0.3743500866551126
0.3523527232308262
0.36283185840707965
0.3743500866551126
0.36283185840707965
0.3743500866551126
0.36283185840707965
0.36283185840707965
0.3743500866551126
0.0
0.3743500866551126
0.0003631741420010437
0.3523527232308262
0.33429429429429425
0.36283185840707965
0.33429429429429425
0.3743500866551126
0.35838779956427014
0.33429429429429425
0.3741379310344828
0.3741379310344828
0.3743500866551126
0.33429429429429425
0.3523527232308262
0.3741379310344828
0.3741379310344828
0.3523527232308262
0.3743500866551126
0.3743500866551126
0.3743500866551126
0.36283185840707965
0.3523527232308262
0.3743500866551126
0.3523527232308262
0.0
0.3743500866551126
0.3743500866551126
0.3743500866551126
0.3523527232308262
