0.010495932826029897
0.030955346023839203
0.0056878777106291745
0.0
0.005977796754910281
0.006082388719933607
0.007881773399014746
0.010301313417460767
0.00046718056528849417
0.013102282333051551
0.007365352155899951
0.002270147559591429
0.013107822410147962
0.007881773399014746
0.0076292199122639515
0.0
0.01311336717428091
0.014358108108108114
-1.0
0.004265908282971909
0.013102282333051551
-1.0
0.0076292199122639515
0.004265908282971909
0.014358108108108114
0.007881773399014746
0.002051282051282022
0.0055579307396322886
-1.0
0.013118916631400745
0.005389927572848285
0.010495932826029897
0.010495932826029897
0.0023326335432704015
-1.0
0.0025927726462485756
0.004264392324093813
0.010495932826029897
0.006374963778614906
0.013102282333051551
0.006662804171494785
0.005977796754910281
0.010301313417460767
0.008528784648187626
0.006662804171494785
0.0
0.0075718464980210065
0.007365352155899951
-1.0
0.003575259206292425
0.007974237080202395
0.007363092498849477
0.0057705363204344495
0.010301313417460767
0.006662804171494785
0.006103763987792443
0.007964727634760305
0.008161877231763315
0.0076292199122639515
0.005553182400683476
-1.0
0.013524936601859716
0.010495932826029897
0.007881773399014746
-1.0
0.0076292199122639515
0.010495932826029897
-1.0
0.004265908282971909
0.00046718056528849417
0.002051282051282022
0.007974237080202395
0.010495932826029897
0.0
0.010301313417460767
0.0076292199122639515
0.0004669624095260394
0.006662804171494785
0.004265908282971909
0.007881773399014746
0.0076292199122639515
0.007881773399014746
0.0031859816806053542
0.008600917431192623
0.0011980830670926812
0.007881773399014746
0.0076292199122639515
0.0
0.006662804171494785
0.002051282051282022
0.0059803502776590856
0.0004669624095260394
0.014036580178647395
0.006374963778614906
0.0
0.010495932826029897
-1.0
0.0
-1.0
0.010495932826029897
0.0008839779005525017
0.005432937181663822
0.005550811272416745
0.007365352155899951
-1.0
0.0014537524986371064
0.006374963778614906
0.010495932826029897
0.3387232255354893
0.008246836342954644
0.00045819014891179677
0.007974237080202395
0.0004622140050843937
-1.0
0.006808510638297904
0.0004563084645220483
0.0018241042345277236
0.004265908282971909
0.0
0.0
0.006374963778614906
0.008161877231763315
-1.0
0.012701100762066098
0.0036948087936449214
0.0055579307396322886
0.010495932826029897
0.0055579307396322886
0.0004669624095260394
0.0014306151645206988
0.00046718056528849417
0.007881773399014746
0.030944335763827158
0.0
0.010495932826029897
0.008161877231763315
0.010301313417460767
0.010301313417460767
0.013118916631400745
0.004267425320056861
0.013102282333051551
0.013107822410147962
0.0
0.005982905982905962
0.00046718056528849417
-1.0
0.010495932826029897
0.00239890335846471
0.0
0.010495932826029897
0.0004421843908910539
0.00540540540540535
0.007881773399014746
0.010495932826029897
0.0004402377283733161
0.013524936601859716
0.006662804171494785
0.010495932826029897
0.004265908282971909
0.00044238000442375913
0.00045987583352491423
0.0051325919589392255
0.006342799481043659
0.006084070796460228
0.0054366292898403445
0.007881773399014746
0.014358108108108114
0.004265908282971909
0.01311336717428091
0.007974237080202395
0.004265908282971909
0.007971792120190058
0.0004669624095260394
0.010495932826029897
0.004267425320056861
0.008161877231763315
0.008161877231763315
0.010495932826029897
0.00046718056528849417
0.0004669624095260394
0.010301313417460767
0.007881773399014746
0.0017398869073510514
0.0071733561058924256
0.004256073771945368
0.006823609689525778
-1.0
0.006662804171494785
0.006662804171494785
0.00046718056528849417
-1.0
0.0004669624095260394
0.010495932826029897
0.007365352155899951
0.006374963778614906
0.0036907178446208277
0.0076292199122639515
0.01394759087066777
0.005766621438263231
0.004265908282971909
0.010495932826029897
0.007974237080202395
0.010301313417460767
0.0004669624095260394
0.006374963778614906
0.010495932826029897
0.00576857821513399
0.010495932826029897
0.0026857654431512445
0.007881773399014746
0.014358108108108114
0.010301313417460767
0.004264392324093813
0.01311336717428091
0.0004669624095260394
0.0
0.00046718056528849417
0.010495932826029897
0.008161877231763315
0.005982905982905962
0.007881773399014746
0.010495932826029897
0.030944335763827158
0.0076292199122639515
0.007881773399014746
-1.0
-1.0
0.010495932826029897
0.013107822410147962
0.0075718464980210065
0.010301313417460767
0.006662804171494785
0.0
-1.0
0.00045987583352491423
0.007881773399014746
0.006808510638297904
0.007881773399014746
0.008161877231763315
0.007881773399014746
0.007363092498849477
0.0025927726462485756
0.01311336717428091
0.0
0.007360834227879143
0.0022970903522204766
0.004688908926961277
0.006389776357827448
0.007363092498849477
0.030955346023839203
0.010495932826029897
0.00651041666666663
0.004264392324093813
0.00044238000442375913
0.006374963778614906
0.004265908282971909
0.010301313417460767
0.00093545369504211
0.0017999100044997496
0.006808510638297904
0.007971792120190058
0.002456140350877156
0.006662804171494785
0.0011883541295305555
-1.0
0.008161877231763315
0.0009269988412514696
0.005439401665816801
0.0
0.006662804171494785
-1.0
0.0059752454118651155
0.0013039226339237597
0.01311336717428091
0.004265908282971909
0.006660874601795541
0.0076292199122639515
0.004265908282971909
-1.0
0.004257583821181465
0.013107822410147962
0.005954912803062484
0.00046718056528849417
0.008184422316191542
0.005553182400683476
0.006808510638297904
0.002051282051282022
0.004255319148936176
0.006662804171494785
0.01311336717428091
0.0055579307396322886
0.008161877231763315
0.005432937181663822
0.006082388719933607
-1.0
0.004265908282971909
0.00046718056528849417
0.007881773399014746
0.007974237080202395
0.0076292199122639515
0.007881773399014746
-1.0
0.0
0.004264392324093813
0.01311336717428091
0.005432937181663822
-1.0
0.00046718056528849417
0.0076292199122639515
0.0
0.007881773399014746
0.007881773399014746
0.00045987583352491423
0.01311336717428091
0.005977796754910281
0.0017639276789651603
0.009561060408518007
0.006103763987792443
0.006662804171494785
0.0004669624095260394
0.0017398869073510514
0.00044238000442375913
0.010495932826029897
0.010495932826029897
0.010495932826029897
-1.0
0.004653191798749456
0.007881773399014746
0.0004622140050843937
0.007477906186267869
0.005431093007467802
0.008161877231763315
0.0004669624095260394
0.0008843687817819967
0.0004622140050843937
0.005553182400683476
0.006103763987792443
0.0076292199122639515
0.00046718056528849417
0.004265908282971909
0.00046718056528849417
0.005432937181663822
0.014358108108108114
0.0004669624095260394
0.0069044879171461515
-1.0
0.0
0.0014953271028037562
0.00540540540540535
0.007881773399014746
0.0017398869073510514
-1.0
0.013107822410147962
-1.0
0.003873466752743693
0.010495932826029897
0.006662804171494785
0.007881773399014746
0.0014526965680043968
0.006808510638297904
0.0
0.010495932826029897
0.010495932826029897
0.004265908282971909
0.005553182400683476
0.0
0.006316897701351132
-1.0
0.0004669624095260394
0.004265908282971909
0.007881773399014746
0.0004669624095260394
0.00046718056528849417
0.003450060376056552
0.006374963778614906
0.010495932826029897
-1.0
0.010266491917868104
0.005977796754910281
0.0038885288399221896
0.010301313417460767
-1.0
0.010495932826029897
0.007905138339920903
0.0
0.006103763987792443
0.0
0.004621400639886253
0.010495932826029897
0.0009240009240009117
0.008688097306689846
0.010301313417460767
0.013107822410147962
0.010495932826029897
0.010266491917868104
0.003873466752743693
0.006316897701351132
0.016964446850748938
0.006374963778614906
0.0008843687817819967
0.0004622140050843937
0.007363092498849477
0.010495932826029897
0.007365352155899951
0.005553182400683476
0.0055579307396322886
0.007881773399014746
0.0004669624095260394
0.296687188507769
0.0004669624095260394
0.004264392324093813
0.006374963778614906
0.0029400955531054818
0.0
0.007881773399014746
0.006855184233076295
0.00046718056528849417
0.006316897701351132
0.01328790459965934
0.010495932826029897
0.0017398869073510514
0.00683526999316475
0.0004669624095260394
0.007881773399014746
0.007881773399014746
0.006082388719933607
0.0
0.010495932826029897
-1.0
0.010495932826029897
0.007881773399014746
0.010495932826029897
0.006662804171494785
0.007363092498849477
0.006082388719933607
0.0009163802978235935
0.0
0.003118121790168793
0.0004669624095260394
0.005553182400683476
-1.0
0.0035530289571860108
0.013941698352344711
0.010301313417460767
0.004253056884635842
0.007881773399014746
0.0022421524663677195
0.0021660649819494893
0.007881773399014746
0.006374963778614906
0.01311336717428091
0.007881773399014746
0.005120056497175174
0.005550811272416745
0.007881773399014746
0.0004669624095260394
0.0004622140050843937
0.0076292199122639515
0.00046718056528849417
0.004030780505679732
0.0036948087936449214
0.0004669624095260394
0.007365352155899951
0.0076292199122639515
0.00046285582041194484
0.010495932826029897
0.3387232255354893
0.004024650987297207
0.010495932826029897
-1.0
0.010495932826029897
0.005977796754910281
0.006662804171494785
0.0009035464196973653
0.007881773399014746
0.004264392324093813
0.0004669624095260394
0.010495932826029897
0.009552757273121992
0.006806193636208935
-1.0
0.01311336717428091
0.010495932826029897
0.004264392324093813
0.005242463958060273
0.0
0.010495932826029897
0.00046718056528849417
0.006662804171494785
0.005432937181663822
0.006374963778614906
0.010495932826029897
0.007881773399014746
0.007881773399014746
0.010301313417460767
0.006662804171494785
0.010495932826029897
0.007881773399014746
0.010495932826029897
0.010495932826029897
0.0052344601962922566
0.010495932826029897
0.013118916631400745
0.010301313417460767
0.0054366292898403445
0.0076292199122639515
0.005432937181663822
0.007881773399014746
-1.0
0.0014529604068289625
0.007881773399014746
0.0055579307396322886
0.01311336717428091
0.0004669624095260394
0.0004806536890170632
0.0051325919589392255
0.0022742779167613802
0.007881773399014746
0.0076292199122639515
0.0031859816806053542
0.006808510638297904
0.01311336717428091
0.008582375478927151
-1.0
-1.0
0.007881773399014746
0.0
-1.0
0.005434782608695676
0.0025927726462485756
0.00046718056528849417
0.007881773399014746
-1.0
0.0014448257178977242
0.0015841584158415856
0.010301313417460767
0.0
0.3387232255354893
0.0017398869073510514
0.0033069998162778003
0.012701100762066098
0.010495932826029897
0.010495932826029897
0.006374963778614906
0.004621400639886253
0.002303815694744471
0.00046718056528849417
0.005553182400683476
0.005553182400683476
-1.0
0.0009047726758651953
0.0011983223487117556
0.007881773399014746
0.010495932826029897
0.013118916631400745
-1.0
0.00046718056528849417
0.0004402377283733161
0.006662804171494785
0.010495932826029897
0.004253056884635842
0.007881773399014746
0.007365352155899951
0.01311336717428091
0.009960159362549792
0.00045966444495515457
0.007881773399014746
0.010301313417460767
0.00046718056528849417
0.006808510638297904
0.0051325919589392255
0.0069504778453518545
0.010495932826029897
0.0055579307396322886
0.010301313417460767
0.010301313417460767
0.0
0.0
-1.0
0.010495932826029897
0.014370245139475935
0.00239890335846471
0.00046718056528849417
0.004265908282971909
0.010301313417460767
0.0004669624095260394
-1.0
-1.0
0.004265908282971909
0.004264392324093813
0.010301313417460767
0.0076292199122639515
0.010495932826029897
0.006374963778614906
0.0051325919589392255
0.0
0.016964446850748938
0.010495932826029897
0.00512820512820511
0.013107822410147962
0.006662804171494785
0.0055579307396322886
-1.0
0.004256073771945368
0.022562240663900446
0.030955346023839203
0.004253056884635842
0.007365352155899951
0.010495932826029897
0.007964727634760305
0.008184422316191542
0.007881773399014746
0.005977796754910281
0.0
-1.0
0.005977796754910281
0.00046285582041194484
0.008161877231763315
0.007881773399014746
-1.0
0.007881773399014746
0.0076292199122639515
0.007881773399014746
0.2617393720477911
0.007964727634760305
0.006662804171494785
0.005431093007467802
-1.0
0.0
0.00046718056528849417
0.01311336717428091
0.03182549615590913
0.0
0.0034837136387388945
0.010495932826029897
0.0015610771432288395
0.004265908282971909
0.004265908282971909
0.0076292199122639515
0.007669888019634863
0.00512820512820511
0.007881773399014746
0.007363092498849477
0.007881773399014746
0.014358108108108114
0.010495932826029897
0.006662804171494785
-1.0
0.013118916631400745
0.010495932826029897
-1.0
-1.0
0.010495932826029897
0.0
0.01311336717428091
0.0034488704949129367
0.0128942324446768
0.006374963778614906
0.00044004400440045277
0.00046718056528849417
0.004267425320056861
0.010301313417460767
0.006374963778614906
-1.0
0.00576857821513399
0.007974237080202395
0.3387232255354893
0.007881773399014746
0.0075718464980210065
0.01311336717428091
0.004265908282971909
0.0012420431609998506
0.007574453434326056
0.00045819014891179677
0.00547757617254363
0.0057705363204344495
0.010301313417460767
0.0025927726462485756
0.0009147038646237782
0.010495932826029897
-1.0
0.007881773399014746
0.01311336717428091
0.0
0.007881773399014746
-1.0
0.0076292199122639515
0.010495932826029897
0.0051325919589392255
0.010301313417460767
0.0009047726758651953
0.009561060408518007
0.008161877231763315
0.0004622140050843937
-1.0
0.00540540540540535
0.005766621438263231
-1.0
0.005766621438263231
0.00540540540540535
0.0
0.007881773399014746
0.008341443069651011
-1.0
0.012690355329949221
0.0055579307396322886
0.010301313417460767
0.007881773399014746
0.008246836342954644
0.004264392324093813
0.012684989429175508
0.006808510638297904
0.008161877231763315
0.0008843687817819967
0.007881773399014746
0.007365352155899951
0.0013600816048963127
0.005550811272416745
0.0004669624095260394
0.0019047619047618536
0.0076292199122639515
0.006103763987792443
0.010495932826029897
0.010495932826029897
0.0038885288399221896
0.00046718056528849417
0.004265908282971909
0.005434782608695676
0.013118916631400745
0.0057705363204344495
0.010495932826029897
0.030175210902011695
0.008161877231763315
0.0004449388209121219
0.0004669624095260394
0.010301313417460767
-1.0
0.004267425320056861
0.010495932826029897
0.00046718056528849417
0.004267425320056861
0.0
0.0075718464980210065
0.0076292199122639515
0.0029207740051113706
0.004267425320056861
0.010495932826029897
0.007881773399014746
0.004265908282971909
0.00046718056528849417
0.0021660649819494893
0.0024127691165553022
0.006808510638297904
0.00045987583352491423
0.010495932826029897
0.007881773399014746
0.010495932826029897
0.007881773399014746
0.010495932826029897
0.010301313417460767
0.0004550625711035039
0.009375665885361206
-1.0
0.007881773399014746
0.010495932826029897
0.013102282333051551
0.010301313417460767
0.0008843687817819967
0.005321722302854326
0.006662804171494785
0.007881773399014746
0.006662804171494785
0.00512820512820511
-1.0
0.00045464878381451523
0.013096746937051096
0.010495932826029897
0.00046718056528849417
0.010301313417460767
0.00044238000442375913
0.010495932826029897
0.0004455335263978677
0.0038885288399221896
0.005674378000873004
0.010495932826029897
0.00046718056528849417
0.00046718056528849417
0.010495932826029897
0.007881773399014746
0.006402048655569814
0.0076292199122639515
-1.0
0.007881773399014746
0.004264392324093813
0.00044238000442375913
0.003450060376056552
0.007881773399014746
0.010301313417460767
0.004265908282971909
0.0
0.012695725772323363
0.0076292199122639515
0.00576857821513399
0.0004669624095260394
0.0016375545851528006
0.007881773399014746
-1.0
0.010495932826029897
0.0076292199122639515
0.006808510638297904
0.006662804171494785
0.006662804171494785
0.005766621438263231
0.0026857654431512445
0.003202846975088991
0.0021660649819494893
0.010495932826029897
0.003450060376056552
0.005434782608695676
-1.0
0.010495932826029897
0.0076292199122639515
-1.0
0.00576857821513399
-1.0
0.005434782608695676
0.007881773399014746
0.007881773399014746
0.005553182400683476
0.00046718056528849417
0.0004669624095260394
0.010495932826029897
0.005434782608695676
0.007881773399014746
0.0036771465342894105
0.006374963778614906
0.0009240009240009117
0.0
0.004253056884635842
0.006374963778614906
0.010301313417460767
0.3387232255354893
0.0004669624095260394
0.00046718056528849417
0.00046718056528849417
0.007881773399014746
0.0003907776475186031
0.0023537932283179686
0.004688908926961277
0.007881773399014746
0.010495932826029897
0.008246836342954644
0.008161877231763315
0.00046718056528849417
-1.0
0.010495932826029897
0.004265908282971909
-1.0
0.010301313417460767
0.00046718056528849417
0.010301313417460767
0.006396588486140775
0.0004669624095260394
0.010301313417460767
0.006374963778614906
-1.0
0.0022714366837024436
0.004265908282971909
0.007881773399014746
0.012684989429175508
0.004265908282971909
0.010495932826029897
0.006374963778614906
0.007365352155899951
-1.0
0.013107822410147962
0.007881773399014746
0.013524936601859716
0.007881773399014746
0.007881773399014746
0.010495932826029897
0.007974237080202395
0.010495932826029897
0.010495932826029897
0.0015082956259426794
0.01311336717428091
0.002270147559591429
0.010495932826029897
0.006662804171494785
0.005977796754910281
0.0016047071409467373
0.004292613128241807
-1.0
-1.0
0.03182549615590913
0.0034825004353125077
0.010495932826029897
0.013524936601859716
0.007363092498849477
0.010495932826029897
0.0076292199122639515
0.006662804171494785
0.0022413149047441072
0.0009088843444671202
0.012690355329949221
0.010495932826029897
0.0
0.010495932826029897
0.006374963778614906
0.010495932826029897
0.006374963778614906
0.006662804171494785
0.010495932826029897
0.006162273194111556
0.006808510638297904
0.015466531440162301
0.0023546458974823548
0.010495932826029897
0.010495932826029897
0.008246836342954644
0.008161877231763315
0.0055579307396322886
0.007669888019634863
0.006662804171494785
0.006662804171494785
0.010301313417460767
0.004265908282971909
0.0004622140050843937
0.006374963778614906
0.0022371364653244186
0.010495932826029897
0.0004402377283733161
0.0055579307396322886
0.010495932826029897
0.0076292199122639515
0.006113537117903967
0.01311336717428091
0.010495932826029897
0.006374963778614906
0.010301313417460767
-1.0
0.0075718464980210065
0.007881773399014746
0.00576857821513399
0.005434782608695676
0.010495932826029897
0.0
-1.0
-1.0
0.00046718056528849417
0.00046718056528849417
0.00046718056528849417
0.007881773399014746
0.012684989429175508
0.013118916631400745
0.007881773399014746
0.0017398869073510514
0.01311336717428091
0.010495932826029897
0.004265908282971909
0.00540540540540535
0.0025927726462485756
0.012684989429175508
0.007819139894611582
0.007881773399014746
-1.0
0.0
0.007881773399014746
0.006662804171494785
0.003873466752743693
0.004265908282971909
0.010238907849829393
0.0052390307793058755
0.012701100762066098
0.004265908282971909
0.0011883541295305555
0.007881773399014746
0.0004669624095260394
0.0004669624095260394
0.010301313417460767
-1.0
0.010495932826029897
0.007881773399014746
0.008246836342954644
0.0017969451931716396
0.00284343344588589
0.007881773399014746
-1.0
0.00046718056528849417
0.00576857821513399
0.006808510638297904
0.007881773399014746
0.006662804171494785
-1.0
0.006374963778614906
0.010495932826029897
0.006374963778614906
0.004265908282971909
0.010495932826029897
0.007974237080202395
0.00046718056528849417
0.007881773399014746
0.010495932826029897
0.004257583821181465
0.013107822410147962
0.004264392324093813
0.006319115323854652
0.006662804171494785
0.007881773399014746
0.010495932826029897
0.010495932826029897
0.013107822410147962
0.004264392324093813
0.004264392324093813
0.005981627857295502
0.0076292199122639515
0.006662804171494785
0.010495932826029897
0.010495932826029897
0.010495932826029897
0.0076292199122639515
0.0
0.005954912803062484
0.00683526999316475
0.013107822410147962
0.007974237080202395
0.006399317406143301
0.29678362573099415
-1.0
0.004267425320056861
0.0004622140050843937
-1.0
0.006374963778614906
0.006662804171494785
0.014358108108108114
0.007881773399014746
0.008161877231763315
0.005434782608695676
0.00046718056528849417
0.004265908282971909
0.0055579307396322886
0.006374963778614906
0.010495932826029897
0.004265908282971909
0.005553182400683476
0.006124532153793827
0.010301313417460767
0.010495932826029897
-1.0
0.00512820512820511
0.00045966444495515457
0.010301313417460767
0.00046718056528849417
0.004265908282971909
0.0
-1.0
0.00045464878381451523
0.007974237080202395
0.010495932826029897
0.0
0.012695725772323363
0.006374963778614906
0.0022970903522204766
0.0004509582863585493
0.0017398869073510514
0.014358108108108114
0.0015610771432288395
0.0004622140050843937
0.004265908282971909
-1.0
0.0021660649819494893
0.010301313417460767
0.010301313417460767
-1.0
-1.0
0.0011983223487117556
-1.0
0.00046718056528849417
0.0026857654431512445
0.006082388719933607
0.004688908926961277
0.0055579307396322886
0.010495932826029897
0.010495932826029897
0.0076292199122639515
-1.0
-1.0
0.0
0.013524936601859716
0.0009092975676290305
0.0036737692872887973
0.010301313417460767
0.010301313417460767
0.014358108108108114
-1.0
0.004264392324093813
0.005438477226376581
0.007881773399014746
0.00576857821513399
-1.0
0.0026857654431512445
0.004284949116229231
0.0035530289571860108
0.007881773399014746
0.010495932826029897
0.010495932826029897
0.007881773399014746
0.004790860512253525
0.006374963778614906
0.00512820512820511
0.00046718056528849417
0.010495932826029897
-1.0
-1.0
0.0
-1.0
0.0004669624095260394
0.007881773399014746
0.0003907776475186031
0.007881773399014746
-1.0
0.004253056884635842
-1.0
0.004264392324093813
0.006316897701351132
0.00045987583352491423
0.010495932826029897
0.007363092498849477
0.010495932826029897
0.010495932826029897
0.030955346023839203
0.016964446850748938
0.004265908282971909
0.0026857654431512445
0.006374963778614906
0.010301313417460767
0.0076292199122639515
0.0051325919589392255
0.0009265693768820693
0.0051325919589392255
0.010495932826029897
0.00576857821513399
0.012335176520629543
0.0022321428571429047
0.007881773399014746
0.0076292199122639515
0.010301313417460767
0.0004669624095260394
0.0
0.007365352155899951
0.003873466752743693
0.0052390307793058755
0.010301313417460767
0.004265908282971909
0.007365352155899951
0.010495932826029897
0.0
0.007881773399014746
0.0076292199122639515
0.012695725772323363
0.007881773399014746
0.006662804171494785
0.010495932826029897
0.007363092498849477
0.00046718056528849417
0.006662804171494785
-1.0
0.004265908282971909
0.006662804171494785
0.0076292199122639515
-1.0
0.030955346023839203
0.0026857654431512445
0.004253056884635842
0.004264392324093813
0.010495932826029897
0.0
0.0
0.007881773399014746
0.003472975906229636
0.008314855875831473
0.0
0.0
0.010495932826029897
0.006808510638297904
0.003873466752743693
0.0075718464980210065
0.006662804171494785
0.006374963778614906
0.006103763987792443
0.0
-1.0
0.008249182193144633
0.007881773399014746
0.0004669624095260394
0.013107822410147962
0.01311336717428091
0.2986451426924186
0.006662804171494785
0.010495932826029897
0.0004669624095260394
0.006103763987792443
0.0
0.010495932826029897
0.0004669624095260394
0.0
0.010301313417460767
0.010495932826029897
0.006103763987792443
0.010301313417460767
0.00044238000442375913
0.010495932826029897
0.006389776357827448
0.01311336717428091
-1.0
0.0057715158716686865
0.010495932826029897
0.007881773399014746
0.0008839779005525017
0.006805035726437536
0.0076292199122639515
0.007881773399014746
0.012695725772323363
0.010495932826029897
0.00046718056528849417
0.0
0.006662804171494785
0.007881773399014746
0.0004563084645220483
0.0020519835841312783
0.006662804171494785
0.010495932826029897
0.007881773399014746
0.004257583821181465
0.007365352155899951
0.010301313417460767
0.0004622140050843937
0.001832844574780057
0.005635787249031354
0.007881773399014746
0.005120056497175174
0.01311336717428091
0.005553182400683476
0.006374963778614906
0.007881773399014746
0.007881773399014746
-1.0
-1.0
0.0008800880088009055
0.006103763987792443
0.006374963778614906
0.010495932826029897
0.004251550044287011
0.008246836342954644
-1.0
0.0076292199122639515
0.007881773399014746
0.0004669624095260394
0.006103763987792443
0.01311336717428091
0.0034837136387388945
0.006374963778614906
0.008246836342954644
0.010301313417460767
0.001208641788789877
0.006823609689525778
0.013530655391120527
0.0052344601962922566
0.0057705363204344495
0.007974237080202395
0.010495932826029897
0.007881773399014746
0.00046718056528849417
0.013513513513513487
0.005777400169923563
0.010301313417460767
0.007881773399014746
0.006662804171494785
0.007881773399014746
0.0008839779005525017
0.001208641788789877
0.0017853157777282247
-1.0
0.0019047619047618536
0.006374963778614906
0.0061295971978984065
0.3387232255354893
0.006103763987792443
0.010495932826029897
0.010495932826029897
0.010495932826029897
0.010495932826029897
0.006367583212735117
0.010495932826029897
0.010495932826029897
0.007881773399014746
0.0
0.0024127691165553022
0.006662804171494785
0.00046718056528849417
0.007363092498849477
0.0052344601962922566
0.010495932826029897
0.0076292199122639515
0.0059803502776590856
0.010495932826029897
0.004265908282971909
0.010301313417460767
0.010495932826029897
0.005432937181663822
0.005553182400683476
0.007881773399014746
0.0004622140050843937
0.013118916631400745
0.006374963778614906
0.03986356853549344
0.0057705363204344495
0.006966618287372994
-1.0
0.00540540540540535
0.0076292199122639515
0.010301313417460767
0.00046718056528849417
-1.0
0.0014732965009207621
0.010495932826029897
0.010495932826029897
0.013513513513513487
0.010301313417460767
0.005766621438263231
0.006155950752393946
0.0
0.010495932826029897
0.007363092498849477
0.01311336717428091
0.006103763987792443
0.00576857821513399
0.010495932826029897
0.0003827751196172624
0.007881773399014746
0.007881773399014746
-1.0
0.0034488704949129367
0.0008843687817819967
0.010495932826029897
0.0025927726462485756
0.010495932826029897
0.006808510638297904
0.00512820512820511
-1.0
0.010495932826029897
0.0004669624095260394
0.010301313417460767
0.004265908282971909
0.006662804171494785
0.0076292199122639515
0.006339144215530945
-1.0
0.0
0.010495932826029897
0.006662804171494785
0.01311336717428091
0.007610074288820434
0.006660874601795541
0.0
0.0025927726462485756
0.003040600965837914
0.010495932826029897
0.006103763987792443
0.010301313417460767
0.0052782054101605524
0.007881773399014746
0.01311336717428091
0.0051325919589392255
-1.0
0.004265908282971909
0.006339144215530945
0.00046718056528849417
0.004265908282971909
0.0014611872146118587
0.010495932826029897
0.010301313417460767
0.0014526965680043968
0.0055579307396322886
0.0036948087936449214
0.013118916631400745
0.00046718056528849417
0.0076292199122639515
0.006103763987792443
0.005021302495435198
0.0076292199122639515
0.01311336717428091
0.007881773399014746
0.005766621438263231
0.0055579307396322886
0.006374963778614906
0.006806193636208935
0.00046718056528849417
-1.0
-1.0
-1.0
0.005977796754910281
-1.0
0.010301313417460767
0.006662804171494785
0.00046718056528849417
0.0008843687817819967
0.012684989429175508
0.010495932826029897
0.010301313417460767
0.010495932826029897
0.007363092498849477
0.0036989088218974953
0.00046718056528849417
0.006374963778614906
0.005434782608695676
0.008161877231763315
0.010301313417460767
0.007881773399014746
0.007964727634760305
0.013107822410147962
0.0012560841576385595
0.005982905982905962
0.010495932826029897
0.0009035464196973653
0.010495932826029897
0.010495932826029897
0.008161877231763315
0.0059752454118651155
0.0004622140050843937
0.0076292199122639515
-1.0
0.013118916631400745
0.0017398869073510514
0.01311336717428091
0.0052344601962922566
0.0004622140050843937
0.00576857821513399
0.0018202502844141266
0.007974237080202395
0.0055579307396322886
0.006374963778614906
0.0034488704949129367
0.010495932826029897
0.010301313417460767
0.005431093007467802
0.010301313417460767
0.010495932826029897
0.0008839779005525017
0.014370245139475935
-1.0
0.010495932826029897
0.0057705363204344495
0.014358108108108114
-1.0
0.0
0.006374963778614906
-1.0
0.006316897701351132
0.0031017369727046606
0.007365352155899951
0.006374963778614906
0.007669888019634863
0.007881773399014746
0.0009147038646237782
0.002015790357802749
0.006374963778614906
0.010495932826029897
0.010495932826029897
0.0
0.0009149130832570851
0.0004669624095260394
-1.0
0.01311336717428091
0.00044238000442375913
-1.0
0.0
0.0
0.012695725772323363
0.0021660649819494893
-1.0
0.00046718056528849417
0.0076292199122639515
0.006662804171494785
0.006374963778614906
0.00046718056528849417
0.010495932826029897
0.004264392324093813
-1.0
0.010301313417460767
0.01311336717428091
0.0
0.012695725772323363
0.007881773399014746
0.007365352155899951
0.007881773399014746
0.0038885288399221896
-1.0
0.010495932826029897
0.014799154334038
