0.010495932826029897
0.030955346023839203
0.001430871042747306
0.0
0.005977796754910281
0.00046718056528849417
0.003059975520195879
0.0018936405239071696
0.007365352155899951
0.0
0.010495932826029897
-1.0
0.007881773399014746
0.0008839779005525017
0.0
0.005648490115142346
0.0009178522257916599
0.004265908282971909
0.004265908282971909
0.006418485237484006
-1.0
0.0014582573824279965
0.0051325919589392255
0.007881773399014746
0.0055579307396322886
0.004265908282971909
0.013118916631400745
0.0014537524986371064
0.007881773399014746
0.004264392324093813
0.0023326335432704015
-1.0
0.0025927726462485756
0.0014537524986371064
0.010495932826029897
0.013530655391120527
0.0004669624095260394
0.00358369419142901
0.004264392324093813
0.00358369419142901
0.010495932826029897
0.005977796754910281
0.0035815549917922462
0.003005259203606281
0.0017877094972067464
0.00358369419142901
0.003060912151821249
0.0
0.2204658901830283
-1.0
-1.0
0.007974237080202395
0.007974237080202395
-1.0
0.003059975520195879
0.0035815549917922462
0.008186935016203267
0.011667293940534451
0.005553182400683476
-1.0
0.0013761467889907841
0.0004667444574095736
0.0
0.00358369419142901
0.010495932826029897
0.010495932826029897
0.0009269988412514696
0.010495932826029897
-1.0
0.004265908282971909
0.00046718056528849417
0.002051282051282022
0.007974237080202395
0.010495932826029897
0.007360834227879143
0.0
-1.0
0.010301313417460767
0.0076292199122639515
0.00358369419142901
0.007363092498849477
0.0017398869073510514
0.0076292199122639515
0.010495932826029897
0.007881773399014746
0.005982905982905962
0.0011980830670926812
0.007881773399014746
0.007881773399014746
0.0076292199122639515
0.0
0.00358369419142901
0.010495932826029897
0.002051282051282022
0.0004669624095260394
0.00046718056528849417
0.01580183642963917
0.00358369419142901
0.0
0.00046718056528849417
0.010495932826029897
-1.0
-1.0
0.010495932826029897
0.0008839779005525017
0.003060912151821249
0.0
0.0
0.007365352155899951
0.0011983223487117556
0.0014537524986371064
0.0004563084645220483
0.0035815549917922462
0.010495932826029897
0.2236014564713671
0.0009047726758651953
0.015141955835962118
0.0029065542799011634
0.00045819014891179677
0.004265908282971909
-1.0
0.008189728715236266
0.0004563084645220483
0.004265908282971909
0.0
0.00358369419142901
0.008186935016203267
-1.0
0.0014590552617180785
0.0014953271028037562
0.0025927726462485756
0.0055579307396322886
0.0004669624095260394
0.00046718056528849417
0.0004669624095260394
0.005553182400683476
0.0
0.010495932826029897
0.0026857654431512445
0.004265908282971909
0.008186935016203267
0.010301313417460767
0.010301313417460767
0.0
0.010495932826029897
0.004265908282971909
0.0025927726462485756
0.010495932826029897
0.0014590552617180785
0.0021982853374368228
0.004286479728522918
0.0
0.005982905982905962
0.010495932826029897
0.0
0.0038885288399221896
0.010301313417460767
0.010495932826029897
0.0
0.00358369419142901
0.010495932826029897
0.00358369419142901
0.0014224751066855834
0.00044238000442375913
0.00045987583352491423
0.0004669624095260394
0.0010752688172043223
0.009186351706036766
0.007881773399014746
0.010495932826029897
0.0012763241863433805
0.007971792120190058
0.010495932826029897
0.0004622140050843937
0.008186935016203267
0.008186935016203267
0.0004669624095260394
0.016348773841961872
0.0017398869073510514
0.003873466752743693
0.22911537830297057
0.0069777583951156075
-1.0
0.00358369419142901
0.00358369419142901
0.00045966444495515457
0.00046718056528849417
0.010495932826029897
0.0035815549917922462
0.0036907178446208277
-1.0
0.0025031289111389077
0.003059975520195879
0.003060912151821249
0.004265908282971909
0.007974237080202395
0.0022970903522204766
0.00952673632452361
0.008186935016203267
0.00358369419142901
0.010495932826029897
0.003059975520195879
0.010495932826029897
0.0026857654431512445
0.007881773399014746
0.00046718056528849417
0.0009178522257916599
0.010301313417460767
0.005779364269930309
0.0004669624095260394
0.0
0.00046718056528849417
0.007971792120190058
0.005982905982905962
0.007881773399014746
0.0004669624095260394
0.00046718056528849417
0.0014537524986371064
0.0055579307396322886
0.011667293940534451
0.007881773399014746
0.015608521408985498
0.0059752454118651155
-1.0
-1.0
0.010495932826029897
0.0051325919589392255
0.00358369419142901
0.005279366476022895
0.00929054054054057
0.0
-1.0
0.00045987583352491423
0.007881773399014746
0.008189728715236266
0.007881773399014746
0.008186935016203267
0.007363092498849477
0.0025927726462485756
0.0014660069635330508
0.007360834227879143
0.0022970903522204766
0.030955346023839203
0.010495932826029897
0.00651041666666663
0.004264392324093813
0.001905487804878092
0.00358369419142901
0.007881773399014746
0.00093545369504211
0.0017999100044997496
0.0
0.007971792120190058
0.0055579307396322886
0.002456140350877156
0.0011883541295305555
0.01311336717428091
0.010495932826029897
0.008186935016203267
0.030955346023839203
0.0009269988412514696
0.0
0.0014590552617180785
0.008186935016203267
0.00358369419142901
0.00358369419142901
-1.0
0.0059752454118651155
0.0013039226339237597
0.004265908282971909
0.004265908282971909
0.00358369419142901
0.0029065542799011634
-1.0
0.005562273276904506
0.00046718056528849417
0.00046718056528849417
0.008189728715236266
0.0
0.0016181229773463146
0.004255319148936176
0.00358369419142901
0.0035815549917922462
0.0
0.005601034037053032
0.008186935016203267
0.0059752454118651155
0.006082388719933607
0.004265908282971909
0.007881773399014746
0.004264392324093813
0.007974237080202395
0.007881773399014746
-1.0
0.0
0.010495932826029897
0.0
0.006520321669202356
0.003060912151821249
0.00952673632452361
0.007881773399014746
0.007881773399014746
0.0014035087719298511
0.0
0.0076292199122639515
0.0017639276789651603
0.003059975520195879
0.0035815549917922462
0.0004669624095260394
0.0017398869073510514
0.00044238000442375913
0.010495932826029897
0.010495932826029897
0.004265908282971909
0.010495932826029897
0.008189728715236266
0.010301313417460767
-1.0
-1.0
0.010495932826029897
0.0026592208482913993
0.0004622140050843937
0.006938421509106729
0.00817577925396018
0.003059975520195879
0.008186935016203267
-1.0
0.0004669624095260394
0.0008843687817819967
0.0004622140050843937
0.003059975520195879
0.0076292199122639515
0.00046718056528849417
0.004265908282971909
0.003060912151821249
0.005553182400683476
-1.0
0.0031007751937984773
-1.0
0.0014953271028037562
0.0030543677458766405
0.007881773399014746
-1.0
0.004286479728522918
0.003873466752743693
0.010495932826029897
0.0035815549917922462
0.007881773399014746
0.008189728715236266
0.010495932826029897
-1.0
0.0069777583951156075
-1.0
0.0004669624095260394
0.007365352155899951
0.004265908282971909
0.007881773399014746
0.00046718056528849417
0.003450060376056552
-1.0
0.0061823802163832875
0.003059975520195879
0.010301313417460767
0.0038885288399221896
0.01867522614531658
-1.0
0.010495932826029897
0.007905138339920903
0.0
0.004265908282971909
0.010495932826029897
0.0
0.004265908282971909
0.004621400639886253
0.010495932826029897
0.008585006898666259
0.0009240009240009117
0.0019844551017033085
0.008816547982366862
0.013107822410147962
0.0012763241863433805
0.010495932826029897
0.007881773399014746
0.0
0.003873466752743693
0.0004669624095260394
0.0017398869073510514
0.004218667604148352
0.028194147037830075
0.0035815549917922462
0.010495932826029897
0.00358369419142901
0.0008843687817819967
0.0004622140050843937
0.007363092498849477
0.010495932826029897
0.0017216642754662725
0.0017893088794452838
0.0055579307396322886
0.0004669624095260394
0.296687188507769
0.0004669624095260394
-1.0
0.0015907735136210244
0.0023121387283236983
0.006855184233076295
0.003590127150336575
0.00046718056528849417
0.01328790459965934
0.00358369419142901
0.0018544274455262189
0.0004669624095260394
0.007881773399014746
0.006082388719933607
0.010495932826029897
0.007881773399014746
0.0026449195503637224
0.010495932826029897
0.010495932826029897
0.006082388719933607
0.0009163802978235935
0.001990710019907138
0.005553182400683476
-1.0
0.0035530289571860108
0.002890695573622426
0.0035815549917922462
0.010301313417460767
0.0013939710751001977
0.007881773399014746
0.0022421524663677195
0.0
0.007881773399014746
0.007881773399014746
0.0019486846378694578
0.00151371807000944
0.005550811272416745
0.007881773399014746
0.011667293940534451
0.007881773399014746
0.0004622140050843937
0.007676953784738205
0.00046718056528849417
0.010301313417460767
0.004030780505679732
0.0059752454118651155
0.0
0.0
0.005977796754910281
0.003059975520195879
0.007881773399014746
0.010495932826029897
0.22911537830297057
0.010495932826029897
-1.0
0.010495932826029897
0.008189728715236266
0.00358369419142901
0.013118916631400745
0.0009035464196973653
0.010495932826029897
0.0004669624095260394
0.0018184573420215733
0.010495932826029897
0.005482268288504399
0.008186935016203267
-1.0
0.0
0.01311336717428091
0.010495932826029897
0.0021159542953872457
0.0
0.0
0.010495932826029897
0.00046718056528849417
0.003059975520195879
0.00358369419142901
0.00358369419142901
-1.0
0.00358369419142901
0.007881773399014746
0.007860560492139457
0.007881773399014746
0.012555140821174038
0.00358369419142901
0.010495932826029897
0.010487676979548999
0.010495932826029897
0.0019844551017033085
-1.0
0.013118916631400745
-1.0
0.005977796754910281
0.003059975520195879
0.011667293940534451
-1.0
0.00358369419142901
0.0004669624095260394
0.0051325919589392255
0.0022742779167613802
0.007881773399014746
0.0030543677458766405
0.0026135249918327608
0.008189728715236266
0.010495932826029897
0.001422728081095448
0.008582375478927151
-1.0
0.004264392324093813
0.00046718056528849417
0.024873828406632992
0.007881773399014746
-1.0
0.003059975520195879
0.008184422316191542
0.0025927726462485756
0.007881773399014746
0.0014448257178977242
0.0011983223487117556
0.0017215407789972215
0.0102279991476667
0.0
0.22911537830297057
0.012701100762066098
0.0022970903522204766
0.010495932826029897
0.006808510638297904
0.00358369419142901
0.004621400639886253
0.0338766379034835
0.007881773399014746
0.00046718056528849417
0.005553182400683476
0.005553182400683476
-1.0
0.0009047726758651953
0.0011983223487117556
0.010495932826029897
-1.0
0.00046718056528849417
0.008186935016203267
0.0004402377283733161
0.008184422316191542
0.012964858410098978
0.001985111662531014
0.00358369419142901
0.004253056884635842
0.007881773399014746
0.007365352155899951
0.005567451820128522
0.012042147516307056
0.007881773399014746
0.00545144804088582
0.00046718056528849417
-1.0
0.010495932826029897
0.0035815549917922462
0.010495932826029897
0.007881773399014746
0.0055579307396322886
0.0030525030525030417
0.0014537524986371064
0.010301313417460767
0.0
0.0
-1.0
0.0015531969971525061
0.010495932826029897
0.004265908282971909
0.010301313417460767
0.0
0.00046718056528849417
0.004265908282971909
0.0004669624095260394
-1.0
-1.0
0.004265908282971909
0.007881773399014746
0.0017398869073510514
0.00358369419142901
0.00952673632452361
0.010495932826029897
0.0035815549917922462
0.0
0.016964446850748938
0.010495932826029897
0.010495932826029897
0.010495932826029897
0.00512820512820511
0.00421940928270037
0.0055579307396322886
0.004256073771945368
0.022562240663900446
0.030955346023839203
0.004253056884635842
0.010495932826029897
0.002623294858342118
0.005982905982905962
0.008184422316191542
0.010495932826029897
0.004265908282971909
0.007881773399014746
0.005977796754910281
-1.0
0.005977796754910281
0.00046285582041194484
-1.0
0.010495932826029897
0.013553329404832004
0.2617393720477911
0.0029073993312981328
0.00358369419142901
0.005550811272416745
0.003059975520195879
0.0
0.00046718056528849417
0.005218525766470972
0.0035922766052985944
0.0034837136387388945
0.003809523809523818
0.010495932826029897
0.001783325902808719
0.001985111662531014
0.004265908282971909
0.00358369419142901
-1.0
0.0038885288399221896
0.007669888019634863
0.007881773399014746
0.0024118738404452778
0.002625533311453876
0.0
0.0009178522257916599
0.010495932826029897
0.00358369419142901
0.013118916631400745
0.007881773399014746
0.010495932826029897
-1.0
0.003059975520195879
0.05340179717586646
-1.0
0.010495932826029897
0.006466910972192319
0.0034488704949129367
0.0128942324446768
0.005982905982905962
0.00044004400440045277
0.004267425320056861
0.015549485185963441
0.0015531395606833698
0.003060912151821249
0.005562687205819428
0.22911537830297057
0.007881773399014746
0.003060912151821249
0.2204658901830283
0.005567451820128522
0.0009227220299884431
0.004265908282971909
0.048252397154345816
0.010495932826029897
0.0019420618223013886
0.003059975520195879
0.007881773399014746
0.0076292199122639515
-1.0
0.0012763241863433805
0.0004402377283733161
-1.0
0.0004669624095260394
0.005223068552774768
0.008189728715236266
-1.0
0.0076292199122639515
0.01311336717428091
0.014125956444967613
0.0009047726758651953
-1.0
0.01892931085477667
0.0016042780748662944
0.008186935016203267
0.010495932826029897
0.010301313417460767
0.003060912151821249
0.0076292199122639515
0.0
0.007881773399014746
0.008341443069651011
-1.0
0.0055579307396322886
0.010301313417460767
0.007881773399014746
0.0029065542799011634
0.004264392324093813
0.012684989429175508
0.010495932826029897
0.008189728715236266
0.003059975520195879
0.008186935016203267
0.0008843687817819967
0.007881773399014746
0.007365352155899951
0.0013600816048963127
0.005550811272416745
0.0004669624095260394
0.009177118384827154
0.0019047619047618536
0.0076292199122639515
0.003059975520195879
0.005213990875515995
0.0
0.00046718056528849417
0.004265908282971909
0.003059975520195879
0.0014270424545129723
0.013118916631400745
0.010495932826029897
0.030175210902011695
0.0004449388209121219
0.0004669624095260394
0.010301313417460767
-1.0
0.004267425320056861
0.010495932826029897
-1.0
0.00046718056528849417
0.001476287137848309
0.0
0.2204658901830283
0.00952673632452361
0.0029207740051113706
0.0014229811454997687
0.007881773399014746
0.0004622140050843937
0.010495932826029897
0.004265908282971909
0.00046718056528849417
0.0021660649819494893
0.0024127691165553022
0.008189728715236266
0.010495932826029897
0.007881773399014746
0.010495932826029897
0.007881773399014746
0.010495932826029897
0.010495932826029897
0.0076292199122639515
0.0061295971978984065
0.0003907776475186031
0.010495932826029897
0.0004550625711035039
-1.0
0.005977796754910281
0.008186935016203267
0.010495932826029897
0.004253056884635842
0.010495932826029897
0.010495932826029897
0.013102282333051551
0.010495932826029897
0.0022970903522204766
0.0
0.007881773399014746
0.0069777583951156075
0.007881773399014746
-1.0
0.00358369419142901
-1.0
0.007881773399014746
0.00045464878381451523
0.013096746937051096
0.00046718056528849417
0.007974237080202395
0.010495932826029897
0.0
0.005674378000873004
0.0
0.00046718056528849417
0.0022338049143708627
0.010495932826029897
0.007881773399014746
0.006402048655569814
0.0076292199122639515
0.0004669624095260394
0.0055579307396322886
0.00358369419142901
0.00151371807000944
0.007881773399014746
0.0014537524986371064
0.2236014564713671
0.010301313417460767
0.030982905982905984
0.0014526965680043968
0.0
0.003324713705208704
0.0018544274455262189
0.0004669624095260394
0.0018088634308109919
0.007881773399014746
0.010495932826029897
0.005130397605814463
0.0076292199122639515
0.008189728715236266
0.0035815549917922462
0.003060912151821249
0.0026857654431512445
0.003202846975088991
0.003059975520195879
0.010495932826029897
0.010495932826029897
0.009828009828009798
-1.0
0.003060912151821249
-1.0
0.003059975520195879
0.007881773399014746
0.0076292199122639515
0.0
0.007860560492139457
0.00358369419142901
0.0004563084645220483
0.007881773399014746
0.005553182400683476
0.05340179717586646
0.00046718056528849417
0.0004669624095260394
-1.0
0.010495932826029897
0.009012875536480669
0.003059975520195879
0.007881773399014746
0.0036771465342894105
0.007881773399014746
0.0035815549917922462
0.0009240009240009117
0.00358369419142901
0.0
0.014551804423748593
0.2236014564713671
0.0030590394616090144
0.0076292199122639515
0.007881773399014746
0.00039627501486028116
0.007881773399014746
0.010495932826029897
0.008186935016203267
0.0
-1.0
0.010495932826029897
0.0014590552617180785
0.007881773399014746
-1.0
0.00046718056528849417
0.001799640071985631
0.0004669624095260394
0.016852749104697695
-1.0
-1.0
0.0022714366837024436
0.004265908282971909
0.007881773399014746
0.010301313417460767
0.001454281039810934
0.00358369419142901
0.00358369419142901
0.010301313417460767
-1.0
0.005293339214821335
0.0023326335432704015
0.00045819014891179677
0.007881773399014746
0.010495932826029897
0.007974237080202395
0.010495932826029897
0.010495932826029897
0.0015082956259426794
0.006951987834021289
0.002270147559591429
0.005977796754910281
0.0421532846715329
-1.0
0.008189728715236266
0.00046718056528849417
0.008186935016203267
-1.0
0.0076292199122639515
0.005550811272416745
0.005954912803062484
0.002623294858342118
0.03182549615590913
0.0034825004353125077
0.005985463873450225
0.007363092498849477
0.010495932826029897
0.002236636099306688
0.0076292199122639515
0.007365352155899951
0.00358369419142901
0.007881773399014746
0.0022413149047441072
0.012701100762066098
0.004265908282971909
0.0
0.010495932826029897
0.00358369419142901
0.010495932826029897
0.00358369419142901
0.00358369419142901
0.010495932826029897
0.006162273194111556
0.015466531440162301
0.004265908282971909
0.0023546458974823548
0.010495932826029897
-1.0
0.010495932826029897
0.0029065542799011634
0.008186935016203267
0.0055579307396322886
0.002627257799671545
0.0009147038646237782
0.00358369419142901
0.0035815549917922462
0.010301313417460767
0.010301313417460767
0.0004622140050843937
0.010301313417460767
0.0022371364653244186
0.010495932826029897
0.0055579307396322886
0.010495932826029897
0.00046718056528849417
0.010495932826029897
0.005990586221651717
0.01311336717428091
0.010495932826029897
0.0035815549917922462
0.010301313417460767
-1.0
0.2204658901830283
0.0009282896263633766
0.007881773399014746
0.003060912151821249
0.010495932826029897
0.003059975520195879
0.010495932826029897
0.0
0.01311336717428091
-1.0
0.007881773399014746
0.00046718056528849417
0.00046718056528849417
0.00046718056528849417
0.007881773399014746
0.004218667604148352
0.0025357725049809376
0.0076292199122639515
0.01311336717428091
0.008189728715236266
0.010495932826029897
0.004265908282971909
0.0025927726462485756
0.00917431192660545
0.007881773399014746
-1.0
0.007881773399014746
0.00358369419142901
0.005367526464887473
0.0044198895027623974
0.004265908282971909
0.0011883541295305555
0.007881773399014746
0.0004669624095260394
0.01867522614531658
-1.0
0.013118916631400745
0.010495932826029897
0.0004669624095260394
0.0029065542799011634
0.0017969451931716396
0.007881773399014746
0.007860560492139457
0.00046718056528849417
0.008189728715236266
-1.0
0.010495932826029897
0.00046718056528849417
0.007974237080202395
0.0
0.007881773399014746
0.010495932826029897
0.004257583821181465
0.0029798422436458916
0.004264392324093813
0.004220151222085411
0.007881773399014746
0.007860560492139457
0.007864340132710756
-1.0
0.0014654698662758259
0.004264392324093813
0.005981627857295502
0.00358369419142901
0.010495932826029897
0.010495932826029897
0.0076292199122639515
0.005954912803062484
0.0018550007729170037
0.005279366476022895
0.007974237080202395
0.0
0.006399317406143301
0.004265908282971909
0.0009178522257916599
0.004621400639886253
0.29678362573099415
0.0016003200640127835
0.0004622140050843937
-1.0
0.00358369419142901
0.007881773399014746
0.00358369419142901
0.007974237080202395
0.0034825004353125077
0.008186935016203267
-1.0
-1.0
0.004265908282971909
0.007881773399014746
0.0
0.010495932826029897
-1.0
0.00045966444495515457
0.005553182400683476
0.00046718056528849417
0.0014590552617180785
-1.0
0.007974237080202395
0.0
0.0022680022680022782
0.003059975520195879
0.0026789131266743427
0.00358369419142901
0.0014532243415077417
0.0035815549917922462
0.0026096033402922547
0.0009178522257916599
0.0004669624095260394
0.010495932826029897
0.004265908282971909
0.010301313417460767
0.0055579307396322886
-1.0
0.0011983223487117556
-1.0
-1.0
0.00046718056528849417
0.006082388719933607
0.0055579307396322886
0.00426348326582815
0.010495932826029897
0.010495932826029897
0.010301313417460767
0.005553182400683476
0.00358369419142901
0.0
0.013524936601859716
0.0009092975676290305
0.0036737692872887973
0.00358369419142901
0.003059975520195879
0.010301313417460767
0.0009178522257916599
0.0035815549917922462
-1.0
0.0014049877063575522
0.003059975520195879
0.00545144804088582
0.00358369419142901
0.005553182400683476
0.2236014564713671
0.007881773399014746
0.003060912151821249
0.004284949116229231
0.010495932826029897
0.0021660649819494893
0.007881773399014746
0.0035815549917922462
-1.0
0.00512820512820511
0.01311336717428091
0.010495932826029897
0.007881773399014746
0.007365352155899951
0.0021677866897896747
0.010495932826029897
0.0019047619047618536
0.0
0.004218667604148352
0.0004669624095260394
0.0003907776475186031
0.0055579307396322886
0.00046794571829666953
0.010495932826029897
-1.0
0.0
0.0055579307396322886
0.010495932826029897
0.002270147559591429
0.0014537524986371064
0.0
0.00045987583352491423
0.007363092498849477
0.010495932826029897
-1.0
0.010495932826029897
0.0
0.0026857654431512445
0.00358369419142901
0.010301313417460767
0.004265908282971909
0.0076292199122639515
-1.0
0.0051325919589392255
0.0009265693768820693
0.0051325919589392255
0.0
0.003060912151821249
0.0022321428571429047
0.0
0.0009147038646237782
0.00952673632452361
0.0004669624095260394
0.0
0.007365352155899951
0.0018001800180017513
0.0052390307793058755
0.004265908282971909
0.013977868375072755
0.004265908282971909
-1.0
0.010495932826029897
0.0
-1.0
0.007881773399014746
0.01311336717428091
0.0
0.0076292199122639515
0.007881773399014746
0.0
0.010495932826029897
0.007363092498849477
0.00046718056528849417
0.00358369419142901
0.014690451206715638
-1.0
0.010301313417460767
0.004265908282971909
0.00358369419142901
0.010495932826029897
0.0076292199122639515
-1.0
0.0026857654431512445
0.004253056884635842
0.0014537524986371064
0.010495932826029897
0.00045819014891179677
0.0
0.007881773399014746
-1.0
-1.0
0.001459587666484241
0.008314855875831473
0.010495932826029897
0.010495932826029897
0.010495932826029897
0.008189728715236266
0.003060912151821249
0.003873466752743693
0.00358369419142901
0.003059975520195879
0.0036907178446208277
0.002623983206507474
0.007881773399014746
0.005553182400683476
0.00046718056528849417
0.0004669624095260394
-1.0
0.0035815549917922462
0.006106870229007688
0.0059752454118651155
0.005220796171416131
0.0004669624095260394
0.0
0.010495932826029897
0.010495932826029897
0.010301313417460767
0.0
0.010495932826029897
0.0164452877925364
0.0
0.005553182400683476
0.03894431927904729
0.005141388174807249
-1.0
0.00358369419142901
0.007881773399014746
0.00358369419142901
0.0004602991944764323
0.004265908282971909
0.0009047726758651953
0.002892263195950817
0.010495932826029897
0.0
0.010495932826029897
0.00358369419142901
0.007881773399014746
0.0004669624095260394
0.0004563084645220483
0.00358369419142901
0.010495932826029897
0.007881773399014746
0.00239890335846471
0.007365352155899951
0.0035815549917922462
0.004265908282971909
0.010495932826029897
0.00046718056528849417
0.0019540791402051783
0.007881773399014746
0.01311336717428091
0.00358369419142901
-1.0
0.005553182400683476
0.0035815549917922462
0.007881773399014746
0.0035815549917922462
0.005141388174807249
0.00248447204968949
0.007881773399014746
-1.0
0.00358369419142901
0.0008800880088009055
0.0030590394616090144
0.007881773399014746
0.010495932826029897
0.0013939710751001977
0.0029065542799011634
0.0076292199122639515
0.0035815549917922462
0.010495932826029897
0.0004669624095260394
0.003059975520195879
0.00358369419142901
0.00358369419142901
0.010301313417460767
0.0069777583951156075
0.0015633142261594069
0.0076292199122639515
0.0030590394616090144
0.007974237080202395
0.004264392324093813
0.0026827632461435824
0.005777400169923563
0.010301313417460767
0.0016498247061249582
0.005441251487842247
0.00358369419142901
0.007881773399014746
0.0
0.0018547140649149974
0.004265908282971909
0.0017853157777282247
-1.0
-1.0
0.0019047619047618536
0.00426348326582815
0.003059975520195879
0.010495932826029897
0.0004669624095260394
0.03904636756147928
0.010495932826029897
0.007974237080202395
0.010495932826029897
0.0024127691165553022
0.0035815549917922462
0.0
0.00046718056528849417
0.00358369419142901
0.007676953784738205
0.002637652489284492
0.0038885288399221896
0.007881773399014746
0.0059803502776590856
0.004265908282971909
0.010301313417460767
0.010495932826029897
0.006073752711496794
0.0004622140050843937
0.013118916631400745
0.010495932826029897
0.0035815549917922462
0.00358369419142901
0.003059975520195879
0.003590127150336575
0.01589637915808062
0.0030543677458766405
0.0076292199122639515
0.002351664254703345
0.0020562028786840214
-1.0
0.0016464293064416546
0.00358369419142901
0.006472491909385147
0.010495932826029897
0.015097504717970223
0.010495932826029897
0.0
0.010495932826029897
0.010301313417460767
0.010495932826029897
0.007363092498849477
0.0014953271028037562
0.003059975520195879
0.003060912151821249
0.010495932826029897
0.010495932826029897
0.007881773399014746
0.0019047619047618536
0.0009178522257916599
0.007881773399014746
-1.0
0.0034488704949129367
0.0008843687817819967
0.010495932826029897
0.00320699708454808
0.0025927726462485756
0.010495932826029897
0.0003827751196172624
0.005219660722053043
0.005553182400683476
0.0003907776475186031
0.010495932826029897
-1.0
0.007881773399014746
0.012555140821174038
0.004265908282971909
0.005367526464887473
0.009177118384827154
0.006339144215530945
0.0
0.00044238000442375913
0.00358369419142901
0.0026789131266743427
0.0035815549917922462
0.0019976693857166605
0.010495932826029897
0.00358369419142901
0.0025927726462485756
0.003059975520195879
0.007881773399014746
0.00791491466732619
0.004265908282971909
0.0
-1.0
0.010495932826029897
0.0036948087936449214
-1.0
0.006339144215530945
0.00046718056528849417
-1.0
0.00046718056528849417
0.004265908282971909
0.015648128568407693
0.0014526965680043968
0.0055579307396322886
0.0036948087936449214
0.013118916631400745
0.002270147559591429
0.011667293940534451
0.005141388174807249
0.00358369419142901
0.003060912151821249
0.008186935016203267
0.00046718056528849417
0.0022329735764793357
-1.0
-1.0
0.0014953271028037562
0.005977796754910281
0.0076292199122639515
0.014312776257629944
0.012684989429175508
0.010301313417460767
0.010495932826029897
0.010495932826029897
0.0
0.007363092498849477
0.010495932826029897
0.0036989088218974953
0.00046718056528849417
0.00358369419142901
0.008186935016203267
0.00512820512820511
0.002741603838245399
0.007881773399014746
0.0029073993312981328
0.006472491909385147
0.0012403100775193465
0.010495932826029897
0.0021677866897896747
0.0017215407789972215
0.0009035464196973653
0.0007208506037124085
0.010495932826029897
0.01311336717428091
0.010495932826029897
0.00046718056528849417
0.008186935016203267
0.0004622140050843937
0.0076292199122639515
-1.0
0.0017398869073510514
0.0052344601962922566
0.0004622140050843937
0.003060912151821249
0.010495932826029897
0.0026385224274406704
0.010495932826029897
0.0055579307396322886
0.0034488704949129367
0.007881773399014746
0.005200594353640398
0.010495932826029897
0.010495932826029897
0.010301313417460767
0.010301313417460767
0.0
-1.0
0.010495932826029897
0.010495932826029897
0.0008839779005525017
0.00358369419142901
0.004265908282971909
-1.0
0.010495932826029897
0.0030590394616090144
0.010495932826029897
0.0
0.007881773399014746
0.00358369419142901
0.004218667604148352
0.007365352155899951
0.00358369419142901
0.005130397605814463
0.012690355329949221
0.005982905982905962
0.0019704433497537144
0.007881773399014746
0.0009147038646237782
0.002015790357802749
0.010495932826029897
0.0
0.010495932826029897
0.0009149130832570851
0.0004669624095260394
-1.0
0.01311336717428091
0.0
-1.0
0.0
0.00046718056528849417
0.0
0.0076292199122639515
0.004790860512253525
0.007881773399014746
0.0004622140050843937
0.013530655391120527
0.00046718056528849417
0.0
0.00358369419142901
0.00358369419142901
0.00046718056528849417
0.010495932826029897
0.00046718056528849417
0.010654165778819502
0.013107822410147962
0.005562687205819428
0.010301313417460767
0.0
0.005223068552774768
0.005089867981549201
0.008189728715236266
0.00046718056528849417
0.007881773399014746
0.0038885288399221896
-1.0
0.010495932826029897
0.005553182400683476
