0.10410604591011963
0.004100761570005829
0.0754414125200642
0.07908163265306123
0.003150598613736566
0.03956043956043953
0.03956043956043953
0.0754414125200642
0.0754414125200642
0.0754414125200642
0.07908163265306123
0.10410604591011963
0.03956043956043953
0.03956043956043953
0.07908163265306123
0.10410604591011963
0.002955082742316817
0.03956043956043953
0.10410604591011963
0.07908163265306123
0.07908163265306123
0.07908163265306123
0.0023640661938534313
0.07868020304568524
0.07868020304568524
0.07908163265306123
0.03956043956043953
0.07868020304568524
0.07908163265306123
0.07908163265306123
0.0754414125200642
0.03956043956043953
0.0754414125200642
0.07868020304568524
0.07908163265306123
0.0754414125200642
0.0754414125200642
0.07908163265306123
0.0754414125200642
0.0754414125200642
0.10410604591011963
0.07908163265306123
0.07868020304568524
0.07908163265306123
0.10410604591011963
0.0754414125200642
0.0754414125200642
0.10410604591011963
0.0754414125200642
0.07908163265306123
0.07868020304568524
0.0754414125200642
0.0754414125200642
0.0754414125200642
0.07908163265306123
0.07908163265306123
0.07908163265306123
0.0754414125200642
0.10410604591011963
0.10410604591011963
0.03956043956043953
0.07908163265306123
0.0754414125200642
0.07908163265306123
0.002955082742316817
0.0754414125200642
0.0031486146095718315
0.10410604591011963
0.03956043956043953
0.07908163265306123
0.03956043956043953
0.0754414125200642
0.07908163265306123
0.0754414125200642
0.07908163265306123
0.0754414125200642
0.0754414125200642
0.07908163265306123
0.07908163265306123
0.03956043956043953
0.10410604591011963
0.0754414125200642
0.10410604591011963
0.07908163265306123
0.07389937106918243
0.10410604591011963
0.07868020304568524
0.07868020304568524
0.07908163265306123
0.10410604591011963
0.03956043956043953
0.07868020304568524
0.07868020304568524
0.03956043956043953
0.07908163265306123
0.07908163265306123
0.07908163265306123
0.0754414125200642
0.03956043956043953
0.07908163265306123
0.03956043956043953
0.0
0.07908163265306123
0.07908163265306123
0.07908163265306123
0.03956043956043953
