0.9
0.9333333333333333
0.9285714285714286
0.6842105263157895
0.5
0.9285714285714286
0.6470588235294118
0.9090909090909091
0.5
0.9285714285714286
0.9047619047619048
0.9090909090909091
0.9
0.96
0.9473684210526315
0.9285714285714286
0.9411764705882353
0.75
0.9285714285714286
0.7368421052631579
0.6842105263157895
0.5
0.9333333333333333
0.6951219512195121
0.9285714285714286
0.9285714285714286
0.95
0.7592592592592593
0.9047619047619048
0.9375
0.7580645161290323
0.9117647058823529
0.5
0.9259259259259259
0.875
0.8367346938775511
0.96875
0.9090909090909091
0.9285714285714286
0.25
0.9285714285714286
0.6842105263157895
0.6285714285714286
0.8823529411764706
0.9090909090909091
0.9259259259259259
0.0
0.9285714285714286
0.9354838709677419
0.8333333333333334
0.7142857142857143
0.9285714285714286
0.6666666666666666
0.3076923076923077
0.75
0.9318181818181818
0.6470588235294118
0.9090909090909091
0.6666666666666666
0.9285714285714286
0.9375
0.9375
0.9393939393939394
0.52
0.9259259259259259
0.9259259259259259
0.9285714285714286
0.9259259259259259
0.9090909090909091
0.9
0.3157894736842105
0.7205882352941176
0.6774193548387096
0.9
0.9473684210526315
0.9130434782608695
0.9285714285714286
0.9428571428571428
0.9411764705882353
0.9
0.8888888888888888
0.6274509803921569
0.5
0.9629629629629629
0.9259259259259259
0.8095238095238095
0.7857142857142857
0.6486486486486487
0.75
0.6571428571428571
0.9726027397260274
0.9285714285714286
0.9285714285714286
0.35294117647058826
0.9166666666666666
0.6842105263157895
0.9558823529411765
0.5714285714285714
0.7941176470588235
0.7333333333333333
0.6785714285714286
0.0
0.9393939393939394
0.6666666666666666
0.9285714285714286
0.7755102040816326
0.9
0.9285714285714286
0.9090909090909091
0.9285714285714286
0.9090909090909091
0.9047619047619048
0.8571428571428571
0.631578947368421
0.9545454545454546
0.5
0.48
0.8026315789473685
0.9047619047619048
0.9454545454545454
0.9726027397260274
0.7761194029850746
0.9259259259259259
0.6842105263157895
0.48
0.9090909090909091
0.9285714285714286
0.9090909090909091
0.9047619047619048
0.6470588235294118
0.9230769230769231
0.9285714285714286
0.0
0.20833333333333334
0.9428571428571428
0.9090909090909091
0.9285714285714286
0.9
0.95
0.9
0.9393939393939394
0.9523809523809523
0.5
0.7608695652173914
0.8552631578947368
0.9285714285714286
0.9259259259259259
0.8977272727272727
0.78125
0.5
0.9375
0.42424242424242425
0.9285714285714286
0.7169811320754716
0.9285714285714286
0.9117647058823529
0.6571428571428571
0.9
0.5
0.9696969696969697
0.9428571428571428
0.5
0.9259259259259259
0.9259259259259259
0.9090909090909091
0.9333333333333333
0.9375
0.95
0.6842105263157895
0.9318181818181818
0.5
0.9701492537313433
0.6666666666666666
0.9375
0.9166666666666666
0.7058823529411765
0.6271186440677966
0.35294117647058826
0.9090909090909091
0.9090909090909091
0.9607843137254902
0.42424242424242425
0.9411764705882353
0.9523809523809523
0.9
0.7424242424242424
0.9259259259259259
0.9047619047619048
0.09523809523809523
0.9411764705882353
0.9285714285714286
0.9285714285714286
0.7777777777777778
0.5
0.9090909090909091
0.9130434782608695
0.9
0.9285714285714286
0.5
0.9090909090909091
0.6575342465753424
0.9
0.9285714285714286
0.6666666666666666
0.9166666666666666
0.6764705882352942
0.9285714285714286
0.75
0.9259259259259259
0.890625
0.9047619047619048
0.5384615384615384
0.0
0.9393939393939394
0.9230769230769231
0.9
0.9375
0.9285714285714286
0.9090909090909091
0.9090909090909091
0.7216494845360825
0.9090909090909091
0.9285714285714286
0.9512195121951219
0.7857142857142857
0.9230769230769231
0.9
0.0
0.9259259259259259
0.7857142857142857
0.9375
0.75
0.9230769230769231
0.7580645161290323
0.5714285714285714
0.9230769230769231
0.95
0.9411764705882353
0.7333333333333333
0.7619047619047619
0.7272727272727273
0.9285714285714286
0.9285714285714286
0.7
0.92
0.9285714285714286
0.6486486486486487
0.9285714285714286
0.9259259259259259
0.7857142857142857
0.48
0.8148148148148148
0.8095238095238095
0.9629629629629629
0.9285714285714286
0.6571428571428571
0.8767123287671232
0.9487179487179487
0.9473684210526315
0.9230769230769231
0.9375
0.9259259259259259
0.5714285714285714
0.9259259259259259
0.9285714285714286
0.9285714285714286
0.9
0.68
0.8846153846153846
0.631578947368421
0.6764705882352942
0.6571428571428571
0.9375
0.9186046511627907
0.9285714285714286
0.7333333333333333
0.9
0.7333333333333333
0.9411764705882353
0.9615384615384616
0.6923076923076923
0.9473684210526315
0.9473684210526315
0.9772727272727273
0.9310344827586207
0.9
0.9285714285714286
0.9166666666666666
0.9259259259259259
0.0
0.7954545454545454
0.75
0.9594594594594594
0.9090909090909091
0.9285714285714286
0.75
0.7333333333333333
0.9090909090909091
0.9230769230769231
0.9
0.9047619047619048
0.48148148148148145
0.6842105263157895
0.5283018867924528
0.9285714285714286
0.75
0.9285714285714286
0.9
0.9285714285714286
0.9259259259259259
0.92
0.7857142857142857
0.7222222222222222
0.9285714285714286
0.6842105263157895
0.7272727272727273
0.9285714285714286
0.9285714285714286
0.9285714285714286
0.9285714285714286
0.9285714285714286
0.9090909090909091
0.9090909090909091
0.7674418604651163
0.9285714285714286
0.7611940298507462
0.9285714285714286
0.9090909090909091
0.9523809523809523
0.8333333333333334
0.9285714285714286
0.7
0.48
0.9
0.9
0.9285714285714286
0.9090909090909091
0.9347826086956522
0.7111111111111111
0.9166666666666666
0.9090909090909091
0.6571428571428571
0.7333333333333333
0.9285714285714286
0.7
0.96
0.7407407407407407
0.9
0.9090909090909091
0.9285714285714286
0.8723404255319149
0.3888888888888889
0.7368421052631579
0.9285714285714286
0.9666666666666667
0.9473684210526315
0.7058823529411765
0.9047619047619048
0.9047619047619048
0.9090909090909091
0.9259259259259259
0.35294117647058826
0.6842105263157895
0.9333333333333333
0.9090909090909091
0.6666666666666666
0.9411764705882353
0.75
0.9411764705882353
0.8846153846153846
0.9285714285714286
0.9285714285714286
0.7333333333333333
0.92
0.3157894736842105
0.9285714285714286
0.7857142857142857
0.9117647058823529
0.9433962264150944
0.9259259259259259
0.9444444444444444
0.92
0.9259259259259259
0.8043478260869565
0.5
0.9285714285714286
0.9
0.6571428571428571
0.5
0.9285714285714286
0.9259259259259259
0.56
0.9090909090909091
0.8478260869565217
0.0
0.9285714285714286
0.9090909090909091
0.9285714285714286
0.631578947368421
0.9
0.5714285714285714
0.5714285714285714
0.8536585365853658
0.9375
0.6808510638297872
0.9629629629629629
0.9285714285714286
0.9682539682539683
0.9285714285714286
0.9
0.9285714285714286
0.7692307692307693
0.9444444444444444
0.0
0.9047619047619048
0.5714285714285714
0.9411764705882353
0.9629629629629629
0.9090909090909091
0.5416666666666666
0.9736842105263158
0.9473684210526315
0.75
0.17391304347826086
0.9354838709677419
0.9285714285714286
0.9259259259259259
0.746268656716418
0.5
0.9333333333333333
0.9285714285714286
0.75
0.53125
0.9285714285714286
0.5
0.5652173913043478
0.8928571428571429
0.9285714285714286
0.6842105263157895
0.9019607843137255
0.9032258064516129
0.6567164179104478
0.6470588235294118
0.5849056603773585
0.90625
0.7333333333333333
0.9285714285714286
0.9285714285714286
0.75
0.6811594202898551
0.7837837837837838
0.8928571428571429
0.6274509803921569
0.75
0.9186046511627907
0.9047619047619048
0.9375
0.42424242424242425
0.6666666666666666
0.5263157894736842
0.85
0.7807017543859649
0.9230769230769231
0.7872340425531915
0.9047619047619048
0.9285714285714286
0.9166666666666666
0.7692307692307693
0.6285714285714286
0.9333333333333333
0.7096774193548387
0.9285714285714286
0.9285714285714286
0.9285714285714286
0.9473684210526315
0.7
0.9259259259259259
0.9285714285714286
0.7857142857142857
0.42105263157894735
0.7611940298507462
0.7
0.9090909090909091
0.7592592592592593
0.7592592592592593
0.0
0.723404255319149
0.6935483870967742
0.6274509803921569
0.9512195121951219
0.35294117647058826
0.9473684210526315
0.7333333333333333
0.7333333333333333
0.52
0.9285714285714286
0.9259259259259259
0.9545454545454546
0.961038961038961
0.7758620689655172
0.5
0.7611940298507462
0.9090909090909091
0.717391304347826
0.9318181818181818
0.9285714285714286
0.9285714285714286
0.9285714285714286
0.9
0.48
0.9259259259259259
0.9701492537313433
0.9047619047619048
0.6842105263157895
0.9259259259259259
0.9285714285714286
0.9
0.1
0.9090909090909091
0.5652173913043478
0.9090909090909091
0.9285714285714286
0.96
0.9285714285714286
0.9655172413793104
0.7692307692307693
0.0
0.9047619047619048
0.7346938775510204
0.96875
0.1
0.7857142857142857
0.7058823529411765
0.9259259259259259
0.9285714285714286
0.9285714285714286
0.7
0.8846153846153846
0.9285714285714286
0.5714285714285714
0.9230769230769231
0.8076923076923077
0.8076923076923077
0.9726027397260274
0.9090909090909091
0.9375
0.5
0.9433962264150944
0.9393939393939394
0.9285714285714286
0.9333333333333333
0.9473684210526315
0.9090909090909091
0.9473684210526315
0.8536585365853658
0.9230769230769231
0.9285714285714286
0.5
0.17391304347826086
0.9090909090909091
0.9333333333333333
0.1
0.55
0.8333333333333334
0.0
0.7580645161290323
0.9285714285714286
0.9230769230769231
0.6666666666666666
0.9090909090909091
0.9791666666666666
0.8529411764705882
0.9230769230769231
0.9090909090909091
0.5
0.5
0.92
0.9285714285714286
0.9090909090909091
0.09090909090909091
0.6976744186046512
0.9259259259259259
0.9285714285714286
0.9285714285714286
0.9285714285714286
0.9090909090909091
0.9411764705882353
0.35294117647058826
0.6842105263157895
0.9166666666666666
0.7321428571428571
0.9672131147540983
0.8235294117647058
0.7169811320754716
0.6625
0.6274509803921569
0.9259259259259259
0.9285714285714286
0.75
0.9130434782608695
0.5714285714285714
0.9090909090909091
0.9047619047619048
0.9146341463414634
0.9473684210526315
0.6575342465753424
0.9090909090909091
0.953125
0.8235294117647058
0.9285714285714286
0.9285714285714286
0.9090909090909091
0.7692307692307693
0.9166666666666666
0.7333333333333333
0.9285714285714286
0.9285714285714286
0.9285714285714286
0.9047619047619048
0.7205882352941176
0.9230769230769231
0.9090909090909091
0.7
0.5
0.9285714285714286
0.7
0.7272727272727273
0.9
0.1
0.09523809523809523
0.9285714285714286
0.7857142857142857
0.9629629629629629
0.9032258064516129
0.9090909090909091
0.7058823529411765
0.9285714285714286
0.5714285714285714
0.75
0.5
0.9393939393939394
0.7424242424242424
0.9090909090909091
0.9166666666666666
0.9259259259259259
0.9090909090909091
0.84375
0.9259259259259259
0.9090909090909091
0.9393939393939394
0.9285714285714286
0.9090909090909091
0.9285714285714286
0.25
0.7857142857142857
0.9285714285714286
0.9285714285714286
0.5
0.9285714285714286
0.9259259259259259
0.8163265306122449
0.7058823529411765
0.5
0.8076923076923077
0.1
0.9629629629629629
0.9411764705882353
0.9393939393939394
0.5
0.7966101694915254
0.9574468085106383
0.6923076923076923
0.9285714285714286
0.7580645161290323
0.9487179487179487
0.6486486486486487
0.7368421052631579
0.9285714285714286
0.9318181818181818
0.9285714285714286
0.9259259259259259
0.9090909090909091
0.9259259259259259
0.5714285714285714
0.9259259259259259
0.9090909090909091
0.7857142857142857
0.9473684210526315
0.9333333333333333
0.9090909090909091
0.6808510638297872
0.9230769230769231
0.8240740740740741
0.6274509803921569
0.7424242424242424
0.9090909090909091
0.9047619047619048
0.1
0.9285714285714286
0.6274509803921569
0.9459459459459459
0.6129032258064516
0.9285714285714286
0.5
0.9393939393939394
0.75
0.9090909090909091
0.9285714285714286
0.9347826086956522
0.9285714285714286
0.7183098591549296
0.9285714285714286
0.9090909090909091
0.7857142857142857
0.5714285714285714
0.7592592592592593
0.7857142857142857
0.7142857142857143
0.9393939393939394
0.6842105263157895
0.9090909090909091
0.7333333333333333
0.9259259259259259
0.9285714285714286
0.9285714285714286
0.9285714285714286
0.9285714285714286
0.75
0.35294117647058826
0.7758620689655172
0.9285714285714286
0.0
0.9
0.95
0.9259259259259259
0.5
0.18181818181818182
0.9285714285714286
0.9285714285714286
0.90625
0.5945945945945946
0.9090909090909091
0.9473684210526315
0.9545454545454546
0.8125
0.6973684210526315
0.0
0.9090909090909091
0.5
0.9259259259259259
0.9047619047619048
0.96875
0.9411764705882353
0.6666666666666666
0.8076923076923077
0.9285714285714286
0.9047619047619048
0.9375
0.5
0.7592592592592593
0.9318181818181818
0.6842105263157895
0.8125
0.6140350877192983
0.5
0.9090909090909091
0.9285714285714286
0.6666666666666666
0.9090909090909091
0.75
0.9375
0.6666666666666666
0.6285714285714286
0.9090909090909091
0.975
0.7333333333333333
0.7272727272727273
0.7857142857142857
0.8333333333333334
0.5416666666666666
0.9285714285714286
0.9393939393939394
0.6951219512195121
0.9166666666666666
0.38095238095238093
0.9166666666666666
0.9555555555555556
0.9342105263157895
0.7096774193548387
0.5833333333333334
0.9230769230769231
0.9629629629629629
0.95
0.9285714285714286
0.7857142857142857
0.9285714285714286
0.9605263157894737
0.5
0.8076923076923077
0.847457627118644
0.9285714285714286
0.711864406779661
0.9701492537313433
0.6666666666666666
0.6153846153846154
0.75
0.75
0.9259259259259259
0.9285714285714286
0.9259259259259259
0.9375
0.9230769230769231
0.95
0.6842105263157895
0.6842105263157895
0.8666666666666667
0.9090909090909091
0.9285714285714286
0.9090909090909091
0.9193548387096774
0.7333333333333333
0.9090909090909091
0.9259259259259259
0.9428571428571428
0.6842105263157895
0.9117647058823529
0.6486486486486487
0.9545454545454546
0.5849056603773585
0.7837837837837838
0.0
0.7
0.9583333333333334
0.6842105263157895
0.6274509803921569
0.723404255319149
0.9090909090909091
0.7121212121212122
0.7
0.6666666666666666
0.8095238095238095
0.9571428571428572
0.9285714285714286
0.5714285714285714
0.9090909090909091
0.9090909090909091
0.9259259259259259
0.9701492537313433
0.85
0.7592592592592593
0.9090909090909091
0.9285714285714286
0.9459459459459459
0.9090909090909091
0.7758620689655172
0.7678571428571429
0.7142857142857143
0.7761194029850746
0.9
0.9047619047619048
0.9285714285714286
0.9090909090909091
0.7606837606837606
0.5714285714285714
0.9230769230769231
0.5283018867924528
0.9259259259259259
0.9285714285714286
0.9
0.9285714285714286
0.9285714285714286
0.9166666666666666
0.75
0.96
0.9285714285714286
0.9
0.35294117647058826
0.5714285714285714
0.7
0.9318181818181818
0.9090909090909091
0.6935483870967742
0.7333333333333333
0.9285714285714286
0.11764705882352941
0.8163265306122449
0.38095238095238093
0.6486486486486487
0.9333333333333333
0.9090909090909091
0.9230769230769231
0.975
0.9259259259259259
0.9090909090909091
0.6666666666666666
0.9285714285714286
0.9285714285714286
0.9393939393939394
0.5
0.5806451612903226
0.631578947368421
0.9
0.9285714285714286
0.5714285714285714
0.7931034482758621
0.5833333333333334
0.9285714285714286
0.75
0.7808219178082192
0.9090909090909091
0.717391304347826
0.9259259259259259
0.7837837837837838
0.9259259259259259
0.7857142857142857
0.95
0.9285714285714286
0.9473684210526315
0.7837837837837838
0.75
0.9104477611940298
0.5
0.9393939393939394
0.9285714285714286
0.6666666666666666
0.7560975609756098
0.9285714285714286
0.9259259259259259
0.6666666666666666
0.3888888888888889
0.9090909090909091
0.8823529411764706
0.9166666666666666
0.75
0.8253968253968254
0.9117647058823529
0.9354838709677419
0.9090909090909091
0.35294117647058826
0.5714285714285714
0.5714285714285714
0.9090909090909091
0.9285714285714286
0.75
0.9333333333333333
0.7857142857142857
0.9
0.9692307692307692
0.9459459459459459
0.8095238095238095
0.5
0.5714285714285714
0.7169811320754716
0.9285714285714286
0.9473684210526315
0.52
0.7872340425531915
0.9090909090909091
0.7333333333333333
0.9310344827586207
0.9393939393939394
0.9090909090909091
0.9285714285714286
0.75
0.9285714285714286
0.9
0.9285714285714286
0.9259259259259259
0.9
0.7808219178082192
0.8888888888888888
0.5
0.9090909090909091
0.75
0.9487179487179487
0.9459459459459459
0.96
0.8125
0.9285714285714286
0.9285714285714286
0.7608695652173914
0.9
0.7857142857142857
0.7710843373493976
0.9285714285714286
0.9090909090909091
0.9259259259259259
0.9090909090909091
0.5
0.9347826086956522
0.9230769230769231
0.7272727272727273
0.6274509803921569
0.5714285714285714
0.95
0.8125
0.8095238095238095
0.6041666666666666
0.9555555555555556
0.6521739130434783
0.9333333333333333
0.75
0.9285714285714286
0.9090909090909091
0.8636363636363636
0.6
0.75
0.1
0.7758620689655172
0.6666666666666666
0.9090909090909091
0.8823529411764706
0.9090909090909091
0.9259259259259259
0.5
0.9259259259259259
0.7611940298507462
0.9047619047619048
0.9
0.9259259259259259
0.9411764705882353
0.9411764705882353
0.6923076923076923
0.9285714285714286
0.9186046511627907
0.8076923076923077
0.95
0.8333333333333334
0.9090909090909091
0.0
0.3888888888888889
0.9
0.8235294117647058
0.5
0.9166666666666666
0.9047619047619048
0.9682539682539683
0.95
0.6666666666666666
0.8307692307692308
0.9285714285714286
0.9285714285714286
0.9285714285714286
0.9090909090909091
0.9285714285714286
0.95
0.9487179487179487
0.9629629629629629
0.9
0.9285714285714286
0.9285714285714286
0.78125
0.6707317073170732
0.9090909090909091
0.9230769230769231
0.9285714285714286
0.971830985915493
0.6486486486486487
0.9411764705882353
0.9285714285714286
0.75
0.9285714285714286
0.9285714285714286
0.5263157894736842
0.9375
0.9047619047619048
0.9186046511627907
0.9090909090909091
0.85
0.5714285714285714
0.9375
0.9285714285714286
0.9473684210526315
0.9090909090909091
0.6274509803921569
0.8064516129032258
0.5
0.9090909090909091
0.9375
0.9090909090909091
0.7903225806451613
0.9285714285714286
0.75
0.9130434782608695
0.9
0.95
0.9090909090909091
0.9166666666666666
0.9285714285714286
0.6808510638297872
0.6666666666666666
0.9285714285714286
0.7692307692307693
0.75
0.0
0.975609756097561
0.9047619047619048
0.975
0.9310344827586207
0.9411764705882353
0.6951219512195121
0.7333333333333333
0.7857142857142857
0.5
0.9090909090909091
0.9375
0.9259259259259259
0.9285714285714286
0.9393939393939394
0.96
0.9285714285714286
0.9230769230769231
0.9375
0.9285714285714286
0.7272727272727273
0.9375
0.7777777777777778
0.9285714285714286
0.9285714285714286
0.8933333333333333
0.9090909090909091
0.9285714285714286
0.9166666666666666
0.6666666666666666
0.7391304347826086
0.1
0.75
0.9285714285714286
0.6666666666666666
0.9090909090909091
0.9166666666666666
0.9090909090909091
0.6808510638297872
0.95
0.9285714285714286
0.7857142857142857
0.9230769230769231
0.9259259259259259
0.9285714285714286
0.9444444444444444
0.8064516129032258
0.9285714285714286
0.9259259259259259
0.9166666666666666
0.9146341463414634
0.9411764705882353
0.9285714285714286
0.5
0.9701492537313433
0.9318181818181818
0.9310344827586207
0.9259259259259259
0.35294117647058826
0.5714285714285714
0.9545454545454546
0.5
0.9594594594594594
0.9285714285714286
0.6666666666666666
0.7837837837837838
0.9
0.9285714285714286
0.3157894736842105
0.9625
0.7916666666666666
0.75
0.7627118644067796
0.5714285714285714
0.7333333333333333
0.9047619047619048
0.8571428571428571
0.9090909090909091
0.6285714285714286
0.7868852459016393
0.9393939393939394
0.5
0.9090909090909091
0.9285714285714286
0.9393939393939394
0.9090909090909091
0.9285714285714286
0.5
0.9375
0.96875
0.9285714285714286
0.9285714285714286
0.8521739130434782
0.9090909090909091
0.9285714285714286
0.6666666666666666
0.9285714285714286
0.9047619047619048
0.25
0.75
0.9375
0.0
0.9090909090909091
0.56
0.9594594594594594
0.6842105263157895
0.9
0.9047619047619048
0.9318181818181818
0.9333333333333333
0.9166666666666666
0.717391304347826
0.96
0.5
0.9259259259259259
0.42424242424242425
0.8181818181818182
0.9166666666666666
0.7808219178082192
0.7272727272727273
0.9090909090909091
0.9090909090909091
0.9285714285714286
0.9090909090909091
0.5
0.6470588235294118
0.5
0.56
0.9259259259259259
0.5263157894736842
0.7368421052631579
0.9285714285714286
0.9259259259259259
0.38095238095238093
0.6842105263157895
0.9285714285714286
0.6511627906976745
0.7807017543859649
0.0
0.9090909090909091
0.6129032258064516
0.9285714285714286
0.0
0.0
0.9090909090909091
0.7818181818181819
0.9318181818181818
0.9
0.6829268292682927
0.9285714285714286
0.9629629629629629
0.5714285714285714
0.7735849056603774
0.5
0.8253968253968254
0.6792452830188679
0.9090909090909091
0.9259259259259259
0.7692307692307693
0.7674418604651163
0.7
0.7096774193548387
0.7407407407407407
0.6666666666666666
0.9259259259259259
0.9
0.9571428571428572
0.9552238805970149
0.9230769230769231
0.1
0.9285714285714286
0.9090909090909091
0.9090909090909091
0.9
0.7692307692307693
0.7692307692307693
0.9285714285714286
0.9375
0.9090909090909091
0.9230769230769231
0.9259259259259259
0.9090909090909091
0.9571428571428572
0.5
0.8163265306122449
0.9
0.6571428571428571
0.75
0.9090909090909091
0.6206896551724138
0.7333333333333333
0.7580645161290323
0.7333333333333333
0.9428571428571428
0.7333333333333333
0.8111111111111111
0.9259259259259259
0.6833333333333333
0.7
0.9636363636363636
0.9285714285714286
0.9090909090909091
0.9
0.7608695652173914
0.9090909090909091
0.3076923076923077
0.75
0.9259259259259259
0.0
0.9666666666666667
0.6666666666666666
0.9090909090909091
0.9285714285714286
0.9571428571428572
0.7121212121212122
0.6923076923076923
0.17391304347826086
0.6842105263157895
0.5714285714285714
0.7
0.9019607843137255
0.9302325581395349
0.9
0.9534883720930233
0.9259259259259259
0.9186046511627907
0.75
0.8064516129032258
0.9285714285714286
0.6666666666666666
0.68
0.9285714285714286
0.5
0.7857142857142857
0.7808219178082192
0.9259259259259259
0.9411764705882353
0.9487179487179487
0.9259259259259259
0.9285714285714286
0.6285714285714286
0.9411764705882353
0.8888888888888888
0.68
0.4375
0.5714285714285714
0.92
0.9285714285714286
0.35294117647058826
0.9577464788732394
0.9649122807017544
0.96
0.9318181818181818
0.9090909090909091
0.6666666666666666
0.7368421052631579
0.3888888888888889
0.7183098591549296
0.9333333333333333
0.7333333333333333
0.8253968253968254
0.9047619047619048
0.5416666666666666
0.7125
0.9259259259259259
0.9047619047619048
0.9259259259259259
0.9285714285714286
0.9473684210526315
0.75
0.9318181818181818
0.9285714285714286
0.9333333333333333
0.5714285714285714
0.0
0.9090909090909091
0.9230769230769231
0.974025974025974
0.5849056603773585
0.9047619047619048
0.75
0.9230769230769231
0.9
0.7
0.9459459459459459
0.9090909090909091
0.9090909090909091
0.6935483870967742
0.9090909090909091
0.75
0.5714285714285714
0.6274509803921569
0.7857142857142857
0.9090909090909091
0.52
0.5
0.9166666666666666
0.9
0.9090909090909091
0.9047619047619048
0.9090909090909091
0.9259259259259259
0.9318181818181818
0.5517241379310345
0.9090909090909091
0.9090909090909091
0.75
0.35294117647058826
0.9230769230769231
0.6666666666666666
0.6842105263157895
0.7222222222222222
0.9259259259259259
0.6808510638297872
0.6363636363636364
0.9090909090909091
0.3888888888888889
0.8627450980392157
0.7058823529411765
0.9
0.9333333333333333
0.9375
0.9491525423728814
0.7608695652173914
0.9682539682539683
0.9090909090909091
0.9090909090909091
0.9230769230769231
0.9473684210526315
0.9487179487179487
0.9285714285714286
0.7183098591549296
0.9285714285714286
0.5
0.9285714285714286
0.8648648648648649
0.9285714285714286
0.9090909090909091
0.9428571428571428
0.9259259259259259
0.9090909090909091
0.0
0.7916666666666666
0.95
0.92
0.6973684210526315
0.90625
0.9285714285714286
0.9047619047619048
0.6285714285714286
0.7169811320754716
0.7
0.96
0.9523809523809523
0.9473684210526315
0.7857142857142857
0.9411764705882353
0.9193548387096774
0.9259259259259259
0.9285714285714286
0.5806451612903226
0.9302325581395349
0.9
0.9285714285714286
0.8846153846153846
0.9259259259259259
0.1
0.9285714285714286
0.0
0.9310344827586207
0.9285714285714286
0.6571428571428571
0.5
0.921875
0.8888888888888888
0.9259259259259259
0.8181818181818182
0.6197183098591549
0.9285714285714286
0.96
0.5
0.95
0.5
0.8
0.9318181818181818
0.9285714285714286
0.6842105263157895
0.9285714285714286
0.9259259259259259
0.75
0.9285714285714286
0.95
0.75
0.9259259259259259
0.9285714285714286
0.7857142857142857
0.8552631578947368
0.95
0.8163265306122449
0.9090909090909091
0.9310344827586207
0.9375
0.6935483870967742
0.7857142857142857
0.8571428571428571
0.5
