0.6417910447761195
0.9333333333333333
0.052631578947368474
0.4782608695652174
0.8571428571428572
0.33333333333333337
0.6144578313253012
0.052631578947368474
0.4782608695652174
0.9365079365079365
0.9024390243902439
0.33333333333333337
0.8571428571428572
0.84
0.6
0.9090909090909091
0.7692307692307692
0.6470588235294117
0.9047619047619048
0.5
0.6
0.8571428571428572
0.8571428571428572
0.625
0.4782608695652174
0.4782608695652174
0.6
0.9166666666666666
0.875
0.4736842105263158
0.8571428571428572
0.8571428571428572
0.5164835164835164
0.8333333333333334
0.6119402985074627
0.9375
0.8878504672897196
0.6103896103896104
0.33333333333333337
0.9375
0.33333333333333337
0.925
0.746031746031746
0.92
0.9436619718309859
0.45833333333333337
0.9436619718309859
0.8181818181818181
0.4666666666666667
0.7352941176470589
0.052631578947368474
0.0
0.9024390243902439
0.42307692307692313
0.6
0.5616438356164384
0.8571428571428572
0.18181818181818177
0.45833333333333337
0.6363636363636364
0.6
0.6
0.8878504672897196
0.9090909090909091
0.33333333333333337
0.9365079365079365
0.5681818181818181
0.5
0.5
0.875
0.6065573770491803
0.8518518518518519
0.8518518518518519
0.875
0.8620689655172413
0.6341463414634146
0.9365079365079365
0.9365079365079365
0.7215189873417722
0.5121951219512195
0.9365079365079365
0.5
0.45833333333333337
0.5384615384615384
0.33333333333333337
0.9436619718309859
0.5
0.8518518518518519
0.6666666666666667
0.4571428571428572
0.33333333333333337
0.9333333333333333
0.8571428571428572
0.6
0.7
0.6
0.9436619718309859
0.8620689655172413
0.4893617021276596
0.9452054794520548
0.8181818181818181
0.2142857142857143
0.8878504672897196
0.6129032258064516
0.631578947368421
0.6444444444444444
0.7971014492753623
0.9375
0.0
0.9375
0.8571428571428572
0.6699029126213591
0.0
0.052631578947368474
0.9375
0.8846153846153846
0.8878504672897196
0.4782608695652174
0.6
0.922077922077922
0.33333333333333337
0.3157894736842105
0.46341463414634143
0.9178082191780822
0.7692307692307692
0.9365079365079365
0.9487179487179487
0.8620689655172413
0.8666666666666667
0.8181818181818181
0.1428571428571429
0.6164383561643836
0.8571428571428572
0.5
0.7849462365591398
0.9375
0.8536585365853658
0.4782608695652174
0.5
0.8518518518518519
0.9166666666666666
0.052631578947368474
0.0
0.5384615384615384
0.9459459459459459
0.8604651162790697
0.9365079365079365
0.9375
0.8461538461538461
0.4
0.8571428571428572
0.6451612903225806
0.8620689655172413
0.8666666666666667
0.7954545454545454
0.9285714285714286
0.0
0.2692307692307693
0.0
0.9285714285714286
0.18181818181818177
0.875
0.8285714285714285
0.9365079365079365
0.33333333333333337
0.935483870967742
0.33333333333333337
0.9436619718309859
0.8787878787878788
0.5
0.5
0.6470588235294117
0.9310344827586207
0.8571428571428572
0.9459459459459459
0.4782608695652174
0.8878504672897196
0.8571428571428572
0.5
0.5463917525773196
0.8571428571428572
0.5833333333333333
0.9230769230769231
0.46341463414634143
0.8285714285714285
0.9365079365079365
0.8333333333333334
0.42105263157894735
0.8571428571428572
0.33333333333333337
0.2692307692307693
0.875
0.5
0.7692307692307692
0.6
0.9310344827586207
0.8878504672897196
0.5903614457831325
0.9375
0.9365079365079365
0.33333333333333337
0.050000000000000044
0.33333333333333337
0.8571428571428572
0.47058823529411764
0.9411764705882353
0.0
0.5833333333333333
0.9365079365079365
0.8878504672897196
0.5
0.5714285714285714
0.9365079365079365
0.8571428571428572
0.9365079365079365
0.8333333333333334
0.2142857142857143
0.6
0.6065573770491803
0.9375
0.368421052631579
0.8333333333333334
0.8571428571428572
0.4782608695652174
0.33333333333333337
0.9365079365079365
0.8620689655172413
0.9024390243902439
0.564516129032258
0.8571428571428572
0.625
0.9365079365079365
0.0
0.8666666666666667
0.8518518518518519
0.9365079365079365
0.6
0.9365079365079365
0.9
0.5
0.6065573770491803
0.9375
0.5714285714285714
0.9047619047619048
0.8666666666666667
0.052631578947368474
0.9333333333333333
0.5
0.9365079365079365
0.8571428571428572
0.8571428571428572
0.33333333333333337
0.8518518518518519
0.9365079365079365
0.9365079365079365
0.3972602739726028
0.8571428571428572
0.9230769230769231
0.641025641025641
0.23809523809523814
0.875
0.8666666666666667
0.9365079365079365
0.9365079365079365
0.9166666666666666
0.8518518518518519
0.8181818181818181
0.875
0.9259259259259259
0.9166666666666666
0.8285714285714285
0.6585365853658536
0.33333333333333337
0.6176470588235294
0.5666666666666667
0.8333333333333334
0.8181818181818181
0.9365079365079365
0.9333333333333333
0.8666666666666667
0.23809523809523814
0.6470588235294117
0.3571428571428571
0.8571428571428572
0.8571428571428572
0.9047619047619048
0.9444444444444444
0.5714285714285714
0.5529411764705883
0.2727272727272727
0.9402985074626866
0.9166666666666666
0.7731958762886598
0.5833333333333333
0.8983050847457628
0.8709677419354839
0.9375
0.8878504672897196
0.7142857142857143
0.5813953488372092
0.4782608695652174
0.8666666666666667
0.4666666666666667
0.5
0.6
0.6065573770491803
0.9375
0.9375
0.8571428571428572
0.28205128205128205
0.8181818181818181
0.3589743589743589
0.8571428571428572
0.052631578947368474
0.9384615384615385
0.9365079365079365
0.8518518518518519
0.6666666666666667
0.9375
0.8983050847457628
0.8571428571428572
0.6065573770491803
0.5384615384615384
0.5714285714285714
0.47058823529411764
0.8666666666666667
0.8620689655172413
0.9189189189189189
0.375
0.8571428571428572
0.8333333333333334
0.052631578947368474
0.8571428571428572
0.33333333333333337
0.9365079365079365
0.5384615384615384
0.7052631578947368
0.8333333333333334
0.6226415094339622
0.8571428571428572
0.33333333333333337
0.6144578313253012
0.6103896103896104
0.875
0.9365079365079365
0.6
0.8571428571428572
0.33333333333333337
0.9240506329113924
0.7142857142857143
0.3157894736842105
0.8285714285714285
0.9365079365079365
0.5517241379310345
0.4782608695652174
0.6065573770491803
0.9365079365079365
0.6585365853658536
0.9365079365079365
0.9365079365079365
0.33333333333333337
0.7818181818181819
0.5
0.5454545454545454
0.052631578947368474
0.9365079365079365
0.8620689655172413
0.6065573770491803
0.5
0.9333333333333333
0.9365079365079365
0.052631578947368474
0.4782608695652174
0.4782608695652174
0.6
0.8181818181818181
0.5
0.8666666666666667
0.6065573770491803
0.8441558441558441
0.4
0.9024390243902439
0.8666666666666667
0.8285714285714285
0.84
0.5454545454545454
0.8518518518518519
0.9375
0.8620689655172413
0.7049180327868853
0.33333333333333337
0.8666666666666667
0.4893617021276596
0.8333333333333334
0.8518518518518519
0.3972602739726028
0.6338028169014085
0.9365079365079365
0.6065573770491803
0.9365079365079365
0.6
0.09523809523809523
0.9047619047619048
0.7407407407407407
0.33333333333333337
0.5652173913043479
0.8918918918918919
0.33333333333333337
0.0
0.5903614457831325
0.8571428571428572
0.9402985074626866
0.9365079365079365
0.33333333333333337
0.0
0.8095238095238095
0.25
0.9245283018867925
0.9166666666666666
0.9322033898305084
0.1428571428571429
0.33333333333333337
0.9444444444444444
0.9166666666666666
0.11111111111111116
0.875
0.0
0.5
0.5853658536585367
0.5529411764705883
0.33333333333333337
0.8666666666666667
0.4
0.6
0.0
0.33333333333333337
0.8571428571428572
0.6144578313253012
0.2142857142857143
0.8529411764705882
0.7272727272727273
0.48888888888888893
0.9130434782608696
0.8878504672897196
0.6065573770491803
0.8947368421052632
0.0
0.6119402985074627
0.6
0.6444444444444444
0.0
0.5
0.6
0.9375
0.6444444444444444
0.052631578947368474
0.2692307692307693
0.5
0.6
0.9375
0.7857142857142857
0.6065573770491803
0.6402877697841727
0.7272727272727273
0.6065573770491803
0.9375
0.5384615384615384
0.8571428571428572
0.8878504672897196
0.6842105263157895
0.8518518518518519
0.875
0.0
0.8918918918918919
0.8666666666666667
0.23809523809523814
0.7777777777777778
0.9166666666666666
0.8518518518518519
0.0
0.2786885245901639
0.6144578313253012
0.8518518518518519
0.4
0.5384615384615384
0.6119402985074627
0.6119402985074627
0.5308641975308642
0.6923076923076923
0.8461538461538461
0.6438356164383562
0.0
0.2142857142857143
0.6065573770491803
0.6065573770491803
0.9365079365079365
0.0
0.33333333333333337
0.8518518518518519
0.7857142857142857
0.9189189189189189
0.6338028169014085
0.33333333333333337
0.6144578313253012
0.8878504672897196
0.5593220338983051
0.8666666666666667
0.9032258064516129
0.8823529411764706
0.875
0.4782608695652174
0.8571428571428572
0.8666666666666667
0.052631578947368474
0.0
0.9365079365079365
0.3939393939393939
0.6119402985074627
0.5
0.8604651162790697
0.6842105263157895
0.0
0.9375
0.32499999999999996
0.0
0.5
0.2142857142857143
0.6
0.8181818181818181
0.8333333333333334
0.9365079365079365
0.37142857142857144
0.8983050847457628
0.9365079365079365
0.5833333333333333
0.9375
0.8571428571428572
0.8518518518518519
0.4
0.9166666666666666
0.4782608695652174
0.8064516129032258
0.9365079365079365
0.0
0.6
0.33333333333333337
0.8571428571428572
0.7272727272727273
0.5652173913043479
0.9452054794520548
0.9365079365079365
0.9365079365079365
0.9032258064516129
0.9375
0.6
0.9375
0.9333333333333333
0.8461538461538461
0.9365079365079365
0.9402985074626866
0.8095238095238095
0.052631578947368474
0.6
0.9333333333333333
0.48
0.5714285714285714
0.8518518518518519
0.0
0.8571428571428572
0.8181818181818181
0.9375
0.9529411764705882
0.9365079365079365
0.6629213483146068
0.33333333333333337
0.33333333333333337
0.9436619718309859
0.6119402985074627
0.9333333333333333
0.9365079365079365
0.8666666666666667
0.8620689655172413
0.6444444444444444
0.9365079365079365
0.052631578947368474
0.0
0.9166666666666666
0.6065573770491803
0.33333333333333337
0.22807017543859653
0.9365079365079365
0.052631578947368474
0.4893617021276596
0.9230769230769231
0.5588235294117647
0.4571428571428572
0.8571428571428572
0.6
0.9375
0.33333333333333337
0.8333333333333334
0.6470588235294117
0.9375
0.33333333333333337
0.7971014492753623
0.9166666666666666
0.11111111111111116
0.375
0.25
0.9375
0.6065573770491803
0.8571428571428572
0.4
0.33333333333333337
0.6842105263157895
0.6065573770491803
0.052631578947368474
0.5616438356164384
0.8571428571428572
0.5632183908045977
0.8333333333333334
0.9333333333333333
0.33333333333333337
0.6
0.33333333333333337
0.6
0.9384615384615385
0.45833333333333337
0.8823529411764706
0.0
0.050000000000000044
0.8571428571428572
0.9333333333333333
0.8571428571428572
0.9365079365079365
0.375
0.9090909090909091
0.1428571428571429
0.9365079365079365
0.829059829059829
0.33333333333333337
0.6
0.9375
0.8285714285714285
0.5903614457831325
0.5533980582524272
0.9365079365079365
0.7435897435897436
0.9365079365079365
0.1428571428571429
0.6
0.45833333333333337
0.4
0.8878504672897196
0.9375
0.9047619047619048
0.33333333333333337
0.052631578947368474
0.0
0.7313432835820896
0.33333333333333337
0.0
0.8571428571428572
0.33333333333333337
0.2142857142857143
0.33333333333333337
0.2962962962962963
0.8666666666666667
0.0
0.9333333333333333
0.9375
0.9384615384615385
0.8620689655172413
0.33333333333333337
0.7
0.9487179487179487
0.4893617021276596
0.9365079365079365
0.25
0.7272727272727273
0.9230769230769231
0.5789473684210527
0.6
0.8983050847457628
0.5384615384615384
0.33333333333333337
0.9365079365079365
0.9365079365079365
0.8823529411764706
0.8518518518518519
0.33333333333333337
0.9365079365079365
0.9166666666666666
0.9166666666666666
0.9245283018867925
0.7007874015748031
0.4571428571428572
0.9365079365079365
0.5903614457831325
0.9365079365079365
0.0
0.8095238095238095
0.052631578947368474
0.8333333333333334
0.4571428571428572
0.4418604651162791
0.5
0.9047619047619048
0.33333333333333337
0.33333333333333337
0.8857142857142857
0.8620689655172413
0.8620689655172413
0.6
0.8181818181818181
0.9365079365079365
0.6842105263157895
0.875
0.8666666666666667
0.3015873015873016
0.9402985074626866
0.9365079365079365
0.6065573770491803
0.33333333333333337
0.6119402985074627
0.5616438356164384
0.9240506329113924
0.9365079365079365
0.9365079365079365
0.4666666666666667
0.8518518518518519
0.18181818181818177
0.8709677419354839
0.9365079365079365
0.9047619047619048
0.8571428571428572
0.6
0.6
0.2142857142857143
0.33333333333333337
0.8787878787878788
0.9365079365079365
0.7011494252873562
0.56
0.8333333333333334
0.5714285714285714
0.33333333333333337
0.0
0.42307692307692313
0.8620689655172413
0.4
0.5
0.6103896103896104
0.9365079365079365
0.1428571428571429
0.8333333333333334
0.8095238095238095
0.2786885245901639
0.5353535353535354
0.4
0.92
0.0
0.6774193548387097
0.33333333333333337
0.9375
0.6065573770491803
0.0
0.8571428571428572
0.875
0.6119402985074627
0.8878504672897196
0.44999999999999996
0.33333333333333337
0.33333333333333337
0.6
0.9365079365079365
0.5
0.9393939393939394
0.6065573770491803
0.6
0.33333333333333337
0.9365079365079365
0.9166666666666666
0.6144578313253012
0.8285714285714285
0.8421052631578947
0.4736842105263158
0.23529411764705888
0.9436619718309859
0.9365079365079365
0.3076923076923077
0.9428571428571428
0.6111111111111112
0.855072463768116
0.47058823529411764
0.4782608695652174
0.5384615384615384
0.8181818181818181
0.8571428571428572
0.6
0.6774193548387097
0.8571428571428572
0.3571428571428571
0.6909090909090909
0.8787878787878788
0.8918918918918919
0.1428571428571429
0.38888888888888884
0.5
0.8518518518518519
0.052631578947368474
0.75
0.6
0.8571428571428572
0.6144578313253012
0.84
0.052631578947368474
0.9166666666666666
0.5604395604395604
0.8571428571428572
0.6
0.8333333333333334
0.8571428571428572
0.5
0.0
0.7777777777777778
0.33333333333333337
0.052631578947368474
0.6129032258064516
0.8285714285714285
0.875
0.42105263157894735
0.9333333333333333
0.6444444444444444
0.0
0.48
0.2692307692307693
0.8867924528301887
0.4571428571428572
0.9436619718309859
0.5666666666666667
0.9365079365079365
0.6065573770491803
0.6
0.6444444444444444
0.4
0.8878504672897196
0.6144578313253012
0.48
0.7
0.8571428571428572
0.9032258064516129
0.23809523809523814
0.9365079365079365
0.8571428571428572
0.33333333333333337
0.9365079365079365
0.6
0.8620689655172413
0.8333333333333334
0.9365079365079365
0.9076923076923077
0.4782608695652174
0.9375
0.85
0.9459459459459459
0.9365079365079365
0.8620689655172413
0.8064516129032258
0.6338028169014085
0.6338028169014085
0.7
0.6231884057971014
0.1428571428571429
0.9090909090909091
0.6341463414634146
0.0
0.0
0.9365079365079365
0.9333333333333333
0.6
0.1428571428571429
0.33333333333333337
0.7407407407407407
0.0
0.3589743589743589
0.8620689655172413
0.875
0.8878504672897196
0.9365079365079365
0.2786885245901639
0.5
0.0
0.8666666666666667
0.6144578313253012
0.4418604651162791
0.7857142857142857
0.9365079365079365
0.0
0.2142857142857143
0.8666666666666667
0.0
0.4
0.8878504672897196
0.8181818181818181
0.6065573770491803
0.48
0.5
0.9032258064516129
0.3157894736842105
0.92
0.9047619047619048
0.8571428571428572
0.052631578947368474
0.9375
0.9365079365079365
0.6
0.696969696969697
0.7735849056603774
0.7849462365591398
0.33333333333333337
0.8878504672897196
0.0
0.6
0.8181818181818181
0.6444444444444444
0.8518518518518519
0.8571428571428572
0.64
0.8878504672897196
0.8918918918918919
0.6
0.33333333333333337
0.9365079365079365
0.9365079365079365
0.5925925925925926
0.33333333333333337
0.5652173913043479
0.607843137254902
0.6404494382022472
0.6
0.9365079365079365
0.9365079365079365
0.40909090909090906
0.6
0.5
0.8878504672897196
0.8285714285714285
0.052631578947368474
0.9333333333333333
0.5
0.5384615384615384
0.33333333333333337
0.8888888888888888
0.48
0.5384615384615384
0.6
0.9459459459459459
0.33333333333333337
0.33333333333333337
0.875
0.9375
0.9148936170212766
0.6065573770491803
0.8620689655172413
0.9375
0.052631578947368474
0.0
0.6
0.0
0.9215686274509804
0.9365079365079365
0.4782608695652174
0.9090909090909091
0.6
0.8787878787878788
0.8787878787878788
0.9365079365079365
0.8518518518518519
0.9365079365079365
0.8571428571428572
0.7215189873417722
0.6
0.8666666666666667
0.8571428571428572
0.6274509803921569
0.0
0.5
0.4375
0.9189189189189189
0.8666666666666667
0.9365079365079365
0.6
0.4571428571428572
0.33333333333333337
0.5
0.8571428571428572
0.6065573770491803
0.7
0.5
0.4328358208955224
0.9310344827586207
0.6
0.9215686274509804
0.052631578947368474
0.6521739130434783
0.4285714285714286
0.6
0.8723404255319149
0.8983050847457628
0.8461538461538461
0.33333333333333337
0.8571428571428572
0.33333333333333337
0.9365079365079365
0.9487179487179487
0.9375
0.9230769230769231
0.8518518518518519
0.8181818181818181
0.5
0.9436619718309859
0.4736842105263158
0.8571428571428572
0.5454545454545454
0.9365079365079365
0.6774193548387097
0.8333333333333334
0.6
0.8518518518518519
0.33333333333333337
0.9365079365079365
0.0
0.2542372881355932
0.9166666666666666
0.25
0.0
0.33333333333333337
0.6
0.6176470588235294
0.8878504672897196
0.9333333333333333
0.9402985074626866
0.65
0.7971014492753623
0.5
0.33333333333333337
0.8571428571428572
0.5
0.0
0.8571428571428572
0.7272727272727273
0.33333333333333337
0.9375
0.5517241379310345
0.8518518518518519
0.9
0.8571428571428572
0.8571428571428572
0.6111111111111112
0.4545454545454546
0.9365079365079365
0.8878504672897196
0.8333333333333334
0.5
0.8571428571428572
0.5
0.0
0.8571428571428572
0.25
0.5
0.7215189873417722
0.8571428571428572
0.9375
0.7971014492753623
0.6
0.5
0.8518518518518519
0.8461538461538461
0.4571428571428572
0.6923076923076923
0.8620689655172413
0.4571428571428572
0.9384615384615385
0.9333333333333333
0.8571428571428572
0.33333333333333337
0.8181818181818181
0.5
0.6521739130434783
0.6
0.9375
0.9365079365079365
0.8333333333333334
0.9365079365079365
0.6
0.052631578947368474
0.8878504672897196
0.5161290322580645
0.5
0.1875
0.5714285714285714
0.8571428571428572
0.8181818181818181
0.6296296296296297
0.9365079365079365
0.9365079365079365
0.5384615384615384
0.5
0.6065573770491803
0.8571428571428572
0.0
0.4893617021276596
0.8536585365853658
0.9375
0.9166666666666666
0.8709677419354839
0.8461538461538461
0.6065573770491803
0.33333333333333337
0.607843137254902
0.052631578947368474
0.8285714285714285
0.4893617021276596
0.8620689655172413
0.8181818181818181
0.8378378378378378
0.6
0.52
0.9365079365079365
0.5531914893617021
0.9090909090909091
0.8333333333333334
0.6
0.8571428571428572
0.875
0.8571428571428572
0.8695652173913043
0.9365079365079365
0.8878504672897196
0.2142857142857143
0.75
0.9310344827586207
0.8571428571428572
0.8878504672897196
0.8878504672897196
0.4782608695652174
0.052631578947368474
0.6
0.5
0.5
0.8571428571428572
0.5
0.8181818181818181
0.48
0.7272727272727273
0.8571428571428572
0.8333333333333334
0.3157894736842105
0.8983050847457628
0.8333333333333334
0.8666666666666667
0.9487179487179487
0.6923076923076923
0.8518518518518519
0.9365079365079365
0.9365079365079365
0.33333333333333337
0.9534883720930233
0.8878504672897196
0.8620689655172413
0.2142857142857143
0.6470588235294117
0.0
0.8620689655172413
0.7391304347826086
0.33333333333333337
0.6
0.8
0.8878504672897196
0.052631578947368474
0.5
0.5
0.6444444444444444
0.9365079365079365
0.1875
0.9259259259259259
0.33333333333333337
0.8620689655172413
0.5604395604395604
0.33333333333333337
0.6065573770491803
0.8620689655172413
0.9375
0.7272727272727273
0.0
0.8878504672897196
0.6285714285714286
0.5
0.33333333333333337
0.5
0.2857142857142857
0.6
0.9487179487179487
0.9365079365079365
0.8333333333333334
0.33333333333333337
0.8571428571428572
0.92
0.7536231884057971
0.8918918918918919
0.5555555555555556
0.8878504672897196
0.5
0.4893617021276596
0.7407407407407407
0.9047619047619048
0.9375
0.1428571428571429
0.33333333333333337
0.6
0.33333333333333337
0.0
0.9365079365079365
0.3972602739726028
0.6065573770491803
0.6
0.9130434782608696
0.8878504672897196
0.9148936170212766
0.5593220338983051
0.7692307692307692
0.9459459459459459
0.33333333333333337
0.5135135135135135
0.5
0.9047619047619048
0.6923076923076923
0.9375
0.7272727272727273
0.9365079365079365
0.33333333333333337
0.4782608695652174
0.33333333333333337
0.4285714285714286
0.3513513513513513
0.3972602739726028
0.8620689655172413
0.23809523809523814
0.5833333333333333
0.052631578947368474
0.0
0.8461538461538461
0.8518518518518519
0.8620689655172413
0.84
0.52
0.45833333333333337
0.8571428571428572
0.9375
0.0
0.540983606557377
0.6470588235294117
0.8878504672897196
0.4571428571428572
0.33333333333333337
0.41463414634146345
0.0
0.33333333333333337
0.7215189873417722
0.4137931034482759
0.9365079365079365
0.8620689655172413
0.8333333333333334
0.33333333333333337
0.41463414634146345
0.9047619047619048
0.7407407407407407
0.5
0.5384615384615384
0.5161290322580645
0.9487179487179487
0.6119402985074627
0.7215189873417722
0.8571428571428572
0.9076923076923077
0.8461538461538461
0.9365079365079365
0.8518518518518519
0.6
0.4571428571428572
0.5384615384615384
0.8878504672897196
0.9365079365079365
0.0
0.9047619047619048
0.9310344827586207
0.9375
0.6842105263157895
0.8878504672897196
0.9365079365079365
0.5384615384615384
0.8518518518518519
0.6438356164383562
0.9142857142857143
0.5102040816326531
0.0
0.052631578947368474
0.6875
0.8857142857142857
0.9130434782608696
0.9365079365079365
0.32499999999999996
0.6065573770491803
0.6
0.44999999999999996
0.84
0.2142857142857143
0.9459459459459459
0.71900826446281
0.5189873417721519
0.5384615384615384
0.4893617021276596
0.9178082191780822
0.6065573770491803
0.8571428571428572
0.9365079365079365
0.6451612903225806
0.0
0.6
0.8620689655172413
0.8666666666666667
0.0
0.4716981132075472
0.6
0.6
0.9076923076923077
0.5529411764705883
0.9240506329113924
0.09523809523809523
0.6
0.4
0.4
0.5185185185185186
0.9428571428571428
0.8620689655172413
0.9365079365079365
0.6
0.8878504672897196
0.052631578947368474
0.5
0.23809523809523814
0.9166666666666666
0.9365079365079365
0.33333333333333337
0.6
0.5
0.6
0.5789473684210527
0.9411764705882353
0.6144578313253012
0.6402877697841727
0.5185185185185186
0.84
0.8571428571428572
0.45833333333333337
0.9130434782608696
0.23809523809523814
0.25
0.052631578947368474
0.33333333333333337
0.6
0.9375
0.052631578947368474
0.85
0.8604651162790697
0.8918918918918919
0.5454545454545454
0.6129032258064516
0.7215189873417722
0.5
0.8095238095238095
0.8620689655172413
0.6
0.9365079365079365
0.9365079365079365
0.6
0.8878504672897196
0.9365079365079365
0.33333333333333337
0.8571428571428572
0.42105263157894735
0.9375
0.6
0.8571428571428572
0.4285714285714286
0.8181818181818181
0.18181818181818177
0.9365079365079365
0.8918918918918919
0.9130434782608696
0.9365079365079365
0.3513513513513513
0.8571428571428572
0.5
0.0
0.9365079365079365
0.9375
0.3157894736842105
0.5
0.6
0.2142857142857143
0.9047619047619048
0.5652173913043479
0.8620689655172413
0.5161290322580645
0.4666666666666667
0.5384615384615384
0.8571428571428572
0.2542372881355932
0.375
0.6190476190476191
0.9529411764705882
0.9259259259259259
0.9285714285714286
0.9333333333333333
0.9365079365079365
0.9436619718309859
0.5714285714285714
0.9375
0.6451612903225806
0.9130434782608696
0.0
0.6086956521739131
0.33333333333333337
0.8571428571428572
0.6875
0.9365079365079365
0.9487179487179487
0.8620689655172413
0.4698795180722891
0.8571428571428572
0.9411764705882353
0.696969696969697
0.9333333333333333
0.9365079365079365
0.33333333333333337
0.5353535353535354
0.6065573770491803
0.09523809523809523
0.45833333333333337
0.5588235294117647
0.33333333333333337
0.6041666666666667
0.8823529411764706
0.6470588235294117
0.9365079365079365
0.5
0.8333333333333334
0.9375
0.9375
0.052631578947368474
0.35
0.5111111111111111
0.8518518518518519
0.32499999999999996
0.8571428571428572
0.8709677419354839
0.8333333333333334
0.4375
0.6
0.4893617021276596
0.2857142857142857
0.8148148148148149
0.0
0.9365079365079365
0.8620689655172413
0.8571428571428572
0.8333333333333334
0.5
0.33333333333333337
0.9130434782608696
0.9333333333333333
0.6
0.4444444444444444
0.8333333333333334
0.052631578947368474
0.5
0.6
0.8571428571428572
0.5384615384615384
0.8620689655172413
0.8823529411764706
0.6
0.625
0.7333333333333334
0.052631578947368474
0.5308641975308642
0.9384615384615385
0.7931034482758621
