0.34782608695652173
0.7076923076923077
0.5714285714285714
0.7567567567567568
0.47058823529411764
0.8548387096774194
0.8378378378378378
0.717948717948718
0.7647058823529411
0.8363636363636363
0.847457627118644
0.8625
0.47058823529411764
0.9142857142857143
0.9393939393939394
0.8076923076923077
0.8378378378378378
0.47058823529411764
0.7945205479452054
0.8372093023255814
0.47058823529411764
0.88
0.847457627118644
0.47058823529411764
0.7380952380952381
0.8266666666666667
0.8095238095238095
0.8378378378378378
0.9117647058823529
0.8378378378378378
0.47058823529411764
0.9393939393939394
0.6666666666666666
0.8125
0.9142857142857143
0.7636363636363637
0.8266666666666667
0.47058823529411764
0.88
0.6363636363636364
0.7818181818181819
0.8378378378378378
0.8571428571428571
0.8192771084337349
0.7567567567567568
0.47058823529411764
0.8775510204081632
0.375
0.47058823529411764
0.8192771084337349
0.847457627118644
0.8285714285714286
0.4444444444444444
0.88
0.8378378378378378
0.8378378378378378
0.8611111111111112
0.625
0.76
0.7567567567567568
0.9393939393939394
0.7450980392156863
0.847457627118644
0.47368421052631576
0.7794117647058824
0.9393939393939394
0.48
0.3870967741935484
0.9166666666666666
0.8461538461538461
0.7758620689655172
0.7758620689655172
0.8043478260869565
0.88
0.9117647058823529
0.8125
0.8076923076923077
0.76
0.8076923076923077
0.7567567567567568
0.847457627118644
0.47058823529411764
0.8285714285714286
0.47058823529411764
0.9
0.8266666666666667
0.7450980392156863
0.6875
0.8679245283018868
0.5681818181818182
0.76
0.76
0.8392857142857143
0.8192771084337349
0.7846153846153846
0.7450980392156863
0.7837837837837838
0.9142857142857143
0.7428571428571429
0.9117647058823529
0.47058823529411764
0.8307692307692308
0.8363636363636363
0.7428571428571429
0.47058823529411764
0.88
0.65625
0.8378378378378378
0.8333333333333334
0.8192771084337349
0.47058823529411764
0.7567567567567568
0.8163265306122449
0.7567567567567568
0.47058823529411764
0.47058823529411764
0.7592592592592593
0.7333333333333333
0.7945205479452054
0.3870967741935484
0.8518518518518519
0.9166666666666666
0.9
0.8888888888888888
0.88
0.8378378378378378
0.847457627118644
0.92
0.8703703703703703
0.813953488372093
0.47058823529411764
0.8625
0.3870967741935484
0.8378378378378378
0.847457627118644
0.7804878048780488
0.847457627118644
0.7846153846153846
0.8363636363636363
0.7027027027027027
0.7567567567567568
0.7428571428571429
0.8548387096774194
0.9393939393939394
0.8378378378378378
0.8846153846153846
0.4444444444444444
0.8378378378378378
0.8208955223880597
0.47058823529411764
0.47058823529411764
0.8333333333333334
0.7428571428571429
0.47058823529411764
0.6764705882352942
0.76
0.42105263157894735
0.7431192660550459
0.8333333333333334
0.88
0.7380952380952381
0.8363636363636363
0.9230769230769231
0.8363636363636363
0.7428571428571429
0.6285714285714286
0.7380952380952381
0.47058823529411764
0.3870967741935484
0.9230769230769231
0.8833333333333333
0.3870967741935484
0.7166666666666667
0.847457627118644
0.9393939393939394
0.47058823529411764
0.47058823529411764
0.847457627118644
0.7959183673469388
0.3870967741935484
0.76
0.9148936170212766
0.3870967741935484
0.9166666666666666
0.47058823529411764
0.7608695652173914
0.8333333333333334
0.8378378378378378
0.47058823529411764
0.7450980392156863
0.9117647058823529
0.7567567567567568
0.7592592592592593
0.9117647058823529
0.7450980392156863
0.9393939393939394
0.7567567567567568
0.7428571428571429
0.47058823529411764
0.47058823529411764
0.88
0.9393939393939394
0.47058823529411764
0.9130434782608695
0.9333333333333333
0.9166666666666666
0.7567567567567568
0.9393939393939394
0.76
0.8192771084337349
0.8333333333333334
0.8169014084507042
0.7450980392156863
0.8636363636363636
0.9142857142857143
0.7012987012987013
0.7567567567567568
0.65625
0.8363636363636363
0.847457627118644
0.8461538461538461
0.9166666666666666
0.47058823529411764
0.8266666666666667
0.8378378378378378
0.47058823529411764
0.47058823529411764
0.8378378378378378
0.847457627118644
0.847457627118644
0.8266666666666667
0.7790697674418605
0.4444444444444444
0.9393939393939394
0.47058823529411764
0.8285714285714286
0.78125
0.84375
0.47058823529411764
0.7450980392156863
0.47058823529411764
0.9230769230769231
0.8611111111111112
0.847457627118644
0.47058823529411764
0.47058823529411764
0.8125
0.9333333333333333
0.5714285714285714
0.9393939393939394
0.47058823529411764
0.8285714285714286
0.6285714285714286
0.821917808219178
0.847457627118644
0.8518518518518519
0.75
0.8360655737704918
0.3870967741935484
0.47058823529411764
0.7608695652173914
0.7428571428571429
0.47058823529411764
0.8372093023255814
0.9393939393939394
0.8524590163934426
0.7678571428571429
0.47058823529411764
0.92
0.9166666666666666
0.3870967741935484
0.7567567567567568
0.47058823529411764
0.47058823529411764
0.6481481481481481
0.47058823529411764
0.8636363636363636
0.47058823529411764
0.65625
0.8461538461538461
0.47058823529411764
0.6153846153846154
0.8378378378378378
0.7567567567567568
0.47058823529411764
0.6363636363636364
0.7450980392156863
0.9117647058823529
0.8285714285714286
0.88
0.9393939393939394
0.47058823529411764
0.9333333333333333
0.7450980392156863
0.47058823529411764
0.8679245283018868
0.8333333333333334
0.819672131147541
0.8548387096774194
0.7567567567567568
0.47058823529411764
0.9333333333333333
0.9318181818181818
0.8846153846153846
0.8113207547169812
0.47058823529411764
0.8378378378378378
0.8095238095238095
0.8192771084337349
0.9117647058823529
0.9393939393939394
0.7567567567567568
0.8775510204081632
0.47058823529411764
0.4
0.5555555555555556
0.8266666666666667
0.7924528301886793
0.5
0.7258064516129032
0.8378378378378378
0.47058823529411764
0.926829268292683
0.7567567567567568
0.86
0.8245614035087719
0.8333333333333334
0.8333333333333334
0.8095238095238095
0.8181818181818182
0.8636363636363636
0.7166666666666667
0.9393939393939394
0.7450980392156863
0.8285714285714286
0.8363636363636363
0.7567567567567568
0.3870967741935484
0.8192771084337349
0.7428571428571429
0.7567567567567568
0.9117647058823529
0.8192771084337349
0.9393939393939394
0.7023809523809523
0.6119402985074627
0.8192771084337349
0.47368421052631576
0.8095238095238095
0.8363636363636363
0.847457627118644
0.7790697674418605
0.4444444444444444
0.47058823529411764
0.625
0.7647058823529411
0.7450980392156863
0.47058823529411764
0.7758620689655172
0.65625
0.8378378378378378
0.75
0.3870967741935484
0.47058823529411764
0.8378378378378378
0.9393939393939394
0.7450980392156863
0.8888888888888888
0.88
0.47058823529411764
0.8266666666666667
0.7164179104477612
0.625
0.8285714285714286
0.6170212765957447
0.7758620689655172
0.9333333333333333
0.6730769230769231
0.47058823529411764
0.9333333333333333
0.8363636363636363
0.9393939393939394
0.7380952380952381
0.8285714285714286
0.76
0.76
0.8208955223880597
0.3870967741935484
0.88
0.4444444444444444
0.42857142857142855
0.8625
0.47058823529411764
0.9393939393939394
0.7608695652173914
0.7551020408163265
0.8266666666666667
0.3870967741935484
0.7567567567567568
0.47058823529411764
0.8846153846153846
0.9166666666666666
0.7638888888888888
0.3870967741935484
0.8378378378378378
0.7575757575757576
0.7631578947368421
0.7636363636363637
0.9318181818181818
0.47058823529411764
0.47058823529411764
0.8095238095238095
0.7121212121212122
0.47058823529411764
0.7428571428571429
0.8285714285714286
0.8636363636363636
0.8285714285714286
0.7450980392156863
0.5714285714285714
0.7428571428571429
0.7368421052631579
0.8301886792452831
0.47058823529411764
0.47058823529411764
0.8378378378378378
0.7380952380952381
0.7567567567567568
0.8571428571428571
0.847457627118644
0.7547169811320755
0.45
0.7837837837837838
0.8333333333333334
0.7567567567567568
0.8461538461538461
0.3870967741935484
0.9117647058823529
0.88
0.9393939393939394
0.84375
0.8285714285714286
0.8
0.7567567567567568
0.847457627118644
0.625
0.76
0.847457627118644
0.7428571428571429
0.4
0.8363636363636363
0.7428571428571429
0.8378378378378378
0.4444444444444444
0.7428571428571429
0.9130434782608695
0.7380952380952381
0.8285714285714286
0.847457627118644
0.7575757575757576
0.8266666666666667
0.8266666666666667
0.7246376811594203
0.8125
0.47058823529411764
0.8703703703703703
0.7592592592592593
0.6805555555555556
0.7608695652173914
0.8852459016393442
0.7450980392156863
0.847457627118644
0.825
0.7758620689655172
0.8333333333333334
0.9166666666666666
0.8266666666666667
0.47058823529411764
0.8095238095238095
0.7027027027027027
0.8266666666666667
0.5306122448979592
0.6764705882352942
0.47058823529411764
0.7924528301886793
0.47058823529411764
0.92
0.7450980392156863
0.8333333333333334
0.7547169811320755
0.47058823529411764
0.8285714285714286
0.47058823529411764
0.47058823529411764
0.7567567567567568
0.47058823529411764
0.8363636363636363
0.8378378378378378
0.7567567567567568
0.821917808219178
0.8192771084337349
0.7758620689655172
0.7567567567567568
0.47058823529411764
0.7450980392156863
0.926829268292683
0.8076923076923077
0.7450980392156863
0.7526881720430108
0.8378378378378378
0.3870967741935484
0.7924528301886793
0.8076923076923077
0.3870967741935484
0.8289473684210527
0.7166666666666667
0.8363636363636363
0.9393939393939394
0.7647058823529411
0.9393939393939394
0.9130434782608695
0.9117647058823529
0.47058823529411764
0.47058823529411764
0.7575757575757576
0.47058823529411764
0.8378378378378378
0.8285714285714286
0.8363636363636363
0.7428571428571429
0.8285714285714286
0.47058823529411764
0.9230769230769231
0.8076923076923077
0.9393939393939394
0.9166666666666666
0.47058823529411764
0.8378378378378378
0.8378378378378378
0.847457627118644
0.47058823529411764
0.8333333333333334
0.625
0.47058823529411764
0.7636363636363637
0.47058823529411764
0.8363636363636363
0.8285714285714286
0.3870967741935484
0.4444444444444444
0.8125
0.8266666666666667
0.9393939393939394
0.8947368421052632
0.3870967741935484
0.47058823529411764
0.926829268292683
0.7837837837837838
0.8095238095238095
0.8363636363636363
0.47058823529411764
0.8266666666666667
0.47058823529411764
0.75
0.7837837837837838
0.9166666666666666
0.7567567567567568
0.8157894736842105
0.7567567567567568
0.47058823529411764
0.8285714285714286
0.7435897435897436
0.9393939393939394
0.8266666666666667
0.7454545454545455
0.8363636363636363
0.7567567567567568
0.8076923076923077
0.47058823529411764
0.9166666666666666
0.4444444444444444
0.8095238095238095
0.5714285714285714
0.8870967741935484
0.9142857142857143
0.8266666666666667
0.8285714285714286
0.7428571428571429
0.8245614035087719
0.7575757575757576
0.8266666666666667
0.47058823529411764
0.8548387096774194
0.9142857142857143
0.7758620689655172
0.3870967741935484
0.7011494252873564
0.8378378378378378
0.7567567567567568
0.47058823529411764
0.8266666666666667
0.7567567567567568
0.7575757575757576
0.8636363636363636
0.7567567567567568
0.7567567567567568
0.47058823529411764
0.9333333333333333
0.8429752066115702
0.47058823529411764
0.847457627118644
0.47058823529411764
0.9117647058823529
0.6666666666666666
0.8095238095238095
0.8192771084337349
0.8266666666666667
0.8378378378378378
0.9117647058823529
0.8192771084337349
0.847457627118644
0.9393939393939394
0.9
0.8529411764705882
0.3870967741935484
0.6764705882352942
0.7777777777777778
0.8378378378378378
0.7592592592592593
0.8192771084337349
0.8378378378378378
0.75
0.7631578947368421
0.8524590163934426
0.8518518518518519
0.7966101694915254
0.8378378378378378
0.9130434782608695
0.47058823529411764
0.7428571428571429
0.8636363636363636
0.847457627118644
0.8285714285714286
0.8378378378378378
0.847457627118644
0.7727272727272727
0.7567567567567568
0.918918918918919
0.9117647058823529
0.65625
0.8888888888888888
0.47058823529411764
0.8235294117647058
0.47058823529411764
0.7428571428571429
0.8095238095238095
0.821917808219178
0.9393939393939394
0.7608695652173914
0.47058823529411764
0.8846153846153846
0.47058823529411764
0.8625
0.47058823529411764
0.847457627118644
0.5714285714285714
0.8285714285714286
0.8095238095238095
0.47058823529411764
0.47058823529411764
0.7948717948717948
0.3870967741935484
0.9393939393939394
0.9393939393939394
0.7764705882352941
0.847457627118644
0.8301886792452831
0.47058823529411764
0.8627450980392157
0.88
0.92
0.76
0.9393939393939394
0.47058823529411764
0.45
0.7758620689655172
0.47058823529411764
0.7567567567567568
0.7380952380952381
0.8333333333333334
0.7567567567567568
0.47058823529411764
0.3870967741935484
0.8095238095238095
0.7551020408163265
0.9393939393939394
0.65625
0.9117647058823529
0.9393939393939394
0.7380952380952381
0.8548387096774194
0.47058823529411764
0.7647058823529411
0.7608695652173914
0.88
0.8
0.9166666666666666
0.3870967741935484
0.8192771084337349
0.9393939393939394
0.7450980392156863
0.9032258064516129
0.847457627118644
0.9393939393939394
0.8285714285714286
0.8192771084337349
0.7662337662337663
0.7647058823529411
0.9393939393939394
0.7636363636363637
0.5714285714285714
0.7380952380952381
0.8870967741935484
0.7428571428571429
0.47058823529411764
0.9393939393939394
0.8378378378378378
0.7636363636363637
0.92
0.8285714285714286
0.47058823529411764
0.8888888888888888
0.8192771084337349
0.7428571428571429
0.8076923076923077
0.47058823529411764
0.9142857142857143
0.847457627118644
0.8333333333333334
0.7450980392156863
0.3870967741935484
0.9130434782608695
0.4
0.6764705882352942
0.8285714285714286
0.9117647058823529
0.75
0.7428571428571429
0.8378378378378378
0.8192771084337349
0.9428571428571428
0.47058823529411764
0.88
0.47058823529411764
0.9166666666666666
0.8192771084337349
0.7450980392156863
0.8775510204081632
0.7608695652173914
0.76
0.47058823529411764
0.8363636363636363
0.9130434782608695
0.7608695652173914
0.7758620689655172
0.7631578947368421
0.88
0.65625
0.4090909090909091
0.47058823529411764
0.7567567567567568
0.9428571428571428
0.8076923076923077
0.7522935779816514
0.7195121951219512
0.4
0.8285714285714286
0.7567567567567568
0.8095238095238095
0.7567567567567568
0.5714285714285714
0.8076923076923077
0.8285714285714286
0.7567567567567568
0.7428571428571429
0.5555555555555556
0.7857142857142857
0.4444444444444444
0.8571428571428571
0.7164179104477612
0.47058823529411764
0.9393939393939394
0.847457627118644
0.8085106382978723
0.8076923076923077
0.8378378378378378
0.6363636363636364
0.8378378378378378
0.8095238095238095
0.8656716417910447
0.8591549295774648
0.47058823529411764
0.47058823529411764
0.847457627118644
0.47058823529411764
0.88
0.7727272727272727
0.6805555555555556
0.8285714285714286
0.8775510204081632
0.3870967741935484
0.7428571428571429
0.47058823529411764
0.7428571428571429
0.8095238095238095
0.8085106382978723
0.6875
0.8363636363636363
0.8266666666666667
0.6060606060606061
0.7380952380952381
0.7837837837837838
0.3870967741935484
0.6122448979591837
0.7575757575757576
0.8285714285714286
0.8285714285714286
0.9393939393939394
0.88
0.8679245283018868
0.7636363636363637
0.7575757575757576
0.8095238095238095
0.4444444444444444
0.9166666666666666
0.9333333333333333
0.47058823529411764
0.9393939393939394
0.8679245283018868
0.47058823529411764
0.8636363636363636
0.9393939393939394
0.9393939393939394
0.8378378378378378
0.9117647058823529
0.8266666666666667
0.9393939393939394
0.8076923076923077
0.8529411764705882
0.6956521739130435
0.4444444444444444
0.47058823529411764
0.7567567567567568
0.8266666666666667
0.8163265306122449
0.65625
0.7428571428571429
0.8518518518518519
0.9117647058823529
0.7704918032786885
0.9117647058823529
0.7380952380952381
0.47058823529411764
0.7567567567567568
0.7012987012987013
0.7727272727272727
0.7254901960784313
0.7428571428571429
0.8363636363636363
0.5714285714285714
0.47058823529411764
0.7397260273972602
0.65625
0.7567567567567568
0.47058823529411764
0.821917808219178
0.8169014084507042
0.47058823529411764
0.8285714285714286
0.7428571428571429
0.9393939393939394
0.8285714285714286
0.76
0.9347826086956522
0.8076923076923077
0.9393939393939394
0.3870967741935484
0.76
0.47058823529411764
0.7575757575757576
0.42105263157894735
0.7027027027027027
0.5
0.34782608695652173
0.7567567567567568
0.7567567567567568
0.847457627118644
0.6285714285714286
0.9117647058823529
0.8431372549019608
0.9117647058823529
0.8076923076923077
0.7283950617283951
0.9142857142857143
0.7450980392156863
0.76
0.4444444444444444
0.7428571428571429
0.8076923076923077
0.7567567567567568
0.47058823529411764
0.759493670886076
0.7419354838709677
0.8363636363636363
0.8378378378378378
0.92
0.8636363636363636
0.8378378378378378
0.7027027027027027
0.7758620689655172
0.8095238095238095
0.847457627118644
0.47368421052631576
0.821917808219178
0.47058823529411764
0.7837837837837838
0.8378378378378378
0.36363636363636365
0.7027027027027027
0.7567567567567568
0.7567567567567568
0.8285714285714286
0.9
0.47058823529411764
0.47058823529411764
0.47058823529411764
0.47058823529411764
0.847457627118644
0.8775510204081632
0.8548387096774194
0.7567567567567568
0.7547169811320755
0.9166666666666666
0.9166666666666666
0.88
0.7567567567567568
0.8378378378378378
0.8970588235294118
0.47058823529411764
0.47058823529411764
0.7704918032786885
0.9393939393939394
0.8285714285714286
0.47058823529411764
0.8192771084337349
0.47058823529411764
0.7727272727272727
0.8076923076923077
0.9142857142857143
0.8378378378378378
0.9117647058823529
0.8636363636363636
0.88
0.7428571428571429
0.8378378378378378
0.8378378378378378
0.9166666666666666
0.47058823529411764
0.847457627118644
0.8
0.847457627118644
0.7428571428571429
0.5714285714285714
0.7567567567567568
0.47058823529411764
0.88
0.47058823529411764
0.6875
0.9393939393939394
0.8142857142857143
0.8378378378378378
0.9333333333333333
0.813953488372093
0.9166666666666666
0.8076923076923077
0.8076923076923077
0.7413793103448276
0.47058823529411764
0.7450980392156863
0.88
0.7777777777777778
0.8095238095238095
0.8169014084507042
0.47058823529411764
0.42857142857142855
0.7125
0.8378378378378378
0.8142857142857143
0.821917808219178
0.7567567567567568
0.9117647058823529
0.5714285714285714
0.9111111111111111
0.6060606060606061
0.3870967741935484
0.847457627118644
0.8378378378378378
0.7567567567567568
0.8775510204081632
0.8095238095238095
0.7567567567567568
0.5714285714285714
0.8378378378378378
0.7428571428571429
0.9117647058823529
0.8378378378378378
0.47058823529411764
0.7567567567567568
0.8076923076923077
0.7567567567567568
0.7586206896551724
0.8679245283018868
0.9166666666666666
0.9166666666666666
0.9393939393939394
0.3870967741935484
0.7380952380952381
0.47058823529411764
0.47058823529411764
0.3870967741935484
0.625
0.7567567567567568
0.47058823529411764
0.47058823529411764
0.9117647058823529
0.9117647058823529
0.8625
0.6805555555555556
0.8055555555555556
0.7551020408163265
0.47058823529411764
0.8461538461538461
0.76
0.47058823529411764
0.88
0.9117647058823529
0.821917808219178
0.8125
0.8571428571428571
0.8378378378378378
0.7846153846153846
0.7403846153846154
0.7547169811320755
0.6805555555555556
0.9333333333333333
0.47058823529411764
0.7230769230769231
0.918918918918919
0.7428571428571429
0.7567567567567568
0.45
0.9
0.8378378378378378
0.8611111111111112
0.6666666666666666
0.8285714285714286
0.47058823529411764
0.9318181818181818
0.821917808219178
0.847457627118644
0.8888888888888888
0.7567567567567568
0.47058823529411764
0.47058823529411764
0.8378378378378378
0.5714285714285714
0.8076923076923077
0.7567567567567568
0.8378378378378378
0.7027027027027027
0.8192771084337349
0.82
0.7428571428571429
0.5714285714285714
0.8125
0.9393939393939394
0.76
0.7428571428571429
0.813953488372093
0.5
0.47058823529411764
0.8378378378378378
0.847457627118644
0.5714285714285714
0.8181818181818182
0.88
0.7450980392156863
0.8095238095238095
0.8113207547169812
0.72
0.8076923076923077
0.47058823529411764
0.47058823529411764
0.7428571428571429
0.9117647058823529
0.9318181818181818
0.8548387096774194
0.47058823529411764
0.8285714285714286
0.75
0.5714285714285714
0.7966101694915254
0.8333333333333334
0.47058823529411764
0.7567567567567568
0.8378378378378378
0.7758620689655172
0.47058823529411764
0.8192771084337349
0.47058823529411764
0.84375
0.8870967741935484
0.7261904761904762
0.7083333333333334
0.6764705882352942
0.7777777777777778
0.5714285714285714
0.47058823529411764
0.65625
0.8285714285714286
0.8846153846153846
0.7567567567567568
0.847457627118644
0.88
0.9393939393939394
0.7065217391304348
0.8846153846153846
0.65625
0.7428571428571429
0.9318181818181818
0.7428571428571429
0.5714285714285714
0.47058823529411764
0.847457627118644
0.9393939393939394
0.8378378378378378
0.7450980392156863
0.8363636363636363
0.47058823529411764
0.8870967741935484
0.3870967741935484
0.8378378378378378
0.7435897435897436
0.5714285714285714
0.847457627118644
0.8363636363636363
0.625
0.7837837837837838
0.7857142857142857
0.47058823529411764
0.6119402985074627
0.5
0.8295454545454546
0.7450980392156863
0.847457627118644
0.7567567567567568
0.47058823529411764
0.6285714285714286
0.8266666666666667
0.7162162162162162
0.76
0.4444444444444444
0.7567567567567568
0.8524590163934426
0.8076923076923077
0.8571428571428571
0.7428571428571429
0.8378378378378378
0.47058823529411764
0.6086956521739131
0.7450980392156863
0.8378378378378378
0.8679245283018868
0.7428571428571429
0.47058823529411764
0.7916666666666666
0.47058823529411764
0.7450980392156863
0.47058823529411764
0.847457627118644
0.9
0.47058823529411764
0.8285714285714286
0.847457627118644
0.42857142857142855
0.7380952380952381
0.8142857142857143
0.7766990291262136
0.8461538461538461
0.8378378378378378
0.9117647058823529
0.717391304347826
0.847457627118644
0.9333333333333333
0.3870967741935484
0.7567567567567568
0.8076923076923077
0.5714285714285714
0.875
0.88
0.6811594202898551
0.7567567567567568
0.4444444444444444
0.8679245283018868
0.47058823529411764
0.47058823529411764
0.8888888888888888
0.9393939393939394
0.65625
0.9117647058823529
0.7631578947368421
0.8857142857142857
0.7450980392156863
0.7916666666666666
0.847457627118644
0.8936170212765957
0.7567567567567568
0.5714285714285714
0.88
0.47058823529411764
0.47058823529411764
0.7636363636363637
0.8295454545454546
0.47058823529411764
0.4444444444444444
0.8015873015873016
0.3870967741935484
0.9117647058823529
0.9393939393939394
0.8169014084507042
0.8846153846153846
0.5714285714285714
0.8378378378378378
0.76
0.6764705882352942
0.3870967741935484
0.78125
0.7763157894736842
0.6285714285714286
0.8266666666666667
0.8285714285714286
0.8625
0.7049180327868853
0.8076923076923077
0.47058823529411764
0.7692307692307693
0.7901234567901234
0.7567567567567568
0.7428571428571429
0.8076923076923077
0.7164179104477612
0.8192771084337349
0.9393939393939394
0.8775510204081632
0.4444444444444444
0.8625
0.47058823529411764
0.8192771084337349
0.9393939393939394
0.8266666666666667
0.7397260273972602
0.8775510204081632
0.76
0.9130434782608695
0.47058823529411764
0.47058823529411764
0.47058823529411764
0.47058823529411764
0.7916666666666666
0.5714285714285714
0.9117647058823529
0.9117647058823529
0.76
0.8
0.76
0.9032258064516129
0.8285714285714286
0.9393939393939394
0.8076923076923077
0.45
0.6875
0.8333333333333334
0.8636363636363636
0.9393939393939394
0.9393939393939394
0.7450980392156863
0.47058823529411764
0.7567567567567568
0.847457627118644
0.9117647058823529
0.8192771084337349
0.7608695652173914
0.7631578947368421
0.9130434782608695
0.8076923076923077
0.7647058823529411
0.45
0.42857142857142855
0.7647058823529411
0.76
0.8333333333333334
0.6582278481012658
0.759493670886076
0.8260869565217391
0.7450980392156863
0.7428571428571429
0.5681818181818182
0.8333333333333334
0.7428571428571429
0.9393939393939394
0.9393939393939394
0.775
0.8378378378378378
0.6744186046511628
0.8378378378378378
0.88
0.3870967741935484
0.7575757575757576
0.7428571428571429
0.5714285714285714
0.8636363636363636
0.9393939393939394
0.803921568627451
0.7195121951219512
0.9302325581395349
0.47058823529411764
0.7567567567567568
0.8076923076923077
0.7959183673469388
0.8548387096774194
0.8285714285714286
0.8095238095238095
0.9333333333333333
0.7317073170731707
0.8378378378378378
0.8095238095238095
0.94
0.8169014084507042
0.847457627118644
0.7125
0.47058823529411764
0.8571428571428571
0.8333333333333334
0.4
0.847457627118644
0.7023809523809523
0.9130434782608695
0.47058823529411764
0.8266666666666667
0.7567567567567568
0.8653846153846154
0.8076923076923077
0.8431372549019608
0.7567567567567568
0.847457627118644
0.9117647058823529
0.7608695652173914
0.7567567567567568
0.7380952380952381
0.7560975609756098
0.47058823529411764
0.9142857142857143
0.5714285714285714
0.7608695652173914
0.7012987012987013
0.7567567567567568
0.9142857142857143
0.47058823529411764
0.8378378378378378
0.7567567567567568
0.7945205479452054
0.8679245283018868
0.47058823529411764
0.47058823529411764
0.831858407079646
0.5714285714285714
0.88
0.7380952380952381
0.9117647058823529
0.9333333333333333
0.47058823529411764
0.7924528301886793
0.7575757575757576
0.5714285714285714
0.4444444444444444
0.47058823529411764
0.7246376811594203
0.47058823529411764
0.9393939393939394
0.7450980392156863
0.9333333333333333
0.7428571428571429
0.7567567567567568
0.9166666666666666
0.7567567567567568
0.8142857142857143
0.7380952380952381
0.5714285714285714
0.8169014084507042
0.7608695652173914
0.8076923076923077
0.8192771084337349
0.7567567567567568
0.8
0.7857142857142857
0.8235294117647058
0.847457627118644
0.47058823529411764
0.47058823529411764
0.47058823529411764
0.7567567567567568
0.9142857142857143
0.3870967741935484
0.5106382978723404
0.8625
0.8169014084507042
0.9534883720930233
0.8571428571428571
0.8260869565217391
0.8846153846153846
0.88
0.8333333333333334
0.9117647058823529
0.8548387096774194
0.47058823529411764
0.47058823529411764
0.7567567567567568
0.8333333333333334
0.8775510204081632
0.7380952380952381
0.47058823529411764
0.3870967741935484
0.8636363636363636
0.7608695652173914
0.8611111111111112
0.9142857142857143
0.8222222222222222
0.9393939393939394
0.7450980392156863
0.8548387096774194
0.9117647058823529
0.7924528301886793
0.8192771084337349
0.4
0.8378378378378378
0.7567567567567568
0.8928571428571429
0.9
0.78125
0.7567567567567568
0.7551020408163265
0.7428571428571429
0.7567567567567568
0.847457627118644
0.8378378378378378
0.3870967741935484
0.47058823529411764
0.9
0.7631578947368421
0.7450980392156863
0.7857142857142857
0.9393939393939394
0.47058823529411764
0.8857142857142857
0.7403846153846154
0.76
0.9117647058823529
0.88
0.8043478260869565
0.8378378378378378
0.47058823529411764
0.76
0.47058823529411764
0.78125
0.7567567567567568
0.7758620689655172
0.9333333333333333
0.7924528301886793
0.8775510204081632
0.8378378378378378
0.34782608695652173
0.3870967741935484
0.88
0.847457627118644
0.9166666666666666
0.8775510204081632
0.8679245283018868
0.8095238095238095
0.5714285714285714
0.8363636363636363
