0.5010803024846957
0.059214167127836226
0.5324675324675325
0.544766708701135
0.061127596439169096
0.5210958904109588
0.5210958904109588
0.5324675324675325
0.5324675324675325
0.5324675324675325
0.544766708701135
0.5010803024846957
0.5210958904109588
0.5210958904109588
0.544766708701135
0.5010803024846957
0.057541899441340805
0.5210958904109588
0.5010803024846957
0.544766708701135
0.544766708701135
0.544766708701135
0.05645612073784234
0.5445420326223338
0.5445420326223338
0.544766708701135
0.5210958904109588
0.5445420326223338
0.544766708701135
0.544766708701135
0.5324675324675325
0.5210958904109588
0.5324675324675325
0.5445420326223338
0.544766708701135
0.5324675324675325
0.5324675324675325
0.544766708701135
0.5324675324675325
0.5324675324675325
0.5010803024846957
0.544766708701135
0.5445420326223338
0.544766708701135
0.5010803024846957
0.5324675324675325
0.5324675324675325
0.5010803024846957
0.5324675324675325
0.544766708701135
0.5445420326223338
0.5324675324675325
0.5324675324675325
0.5324675324675325
0.544766708701135
0.544766708701135
0.544766708701135
0.5324675324675325
0.5010803024846957
0.5010803024846957
0.5210958904109588
0.544766708701135
0.5324675324675325
0.544766708701135
0.057541899441340805
0.5324675324675325
0.061091340450771026
0.5010803024846957
0.5210958904109588
0.544766708701135
0.5210958904109588
0.5324675324675325
0.544766708701135
0.5324675324675325
0.544766708701135
0.5324675324675325
0.5324675324675325
0.544766708701135
0.544766708701135
0.5210958904109588
0.5010803024846957
0.5324675324675325
0.5010803024846957
0.544766708701135
0.5276663993584603
0.5010803024846957
0.5445420326223338
0.5445420326223338
0.544766708701135
0.5010803024846957
0.5210958904109588
0.5445420326223338
0.5445420326223338
0.5210958904109588
0.544766708701135
0.544766708701135
0.544766708701135
0.5324675324675325
0.5210958904109588
0.544766708701135
0.5210958904109588
0.0
0.544766708701135
0.544766708701135
0.544766708701135
0.5210958904109588
