0.7818181818181819
0.9655172413793104
0.1
0.6470588235294118
0.9230769230769231
0.5
0.7611940298507462
0.1
0.6470588235294118
0.9672131147540983
0.9487179487179487
0.5
0.9230769230769231
0.9130434782608695
0.75
0.9523809523809523
0.8695652173913043
0.7857142857142857
0.95
0.6666666666666666
0.75
0.9230769230769231
0.9230769230769231
0.7692307692307693
0.6470588235294118
0.6470588235294118
0.75
0.9565217391304348
0.9333333333333333
0.6428571428571429
0.9230769230769231
0.9230769230769231
0.6811594202898551
0.9090909090909091
0.7592592592592593
0.967741935483871
0.9405940594059405
0.7580645161290323
0.5
0.967741935483871
0.5
0.961038961038961
0.8545454545454545
0.9583333333333334
0.9710144927536232
0.6285714285714286
0.9710144927536232
0.9
0.6363636363636364
0.847457627118644
0.1
0.0
0.9487179487179487
0.5945945945945946
0.75
0.7192982456140351
0.9230769230769231
0.3076923076923077
0.6285714285714286
0.7777777777777778
0.75
0.75
0.9405940594059405
0.9523809523809523
0.5
0.9672131147540983
0.7246376811594203
0.6666666666666666
0.6666666666666666
0.9333333333333333
0.7551020408163265
0.92
0.92
0.9333333333333333
0.9259259259259259
0.7761194029850746
0.9672131147540983
0.9672131147540983
0.8382352941176471
0.6774193548387096
0.9672131147540983
0.6666666666666666
0.6285714285714286
0.7
0.5
0.9710144927536232
0.6666666666666666
0.92
0.8
0.6274509803921569
0.5
0.9655172413793104
0.9230769230769231
0.75
0.8235294117647058
0.75
0.9710144927536232
0.9259259259259259
0.6571428571428571
0.971830985915493
0.9
0.35294117647058826
0.9405940594059405
0.76
0.7741935483870968
0.7837837837837838
0.8870967741935484
0.967741935483871
0.0
0.967741935483871
0.9230769230769231
0.8023255813953488
0.0
0.1
0.967741935483871
0.9387755102040817
0.9405940594059405
0.6470588235294118
0.75
0.9594594594594594
0.5
0.48
0.6333333333333333
0.9571428571428572
0.8695652173913043
0.9672131147540983
0.9736842105263158
0.9259259259259259
0.9285714285714286
0.9
0.25
0.7627118644067796
0.9230769230769231
0.6666666666666666
0.8795180722891566
0.967741935483871
0.9210526315789473
0.6470588235294118
0.6666666666666666
0.92
0.9565217391304348
0.1
0.0
0.7
0.9722222222222222
0.925
0.9672131147540983
0.967741935483871
0.9166666666666666
0.5714285714285714
0.9230769230769231
0.7843137254901961
0.9259259259259259
0.9285714285714286
0.8860759493670886
0.9629629629629629
0.0
0.42424242424242425
0.0
0.9629629629629629
0.3076923076923077
0.9333333333333333
0.90625
0.9672131147540983
0.5
0.9666666666666667
0.5
0.9710144927536232
0.9354838709677419
0.6666666666666666
0.6666666666666666
0.7857142857142857
0.9642857142857143
0.9230769230769231
0.9722222222222222
0.6470588235294118
0.9405940594059405
0.9230769230769231
0.6666666666666666
0.7066666666666667
0.9230769230769231
0.7368421052631579
0.96
0.6333333333333333
0.90625
0.9672131147540983
0.9090909090909091
0.5925925925925926
0.9230769230769231
0.5
0.42424242424242425
0.9333333333333333
0.6666666666666666
0.8695652173913043
0.75
0.9642857142857143
0.9405940594059405
0.7424242424242424
0.967741935483871
0.9672131147540983
0.5
0.09523809523809523
0.5
0.9230769230769231
0.64
0.9696969696969697
0.0
0.7368421052631579
0.9672131147540983
0.9405940594059405
0.6666666666666666
0.7272727272727273
0.9672131147540983
0.9230769230769231
0.9672131147540983
0.9090909090909091
0.35294117647058826
0.75
0.7551020408163265
0.967741935483871
0.5384615384615384
0.9090909090909091
0.9230769230769231
0.6470588235294118
0.5
0.9672131147540983
0.9259259259259259
0.9487179487179487
0.7216494845360825
0.9230769230769231
0.7692307692307693
0.9672131147540983
0.0
0.9285714285714286
0.92
0.9672131147540983
0.75
0.9672131147540983
0.9473684210526315
0.6666666666666666
0.7551020408163265
0.967741935483871
0.7272727272727273
0.95
0.9285714285714286
0.1
0.9655172413793104
0.6666666666666666
0.9672131147540983
0.9230769230769231
0.9230769230769231
0.5
0.92
0.9672131147540983
0.9672131147540983
0.5686274509803921
0.9230769230769231
0.96
0.78125
0.38461538461538464
0.9333333333333333
0.9285714285714286
0.9672131147540983
0.9672131147540983
0.9565217391304348
0.92
0.9
0.9333333333333333
0.9615384615384616
0.9565217391304348
0.90625
0.7941176470588235
0.5
0.7636363636363637
0.723404255319149
0.9090909090909091
0.9
0.9672131147540983
0.9655172413793104
0.9285714285714286
0.38461538461538464
0.7857142857142857
0.5263157894736842
0.9230769230769231
0.9230769230769231
0.95
0.9714285714285714
0.7272727272727273
0.7121212121212122
0.42857142857142855
0.9692307692307692
0.9565217391304348
0.872093023255814
0.7368421052631579
0.9464285714285714
0.9310344827586207
0.967741935483871
0.9405940594059405
0.8333333333333334
0.7352941176470589
0.6470588235294118
0.9285714285714286
0.6363636363636364
0.6666666666666666
0.75
0.7551020408163265
0.967741935483871
0.967741935483871
0.9230769230769231
0.44
0.9
0.5283018867924528
0.9230769230769231
0.1
0.9682539682539683
0.9672131147540983
0.92
0.8
0.967741935483871
0.9464285714285714
0.9230769230769231
0.7551020408163265
0.7
0.7272727272727273
0.64
0.9285714285714286
0.9259259259259259
0.9577464788732394
0.5454545454545454
0.9230769230769231
0.9090909090909091
0.1
0.9230769230769231
0.5
0.9672131147540983
0.7
0.8271604938271605
0.9090909090909091
0.7674418604651163
0.9230769230769231
0.5
0.7611940298507462
0.7580645161290323
0.9333333333333333
0.9672131147540983
0.75
0.9230769230769231
0.5
0.9605263157894737
0.8333333333333334
0.48
0.90625
0.9672131147540983
0.7111111111111111
0.6470588235294118
0.7551020408163265
0.9672131147540983
0.7941176470588235
0.9672131147540983
0.9672131147540983
0.5
0.8775510204081632
0.6666666666666666
0.7058823529411765
0.1
0.9672131147540983
0.9259259259259259
0.7551020408163265
0.6666666666666666
0.9655172413793104
0.9672131147540983
0.1
0.6470588235294118
0.6470588235294118
0.75
0.9
0.6666666666666666
0.9285714285714286
0.7551020408163265
0.9154929577464789
0.5714285714285714
0.9487179487179487
0.9285714285714286
0.90625
0.9130434782608695
0.7058823529411765
0.92
0.967741935483871
0.9259259259259259
0.8269230769230769
0.5
0.9285714285714286
0.6571428571428571
0.9090909090909091
0.92
0.5686274509803921
0.7758620689655172
0.9672131147540983
0.7551020408163265
0.9672131147540983
0.75
0.17391304347826086
0.95
0.851063829787234
0.5
0.7222222222222222
0.9428571428571428
0.5
0.0
0.7424242424242424
0.9230769230769231
0.9692307692307692
0.9672131147540983
0.5
0.0
0.8947368421052632
0.4
0.9607843137254902
0.9565217391304348
0.9649122807017544
0.25
0.5
0.9714285714285714
0.9565217391304348
0.2
0.9333333333333333
0.0
0.6666666666666666
0.7384615384615385
0.7121212121212122
0.5
0.9285714285714286
0.5714285714285714
0.75
0.0
0.5
0.9230769230769231
0.7611940298507462
0.35294117647058826
0.9206349206349206
0.8421052631578947
0.6567164179104478
0.9545454545454546
0.9405940594059405
0.7551020408163265
0.9444444444444444
0.0
0.7592592592592593
0.75
0.7837837837837838
0.0
0.6666666666666666
0.75
0.967741935483871
0.7837837837837838
0.1
0.42424242424242425
0.6666666666666666
0.75
0.967741935483871
0.88
0.7551020408163265
0.7807017543859649
0.8421052631578947
0.7551020408163265
0.967741935483871
0.7
0.9230769230769231
0.9405940594059405
0.8125
0.92
0.9333333333333333
0.0
0.9428571428571428
0.9285714285714286
0.38461538461538464
0.875
0.9565217391304348
0.92
0.0
0.4358974358974359
0.7611940298507462
0.92
0.5714285714285714
0.7
0.7592592592592593
0.7592592592592593
0.6935483870967742
0.8181818181818182
0.9166666666666666
0.7833333333333333
0.0
0.35294117647058826
0.7551020408163265
0.7551020408163265
0.9672131147540983
0.0
0.5
0.92
0.88
0.9577464788732394
0.7758620689655172
0.5
0.7611940298507462
0.9405940594059405
0.717391304347826
0.9285714285714286
0.9491525423728814
0.9375
0.9333333333333333
0.6470588235294118
0.9230769230769231
0.9285714285714286
0.1
0.0
0.9672131147540983
0.5652173913043478
0.7592592592592593
0.6666666666666666
0.925
0.8125
0.0
0.967741935483871
0.49056603773584906
0.0
0.6666666666666666
0.35294117647058826
0.75
0.9
0.9090909090909091
0.9672131147540983
0.5416666666666666
0.9464285714285714
0.9672131147540983
0.7368421052631579
0.967741935483871
0.9230769230769231
0.92
0.5714285714285714
0.9565217391304348
0.6470588235294118
0.8928571428571429
0.9672131147540983
0.0
0.75
0.5
0.9230769230769231
0.8421052631578947
0.7222222222222222
0.971830985915493
0.9672131147540983
0.9672131147540983
0.9491525423728814
0.967741935483871
0.75
0.967741935483871
0.9655172413793104
0.9166666666666666
0.9672131147540983
0.9692307692307692
0.8947368421052632
0.1
0.75
0.9655172413793104
0.6486486486486487
0.7272727272727273
0.92
0.0
0.9230769230769231
0.9
0.967741935483871
0.9759036144578314
0.9672131147540983
0.7972972972972973
0.5
0.5
0.9710144927536232
0.7592592592592593
0.9655172413793104
0.9672131147540983
0.9285714285714286
0.9259259259259259
0.7837837837837838
0.9672131147540983
0.1
0.0
0.9565217391304348
0.7551020408163265
0.5
0.37142857142857144
0.9672131147540983
0.1
0.6571428571428571
0.96
0.7169811320754716
0.6274509803921569
0.9230769230769231
0.75
0.967741935483871
0.5
0.9090909090909091
0.7857142857142857
0.967741935483871
0.5
0.8870967741935484
0.9565217391304348
0.2
0.5454545454545454
0.4
0.967741935483871
0.7551020408163265
0.9230769230769231
0.5714285714285714
0.5
0.8125
0.7551020408163265
0.1
0.7192982456140351
0.9230769230769231
0.7205882352941176
0.9090909090909091
0.9655172413793104
0.5
0.75
0.5
0.75
0.9682539682539683
0.6285714285714286
0.9375
0.0
0.09523809523809523
0.9230769230769231
0.9655172413793104
0.9230769230769231
0.9672131147540983
0.5454545454545454
0.9523809523809523
0.25
0.9672131147540983
0.9065420560747663
0.5
0.75
0.967741935483871
0.90625
0.7424242424242424
0.7125
0.9672131147540983
0.8529411764705882
0.9672131147540983
0.25
0.75
0.6285714285714286
0.5714285714285714
0.9405940594059405
0.967741935483871
0.95
0.5
0.1
0.0
0.8448275862068966
0.5
0.0
0.9230769230769231
0.5
0.35294117647058826
0.5
0.45714285714285713
0.9285714285714286
0.0
0.9655172413793104
0.967741935483871
0.9682539682539683
0.9259259259259259
0.5
0.8235294117647058
0.9736842105263158
0.6571428571428571
0.9672131147540983
0.4
0.8421052631578947
0.96
0.7333333333333333
0.75
0.9464285714285714
0.7
0.5
0.9672131147540983
0.9672131147540983
0.9375
0.92
0.5
0.9672131147540983
0.9565217391304348
0.9565217391304348
0.9607843137254902
0.8240740740740741
0.6274509803921569
0.9672131147540983
0.7424242424242424
0.9672131147540983
0.0
0.8947368421052632
0.1
0.9090909090909091
0.6274509803921569
0.6129032258064516
0.6666666666666666
0.95
0.5
0.5
0.9393939393939394
0.9259259259259259
0.9259259259259259
0.75
0.9
0.9672131147540983
0.8125
0.9333333333333333
0.9285714285714286
0.4634146341463415
0.9692307692307692
0.9672131147540983
0.7551020408163265
0.5
0.7592592592592593
0.7192982456140351
0.9605263157894737
0.9672131147540983
0.9672131147540983
0.6363636363636364
0.92
0.3076923076923077
0.9310344827586207
0.9672131147540983
0.95
0.9230769230769231
0.75
0.75
0.35294117647058826
0.5
0.9354838709677419
0.9672131147540983
0.8243243243243243
0.717948717948718
0.9090909090909091
0.7272727272727273
0.5
0.0
0.5945945945945946
0.9259259259259259
0.5714285714285714
0.6666666666666666
0.7580645161290323
0.9672131147540983
0.25
0.9090909090909091
0.8947368421052632
0.4358974358974359
0.6973684210526315
0.5714285714285714
0.9583333333333334
0.0
0.8076923076923077
0.5
0.967741935483871
0.7551020408163265
0.0
0.9230769230769231
0.9333333333333333
0.7592592592592593
0.9405940594059405
0.6206896551724138
0.5
0.5
0.75
0.9672131147540983
0.6666666666666666
0.96875
0.7551020408163265
0.75
0.5
0.9672131147540983
0.9565217391304348
0.7611940298507462
0.90625
0.9142857142857143
0.6428571428571429
0.38095238095238093
0.9710144927536232
0.9672131147540983
0.47058823529411764
0.9705882352941176
0.7586206896551724
0.921875
0.64
0.6470588235294118
0.7
0.9
0.9230769230769231
0.75
0.8076923076923077
0.9230769230769231
0.5263157894736842
0.8172043010752689
0.9354838709677419
0.9428571428571428
0.25
0.56
0.6666666666666666
0.92
0.1
0.8571428571428571
0.75
0.9230769230769231
0.7611940298507462
0.9130434782608695
0.1
0.9565217391304348
0.7183098591549296
0.9230769230769231
0.75
0.9090909090909091
0.9230769230769231
0.6666666666666666
0.0
0.875
0.5
0.1
0.76
0.90625
0.9333333333333333
0.5925925925925926
0.9655172413793104
0.7837837837837838
0.0
0.6486486486486487
0.42424242424242425
0.94
0.6274509803921569
0.9710144927536232
0.723404255319149
0.9672131147540983
0.7551020408163265
0.75
0.7837837837837838
0.5714285714285714
0.9405940594059405
0.7611940298507462
0.6486486486486487
0.8235294117647058
0.9230769230769231
0.9491525423728814
0.38461538461538464
0.9672131147540983
0.9230769230769231
0.5
0.9672131147540983
0.75
0.9259259259259259
0.9090909090909091
0.9672131147540983
0.9516129032258065
0.6470588235294118
0.967741935483871
0.918918918918919
0.9722222222222222
0.9672131147540983
0.9259259259259259
0.8928571428571429
0.7758620689655172
0.7758620689655172
0.8235294117647058
0.7678571428571429
0.25
0.9523809523809523
0.7761194029850746
0.0
0.0
0.9672131147540983
0.9655172413793104
0.75
0.25
0.5
0.851063829787234
0.0
0.5283018867924528
0.9259259259259259
0.9333333333333333
0.9405940594059405
0.9672131147540983
0.4358974358974359
0.6666666666666666
0.0
0.9285714285714286
0.7611940298507462
0.6129032258064516
0.88
0.9672131147540983
0.0
0.35294117647058826
0.9285714285714286
0.0
0.5714285714285714
0.9405940594059405
0.9
0.7551020408163265
0.6486486486486487
0.6666666666666666
0.9491525423728814
0.48
0.9583333333333334
0.95
0.9230769230769231
0.1
0.967741935483871
0.9672131147540983
0.75
0.8214285714285714
0.8723404255319149
0.8795180722891566
0.5
0.9405940594059405
0.0
0.75
0.9
0.7837837837837838
0.92
0.9230769230769231
0.7804878048780488
0.9405940594059405
0.9428571428571428
0.75
0.5
0.9672131147540983
0.9672131147540983
0.7441860465116279
0.5
0.7222222222222222
0.7560975609756098
0.7808219178082192
0.75
0.9672131147540983
0.9672131147540983
0.5806451612903226
0.75
0.6666666666666666
0.9405940594059405
0.90625
0.1
0.9655172413793104
0.6666666666666666
0.7
0.5
0.9411764705882353
0.6486486486486487
0.7
0.75
0.9722222222222222
0.5
0.5
0.9333333333333333
0.967741935483871
0.9555555555555556
0.7551020408163265
0.9259259259259259
0.967741935483871
0.1
0.0
0.75
0.0
0.9591836734693877
0.9672131147540983
0.6470588235294118
0.9523809523809523
0.75
0.9354838709677419
0.9354838709677419
0.9672131147540983
0.92
0.9672131147540983
0.9230769230769231
0.8382352941176471
0.75
0.9285714285714286
0.9230769230769231
0.7710843373493976
0.0
0.6666666666666666
0.6086956521739131
0.9577464788732394
0.9285714285714286
0.9672131147540983
0.75
0.6274509803921569
0.5
0.6666666666666666
0.9230769230769231
0.7551020408163265
0.8235294117647058
0.6666666666666666
0.6041666666666666
0.9642857142857143
0.75
0.9591836734693877
0.1
0.7894736842105263
0.6
0.75
0.9318181818181818
0.9464285714285714
0.9166666666666666
0.5
0.9230769230769231
0.5
0.9672131147540983
0.9736842105263158
0.967741935483871
0.96
0.92
0.9
0.6666666666666666
0.9710144927536232
0.6428571428571429
0.9230769230769231
0.7058823529411765
0.9672131147540983
0.8076923076923077
0.9090909090909091
0.75
0.92
0.5
0.9672131147540983
0.0
0.40540540540540543
0.9565217391304348
0.4
0.0
0.5
0.75
0.7636363636363637
0.9405940594059405
0.9655172413793104
0.9692307692307692
0.7878787878787878
0.8870967741935484
0.6666666666666666
0.5
0.9230769230769231
0.6666666666666666
0.0
0.9230769230769231
0.8421052631578947
0.5
0.967741935483871
0.7111111111111111
0.92
0.9473684210526315
0.9230769230769231
0.9230769230769231
0.7586206896551724
0.625
0.9672131147540983
0.9405940594059405
0.9090909090909091
0.6666666666666666
0.9230769230769231
0.6666666666666666
0.0
0.9230769230769231
0.4
0.6666666666666666
0.8382352941176471
0.9230769230769231
0.967741935483871
0.8870967741935484
0.75
0.6666666666666666
0.92
0.9166666666666666
0.6274509803921569
0.8181818181818182
0.9259259259259259
0.6274509803921569
0.9682539682539683
0.9655172413793104
0.9230769230769231
0.5
0.9
0.6666666666666666
0.7894736842105263
0.75
0.967741935483871
0.9672131147540983
0.9090909090909091
0.9672131147540983
0.75
0.1
0.9405940594059405
0.6808510638297872
0.6666666666666666
0.3157894736842105
0.7272727272727273
0.9230769230769231
0.9
0.7727272727272727
0.9672131147540983
0.9672131147540983
0.7
0.6666666666666666
0.7551020408163265
0.9230769230769231
0.0
0.6571428571428571
0.9210526315789473
0.967741935483871
0.9565217391304348
0.9310344827586207
0.9166666666666666
0.7551020408163265
0.5
0.7560975609756098
0.1
0.90625
0.6571428571428571
0.9259259259259259
0.9
0.9117647058823529
0.75
0.6842105263157895
0.9672131147540983
0.7123287671232876
0.9523809523809523
0.9090909090909091
0.75
0.9230769230769231
0.9333333333333333
0.9230769230769231
0.9302325581395349
0.9672131147540983
0.9405940594059405
0.35294117647058826
0.8571428571428571
0.9642857142857143
0.9230769230769231
0.9405940594059405
0.9405940594059405
0.6470588235294118
0.1
0.75
0.6666666666666666
0.6666666666666666
0.9230769230769231
0.6666666666666666
0.9
0.6486486486486487
0.8421052631578947
0.9230769230769231
0.9090909090909091
0.48
0.9464285714285714
0.9090909090909091
0.9285714285714286
0.9736842105263158
0.8181818181818182
0.92
0.9672131147540983
0.9672131147540983
0.5
0.9761904761904762
0.9405940594059405
0.9259259259259259
0.35294117647058826
0.7857142857142857
0.0
0.9259259259259259
0.85
0.5
0.75
0.8888888888888888
0.9405940594059405
0.1
0.6666666666666666
0.6666666666666666
0.7837837837837838
0.9672131147540983
0.3157894736842105
0.9615384615384616
0.5
0.9259259259259259
0.7183098591549296
0.5
0.7551020408163265
0.9259259259259259
0.967741935483871
0.8421052631578947
0.0
0.9405940594059405
0.7719298245614035
0.6666666666666666
0.5
0.6666666666666666
0.4444444444444444
0.75
0.9736842105263158
0.9672131147540983
0.9090909090909091
0.5
0.9230769230769231
0.9583333333333334
0.859504132231405
0.9428571428571428
0.7142857142857143
0.9405940594059405
0.6666666666666666
0.6571428571428571
0.851063829787234
0.95
0.967741935483871
0.25
0.5
0.75
0.5
0.0
0.9672131147540983
0.5686274509803921
0.7551020408163265
0.75
0.9545454545454546
0.9405940594059405
0.9555555555555556
0.717391304347826
0.8695652173913043
0.9722222222222222
0.5
0.6785714285714286
0.6666666666666666
0.95
0.8181818181818182
0.967741935483871
0.8421052631578947
0.9672131147540983
0.5
0.6470588235294118
0.5
0.6
0.52
0.5686274509803921
0.9259259259259259
0.38461538461538464
0.7368421052631579
0.1
0.0
0.9166666666666666
0.92
0.9259259259259259
0.9130434782608695
0.6842105263157895
0.6285714285714286
0.9230769230769231
0.967741935483871
0.0
0.7021276595744681
0.7857142857142857
0.9405940594059405
0.6274509803921569
0.5
0.5862068965517241
0.0
0.5
0.8382352941176471
0.5853658536585366
0.9672131147540983
0.9259259259259259
0.9090909090909091
0.5
0.5862068965517241
0.95
0.851063829787234
0.6666666666666666
0.7
0.6808510638297872
0.9736842105263158
0.7592592592592593
0.8382352941176471
0.9230769230769231
0.9516129032258065
0.9166666666666666
0.9672131147540983
0.92
0.75
0.6274509803921569
0.7
0.9405940594059405
0.9672131147540983
0.0
0.95
0.9642857142857143
0.967741935483871
0.8125
0.9405940594059405
0.9672131147540983
0.7
0.92
0.7833333333333333
0.9552238805970149
0.6756756756756757
0.0
0.1
0.8148148148148148
0.9393939393939394
0.9545454545454546
0.9672131147540983
0.49056603773584906
0.7551020408163265
0.75
0.6206896551724138
0.9130434782608695
0.35294117647058826
0.9722222222222222
0.8365384615384616
0.6833333333333333
0.7
0.6571428571428571
0.9571428571428572
0.7551020408163265
0.9230769230769231
0.9672131147540983
0.7843137254901961
0.0
0.75
0.9259259259259259
0.9285714285714286
0.0
0.6410256410256411
0.75
0.75
0.9516129032258065
0.7121212121212122
0.9605263157894737
0.17391304347826086
0.75
0.5714285714285714
0.5714285714285714
0.6829268292682927
0.9705882352941176
0.9259259259259259
0.9672131147540983
0.75
0.9405940594059405
0.1
0.6666666666666666
0.38461538461538464
0.9565217391304348
0.9672131147540983
0.5
0.75
0.6666666666666666
0.75
0.7333333333333333
0.9696969696969697
0.7611940298507462
0.7807017543859649
0.6829268292682927
0.9130434782608695
0.9230769230769231
0.6285714285714286
0.9545454545454546
0.38461538461538464
0.4
0.1
0.5
0.75
0.967741935483871
0.1
0.918918918918919
0.925
0.9428571428571428
0.7058823529411765
0.76
0.8382352941176471
0.6666666666666666
0.8947368421052632
0.9259259259259259
0.75
0.9672131147540983
0.9672131147540983
0.75
0.9405940594059405
0.9672131147540983
0.5
0.9230769230769231
0.5925925925925926
0.967741935483871
0.75
0.9230769230769231
0.6
0.9
0.3076923076923077
0.9672131147540983
0.9428571428571428
0.9545454545454546
0.9672131147540983
0.52
0.9230769230769231
0.6666666666666666
0.0
0.9672131147540983
0.967741935483871
0.48
0.6666666666666666
0.75
0.35294117647058826
0.95
0.7222222222222222
0.9259259259259259
0.6808510638297872
0.6363636363636364
0.7
0.9230769230769231
0.40540540540540543
0.5454545454545454
0.7647058823529411
0.9759036144578314
0.9615384615384616
0.9629629629629629
0.9655172413793104
0.9672131147540983
0.9710144927536232
0.7272727272727273
0.967741935483871
0.7843137254901961
0.9545454545454546
0.0
0.7567567567567568
0.5
0.9230769230769231
0.8148148148148148
0.9672131147540983
0.9736842105263158
0.9259259259259259
0.639344262295082
0.9230769230769231
0.9696969696969697
0.8214285714285714
0.9655172413793104
0.9672131147540983
0.5
0.6973684210526315
0.7551020408163265
0.17391304347826086
0.6285714285714286
0.7169811320754716
0.5
0.7532467532467533
0.9375
0.7857142857142857
0.9672131147540983
0.6666666666666666
0.9090909090909091
0.967741935483871
0.967741935483871
0.1
0.5185185185185185
0.6764705882352942
0.92
0.49056603773584906
0.9230769230769231
0.9310344827586207
0.9090909090909091
0.6086956521739131
0.75
0.6571428571428571
0.4444444444444444
0.8979591836734694
0.0
0.9672131147540983
0.9259259259259259
0.9230769230769231
0.9090909090909091
0.6666666666666666
0.5
0.9545454545454546
0.9655172413793104
0.75
0.6153846153846154
0.9090909090909091
0.1
0.6666666666666666
0.75
0.9230769230769231
0.7
0.9259259259259259
0.9375
0.75
0.7692307692307693
0.8461538461538461
0.1
0.6935483870967742
0.9682539682539683
0.8846153846153846
