0.0
0.7777777777777778
0.0
0.0
0.7777777777777778
0.0
0.0
0.0
0.0
0.0
0.7777777777777778
0.0
0.7777777777777778
0.7777777777777778
0.0
0.7777777777777778
0.5714285714285714
0.5714285714285714
0.8
0.0
0.0
0.7777777777777778
0.7777777777777778
0.33333333333333337
0.0
0.0
0.0
0.7777777777777778
0.0
0.07407407407407407
0.7777777777777778
0.7777777777777778
0.0
0.0
0.0
0.33333333333333337
0.7272727272727273
0.0
0.0
0.33333333333333337
0.0
0.8571428571428572
0.33333333333333337
0.7777777777777778
0.7777777777777778
0.0
0.7777777777777778
0.33333333333333337
0.0
0.0
0.0
0.0
0.7777777777777778
0.0
0.0
0.2727272727272727
0.7777777777777778
0.0
0.0
0.6
0.0
0.0
0.7272727272727273
0.7777777777777778
0.0
0.0
0.0
0.0
0.0
0.7777777777777778
0.07692307692307687
0.7777777777777778
0.7777777777777778
0.7777777777777778
0.7777777777777778
0.0
0.0
0.0
0.08333333333333337
0.0
0.0
0.0
0.0
0.25
0.0
0.7777777777777778
0.0
0.7777777777777778
0.0
0.0
0.0
0.33333333333333337
0.7777777777777778
0.0
0.0
0.0
0.7777777777777778
0.7777777777777778
0.07692307692307687
0.7777777777777778
0.33333333333333337
0.0
0.7272727272727273
0.0
0.0
0.0
0.6956521739130435
0.33333333333333337
0.0
0.33333333333333337
0.7777777777777778
0.0
0.0
0.0
0.33333333333333337
0.5714285714285714
0.7272727272727273
0.0
0.26315789473684215
0.7
0.0
0.0
0.0
0.6666666666666667
0.5714285714285714
0.0
0.7777777777777778
0.7777777777777778
0.7777777777777778
0.33333333333333337
0.0
0.26315789473684215
0.7777777777777778
0.0
0.6153846153846154
0.33333333333333337
0.85
0.0
0.0
0.7777777777777778
0.7777777777777778
0.0
0.0
0.25
0.8
0.25
0.0
0.33333333333333337
0.7142857142857143
0.25
0.7777777777777778
0.08333333333333337
0.7777777777777778
0.7777777777777778
0.7
0.7777777777777778
0.0
0.0
0.0
0.7777777777777778
0.0
0.7777777777777778
0.4
0.0
0.0
0.7777777777777778
0.0
0.7777777777777778
0.8571428571428572
0.0
0.0
0.5714285714285714
0.7777777777777778
0.7777777777777778
0.7777777777777778
0.0
0.7272727272727273
0.8
0.0
0.2142857142857143
0.7777777777777778
0.16666666666666663
0.8695652173913043
0.0
0.6666666666666667
0.0
0.0
0.0
0.7777777777777778
0.0
0.0
0.7777777777777778
0.0
0.5714285714285714
0.0
0.7777777777777778
0.7272727272727273
0.0
0.33333333333333337
0.0
0.0
0.0
0.0
0.7777777777777778
0.0
0.7142857142857143
0.0
0.0
0.0
0.7272727272727273
0.0
0.25
0.0
0.7777777777777778
0.0
0.0
0.0
0.0
0.07692307692307687
0.33333333333333337
0.0
0.0
0.7777777777777778
0.0
0.0
0.7777777777777778
0.7777777777777778
0.7777777777777778
0.0357142857142857
0.7777777777777778
0.0
0.0
0.0
0.7777777777777778
0.7777777777777778
0.0
0.0
0.0
0.7
0.0
0.07692307692307687
0.33333333333333337
0.0
0.8
0.7777777777777778
0.0
0.33333333333333337
0.0
0.0
0.7777777777777778
0.7777777777777778
0.0
0.7777777777777778
0.7777777777777778
0.7777777777777778
0.0
0.7777777777777778
0.7777777777777778
0.0
0.11111111111111116
0.7777777777777778
0.7777777777777778
0.0
0.7777777777777778
0.7777777777777778
0.7777777777777778
0.33333333333333337
0.7777777777777778
0.33333333333333337
0.0
0.6666666666666667
0.631578947368421
0.0
0.0
0.0
0.0
0.33333333333333337
0.0
0.5
0.7777777777777778
0.11111111111111116
0.4
0.0
0.7777777777777778
0.7777777777777778
0.0
0.7142857142857143
0.25
0.0
0.19999999999999996
0.7777777777777778
0.7777777777777778
0.42105263157894735
0.16666666666666663
0.25
0.8
0.33333333333333337
0.7272727272727273
0.16666666666666663
0.0
0.0
0.7777777777777778
0.0
0.0
0.0
0.07692307692307687
0.33333333333333337
0.33333333333333337
0.7777777777777778
0.26315789473684215
0.33333333333333337
0.07407407407407407
0.7777777777777778
0.0
0.5
0.0
0.7777777777777778
0.0
0.33333333333333337
0.25
0.7777777777777778
0.07692307692307687
0.0
0.0
0.0
0.7777777777777778
0.7777777777777778
0.7
0.0
0.7777777777777778
0.8
0.0
0.7777777777777778
0.0
0.7777777777777778
0.0
0.46153846153846156
0.0
0.0
0.7777777777777778
0.0
0.0
0.0
0.7777777777777778
0.0
0.0
0.7777777777777778
0.0
0.75
0.55
0.0
0.4
0.0
0.0
0.0
0.07692307692307687
0.7777777777777778
0.631578947368421
0.0
0.7777777777777778
0.0
0.25
0.0
0.0
0.0
0.0
0.7777777777777778
0.07692307692307687
0.0
0.7777777777777778
0.0
0.0
0.0
0.0
0.0
0.33333333333333337
0.0
0.7777777777777778
0.07692307692307687
0.4
0.0
0.0
0.7777777777777778
0.6666666666666667
0.0
0.16666666666666663
0.7777777777777778
0.33333333333333337
0.7777777777777778
0.0
0.0
0.8333333333333334
0.07692307692307687
0.0
0.7777777777777778
0.0
0.0
0.0
0.07692307692307687
0.7777777777777778
0.26315789473684215
0.0
0.33333333333333337
0.631578947368421
0.0
0.0
0.0
0.0
0.0
0.0
0.7777777777777778
0.33333333333333337
0.0
0.0
0.0
0.33333333333333337
0.09999999999999998
0.7142857142857143
0.7777777777777778
0.0
0.0
0.0
0.8333333333333334
0.7777777777777778
0.11111111111111116
0.7777777777777778
0.0
0.0
0.0
0.0
0.0
0.8333333333333334
0.25
0.0
0.0
0.0
0.7777777777777778
0.0
0.0
0.16666666666666663
0.0
0.0
0.0
0.7272727272727273
0.07692307692307687
0.33333333333333337
0.0
0.0
0.0
0.0
0.0
0.0
0.0
0.33333333333333337
0.0
0.0
0.0
0.0
0.26315789473684215
0.33333333333333337
0.0
0.07692307692307687
0.0
0.0
0.07692307692307687
0.33333333333333337
0.25
0.7777777777777778
0.7272727272727273
0.0
0.7777777777777778
0.7777777777777778
0.0
0.7777777777777778
0.7777777777777778
0.11111111111111116
0.7777777777777778
0.7777777777777778
0.7777777777777778
0.0
0.0
0.0
0.7777777777777778
0.25
0.0
0.0
0.0
0.0
0.07692307692307687
0.7142857142857143
0.0
0.0
0.0
0.07692307692307687
0.07692307692307687
0.0
0.0
0.0
0.7777777777777778
0.625
0.7
0.0
0.0
0.0
0.7272727272727273
0.0
0.7777777777777778
0.7
0.8461538461538461
0.8571428571428572
0.0
0.7777777777777778
0.7777777777777778
0.0
0.0
0.0
0.0
0.0
0.07692307692307687
0.85
0.0
0.0
0.33333333333333337
0.0
0.0
0.0
0.0
0.0
0.33333333333333337
0.33333333333333337
0.0
0.0
0.25
0.0
0.16666666666666663
0.33333333333333337
0.7777777777777778
0.7777777777777778
0.25
0.7777777777777778
0.0
0.6666666666666667
0.7777777777777778
0.0
0.0
0.0
0.7777777777777778
0.0
0.0
0.7777777777777778
0.0
0.0
0.7
0.33333333333333337
0.0
0.33333333333333337
0.7777777777777778
0.7142857142857143
0.0
0.7777777777777778
0.7777777777777778
0.0
0.0
0.7777777777777778
0.0
0.0
0.7777777777777778
0.0
0.7777777777777778
0.33333333333333337
0.33333333333333337
0.9230769230769231
0.0
0.0
0.0
0.0
0.7777777777777778
0.0
0.7777777777777778
0.7777777777777778
0.7777777777777778
0.7777777777777778
0.0
0.0
0.0
0.0
0.7777777777777778
0.07692307692307687
0.0
0.04347826086956519
0.0
0.0
0.07692307692307687
0.7272727272727273
0.0
0.0
0.7777777777777778
0.0
0.0
0.0
0.33333333333333337
0.5714285714285714
0.33333333333333337
0.0
0.6956521739130435
0.7777777777777778
0.11111111111111116
0.07407407407407407
0.0
0.33333333333333337
0.07692307692307687
0.7777777777777778
0.25
0.0
0.0
0.07692307692307687
0.0
0.2727272727272727
0.7777777777777778
0.0
0.33333333333333337
0.7777777777777778
0.0
0.0
0.0
0.0
0.7777777777777778
0.0
0.8461538461538461
0.0
0.0
0.8
0.33333333333333337
0.7777777777777778
0.7777777777777778
0.0
0.7777777777777778
0.0
0.0
0.6153846153846154
0.0
0.0
0.33333333333333337
0.4
0.0
0.0
0.0
0.5454545454545454
0.0
0.0
0.0
0.0
0.0
0.7272727272727273
0.33333333333333337
0.8
0.0
0.0
0.0
0.55
0.0
0.0
0.7777777777777778
0.0
0.0
0.0
0.0
0.7777777777777778
0.0
0.33333333333333337
0.33333333333333337
0.5
0.7777777777777778
0.0
0.0
0.6666666666666667
0.0
0.0
0.0
0.0
0.7777777777777778
0.4782608695652174
0.0
0.25
0.0
0.0
0.7777777777777778
0.0
0.7777777777777778
0.7777777777777778
0.0
0.0
0.7777777777777778
0.0
0.33333333333333337
0.0
0.0
0.0
0.0
0.0
0.0
0.7777777777777778
0.0
0.0
0.0
0.07692307692307687
0.0
0.8
0.0
0.0
0.0
0.7777777777777778
0.7777777777777778
0.0
0.33333333333333337
0.0
0.0
0.7777777777777778
0.7777777777777778
0.0
0.7777777777777778
0.0
0.07692307692307687
0.0
0.0
0.2727272727272727
0.7
0.0
0.0
0.0
0.7777777777777778
0.0
0.8
0.7777777777777778
0.8
0.7777777777777778
0.0
0.0
0.0
0.0
0.8461538461538461
0.0
0.38095238095238093
0.0
0.0
0.0
0.0
0.0
0.0
0.7777777777777778
0.25
0.0
0.0
0.0
0.0
0.33333333333333337
0.7777777777777778
0.0
0.0
0.25
0.7777777777777778
0.0
0.0
0.0
0.33333333333333337
0.07692307692307687
0.0
0.7777777777777778
0.7777777777777778
0.0
0.7272727272727273
0.0
0.0
0.0
0.0
0.0
0.0
0.8571428571428572
0.07692307692307687
0.0
0.0
0.0
0.7777777777777778
0.0
0.6666666666666667
0.25
0.07407407407407407
0.0
0.7777777777777778
0.0
0.0
0.9130434782608696
0.0
0.0
0.0
0.0
0.0
0.33333333333333337
0.7777777777777778
0.0
0.0
0.7777777777777778
0.0
0.10526315789473684
0.8571428571428572
0.0
0.1428571428571429
0.0
0.0
0.7777777777777778
0.0
0.5833333333333333
0.0
0.7777777777777778
0.0
0.7777777777777778
0.0
0.7777777777777778
0.0
0.7777777777777778
0.0
0.6842105263157895
0.7777777777777778
0.0
0.0
0.7777777777777778
0.0
0.0
0.0
0.6666666666666667
0.8461538461538461
0.0
0.5
0.0
0.0
0.0
0.0
0.5714285714285714
0.0
0.7777777777777778
0.0
0.0
0.07692307692307687
0.0
0.0
0.25
0.7272727272727273
0.0
0.0
0.0
0.7777777777777778
0.7
0.11111111111111116
0.0
0.7777777777777778
0.0
0.0
0.0
0.7777777777777778
0.6842105263157895
0.7777777777777778
0.7
0.0
0.33333333333333337
0.8421052631578947
0.0
0.0
0.7777777777777778
0.7
0.0
0.0
0.0
0.0
0.0
0.7777777777777778
0.0
0.0
0.0
0.0
0.7777777777777778
0.0
0.0
0.0
0.631578947368421
0.0
0.07407407407407407
0.7777777777777778
0.7777777777777778
0.7272727272727273
0.0
0.0
0.0
0.0
0.7777777777777778
0.0
0.07692307692307687
0.625
0.7777777777777778
0.0
0.0
0.8333333333333334
0.0
0.25
0.7272727272727273
0.5
0.07692307692307687
0.0
0.0
0.7
0.0
0.7777777777777778
0.8
0.7777777777777778
0.0
0.33333333333333337
0.0
0.26315789473684215
0.16666666666666663
0.4
0.6153846153846154
0.0
0.7272727272727273
0.0
0.0
0.6666666666666667
0.0
0.7777777777777778
0.7777777777777778
0.0
0.7272727272727273
0.8888888888888888
0.0
0.0
0.0
0.0
0.0
0.0
0.0
0.0
0.0
0.0
0.0
0.0
0.0
0.0
0.0
0.7272727272727273
0.6666666666666667
0.0
0.0
0.0
0.0
0.0
0.8461538461538461
0.0
0.0
0.0
0.0
0.0
0.0
0.7777777777777778
0.33333333333333337
0.0
0.07692307692307687
0.7777777777777778
0.33333333333333337
0.0
0.0
0.0
0.0
0.7777777777777778
0.0
0.0
0.0
0.0
0.7777777777777778
0.8461538461538461
0.0
0.7777777777777778
0.7777777777777778
0.7777777777777778
0.08333333333333337
0.0
0.7777777777777778
0.7777777777777778
0.050000000000000044
0.0
0.0
0.09999999999999998
0.8421052631578947
0.7777777777777778
0.0
0.0
0.0
0.0
0.0
0.7777777777777778
0.07692307692307687
0.0
0.0
0.050000000000000044
0.7777777777777778
0.0
0.7777777777777778
0.0
0.4782608695652174
0.0
0.0
0.5714285714285714
0.7272727272727273
0.8421052631578947
0.0
0.7777777777777778
0.0
0.0
0.6666666666666667
0.33333333333333337
0.7777777777777778
0.7777777777777778
0.33333333333333337
0.0
0.7777777777777778
0.0
0.7777777777777778
0.0
0.7777777777777778
0.0
0.0
0.0
0.7777777777777778
0.0
0.0
0.0
0.0
0.7777777777777778
0.0
0.0
0.0
0.0
0.0
0.7272727272727273
0.7777777777777778
0.33333333333333337
0.631578947368421
0.6956521739130435
0.0
0.0
0.7777777777777778
0.0
0.0
0.7777777777777778
0.0
0.0
0.33333333333333337
0.0
0.7777777777777778
0.0
0.7777777777777778
0.7777777777777778
0.0
0.0
0.0
0.7272727272727273
0.33333333333333337
0.0
0.7777777777777778
0.0
0.0
0.7777777777777778
0.0
0.0
0.08333333333333337
0.7777777777777778
0.33333333333333337
0.6956521739130435
0.0
0.0
0.7777777777777778
0.7142857142857143
0.0
0.07692307692307687
0.7777777777777778
0.0
0.5
0.7777777777777778
0.7777777777777778
0.0
0.33333333333333337
0.0
0.4782608695652174
0.0
0.0
0.0
0.0
0.0
0.0
0.0
0.7272727272727273
0.0
0.0
0.0
0.0
0.7777777777777778
0.33333333333333337
0.0
0.0
0.0
0.0
0.0
0.07692307692307687
0.7777777777777778
0.0
0.07692307692307687
0.0
0.33333333333333337
0.625
0.8
0.33333333333333337
0.07692307692307687
0.0
0.0
0.0
0.625
0.07692307692307687
0.7777777777777778
0.33333333333333337
0.0
0.0
0.1428571428571429
0.7777777777777778
0.2222222222222222
0.75
0.0
0.0
0.7777777777777778
0.7777777777777778
0.7777777777777778
0.7857142857142857
0.7777777777777778
0.7272727272727273
0.0
0.5555555555555556
0.7777777777777778
0.7777777777777778
0.7272727272727273
0.7272727272727273
0.0
0.0
0.0
0.0
0.0
0.7777777777777778
0.0
0.33333333333333337
0.0
0.0
0.7777777777777778
0.0
0.0
0.25
0.0
0.7777777777777778
0.7777777777777778
0.07692307692307687
0.7777777777777778
0.0
0.7777777777777778
0.0
0.7777777777777778
0.7272727272727273
0.7777777777777778
0.0
0.5714285714285714
0.0
0.7777777777777778
0.0
0.0
0.0
0.6666666666666667
0.7272727272727273
0.0
0.0
0.0
0.0
0.0
0.0
0.75
0.0
0.8
0.0
0.0
0.07692307692307687
0.7777777777777778
0.33333333333333337
0.0
0.0
0.7272727272727273
0.3157894736842105
0.0
0.0
0.0
0.0
0.0
0.6666666666666667
0.0
0.0
0.0
0.7777777777777778
0.7777777777777778
0.29166666666666663
0.7777777777777778
0.0
0.7272727272727273
0.0
0.07692307692307687
0.631578947368421
0.8
0.33333333333333337
0.0
0.0
0.0
0.0
0.0
0.0
0.0
0.07692307692307687
0.0
0.7777777777777778
0.7272727272727273
0.0
0.0
0.5714285714285714
0.0
0.0
0.0
0.0
0.33333333333333337
0.07692307692307687
0.33333333333333337
0.0
0.0
0.0
0.0
0.0
0.0
0.07692307692307687
0.0
0.7777777777777778
0.11111111111111116
0.0
0.0
0.0
0.33333333333333337
0.7777777777777778
0.7777777777777778
0.0
0.1428571428571429
0.1333333333333333
0.7777777777777778
0.33333333333333337
0.0
0.26315789473684215
0.0
0.7272727272727273
0.0
0.0
0.2941176470588235
0.0
0.0
0.08333333333333337
0.0
0.0
0.7777777777777778
0.6842105263157895
0.0
0.2941176470588235
0.33333333333333337
0.631578947368421
0.0
0.0
0.0
0.6666666666666667
0.0
0.08333333333333337
0.7777777777777778
0.7692307692307692
0.8421052631578947
0.0
0.7777777777777778
0.0
0.0
0.0
0.7272727272727273
0.7777777777777778
0.0
0.33333333333333337
0.7777777777777778
0.33333333333333337
0.0
0.7272727272727273
0.0
0.0
0.7777777777777778
0.0
0.8
0.0
0.0
0.0
0.16666666666666663
0.0
0.0
0.7777777777777778
0.0
0.0
0.0
0.0
0.7777777777777778
0.0
0.0
0.37037037037037035
0.0
0.0
0.07692307692307687
0.6666666666666667
0.368421052631579
0.8
0.0
0.08333333333333337
0.0
0.0
0.7777777777777778
0.7777777777777778
0.0
0.06666666666666665
0.0
0.0
0.7692307692307692
0.0
0.75
0.0
0.0
0.0
0.25
0.0
0.9130434782608696
0.7777777777777778
0.0
0.0
0.7272727272727273
0.0
0.0
0.11111111111111116
0.7777777777777778
0.0
0.0
0.0
0.0
0.0
0.4782608695652174
0.7142857142857143
0.0
0.0
0.0
0.0
0.7777777777777778
0.0
0.0
0.11111111111111116
0.0
0.0
0.0
0.0
0.33333333333333337
0.0
0.8421052631578947
0.7857142857142857
0.7692307692307692
0.0
0.0
0.08333333333333337
0.0
0.7777777777777778
0.7777777777777778
0.0
0.0
0.0
0.0
0.7272727272727273
0.7777777777777778
0.0
0.7777777777777778
0.0
0.33333333333333337
0.0
0.7777777777777778
0.0
0.33333333333333337
0.09999999999999998
0.0
0.0
0.7777777777777778
0.0
0.07692307692307687
0.7777777777777778
0.0
0.0
0.0
0.33333333333333337
0.0
0.0
0.0
0.0
0.0
0.0
0.7777777777777778
0.0
0.0
0.0
0.7777777777777778
0.0
0.0
0.0
0.9230769230769231
0.33333333333333337
0.7777777777777778
0.7777777777777778
0.0
0.7777777777777778
0.0
0.33333333333333337
0.08333333333333337
0.0
0.0
0.0
0.0
0.7777777777777778
0.6666666666666667
0.0
0.6666666666666667
0.7777777777777778
0.0
0.7777777777777778
0.7142857142857143
0.0
0.33333333333333337
0.0
0.0
0.0
0.07692307692307687
0.0
0.0
0.0
0.0
0.0
0.8125
0.5714285714285714
0.0
0.0
0.6666666666666667
0.33333333333333337
0.33333333333333337
0.0
0.0
0.0
0.7777777777777778
0.0
0.7777777777777778
0.8
0.0
0.0
0.0
0.07692307692307687
0.0
0.6666666666666667
0.0
0.7777777777777778
0.7777777777777778
0.7777777777777778
0.0
0.0
0.0
0.7142857142857143
0.5
0.0
0.0
0.0
0.0
0.0
0.0
0.7777777777777778
0.0
0.7777777777777778
0.7777777777777778
0.0
0.0
0.6666666666666667
0.0
0.0
0.5
0.6666666666666667
