0.0
0.0
0.0
0.0
0.0
0.0
0.0
0.0
0.0
0.0
0.0
0.0
0.0
0.0
0.0
0.0
0.0
0.0
0.0
0.0
0.0
0.0
0.0
0.0
0.0
0.0
0.0
0.0
0.0
0.0
0.0
0.0
0.0
0.0
0.0
0.0
0.0
0.0
0.0
0.0
0.7567567567567568
0.5068493150684932
0.452054794520548
0.1351351351351351
0.4722222222222222
0.0
0.0
0.0
0.0
0.0
0.0
0.0
0.0
0.0
0.0
0.0
0.0
0.0
0.0
0.0
0.0
0.0
0.0
0.0
0.0
0.0
0.0
0.0
0.34246575342465757
0.13888888888888884
0.0
0.0
0.0
0.0
0.25
0.0
0.12328767123287676
0.0
0.0
0.23943661971830987
0.16666666666666663
0.0
0.0
0.11627906976744184
0.12941176470588234
0.5813953488372092
0.5813953488372092
0.6043956043956045
0.0
0.5862068965517242
0.0
0.0
0.0
0.0
0.0
0.0
0.0
0.0
0.2777777777777778
0.2676056338028169
0.2777777777777778
0.4328358208955224
0.0
0.4411764705882353
0.33333333333333337
0.0
0.323943661971831
0.5897435897435898
0.5897435897435898
0.5897435897435898
0.5897435897435898
0.5897435897435898
0.5897435897435898
0.5897435897435898
0.5897435897435898
0.12328767123287676
0.0
0.0
0.0
0.0
0.0
0.45679012345679015
0.0
0.0
0.0
0.20588235294117652
0.76
0.34246575342465757
0.4725274725274725
0.75
0.31506849315068497
0.48571428571428577
0.7692307692307692
0.2647058823529411
0.368421052631579
0.2857142857142857
0.6705882352941177
0.6705882352941177
0.1351351351351351
0.5157894736842106
0.2987012987012987
0.0
0.0
0.0
0.0
0.0
0.0
0.0
0.0
0.11111111111111116
0.0
0.7692307692307692
0.0
0.76
0.7692307692307692
0.0
0.0
0.7831325301204819
0.0
0.641025641025641
0.0
0.0
0.10588235294117643
0.10588235294117643
0.0
0.36986301369863017
0.15068493150684936
0.11111111111111116
0.0
0.1235955056179775
0.0
0.0
0.4328358208955224
0.0
0.5581395348837209
0.6705882352941177
0.6705882352941177
0.6705882352941177
0.6705882352941177
0.09523809523809523
0.09523809523809523
0.0
0.6705882352941177
0.10588235294117643
0.09523809523809523
0.09523809523809523
0.3142857142857143
0.3142857142857143
0.0
0.6705882352941177
0.6363636363636364
0.7866666666666666
0.6867469879518072
0.2753623188405797
0.7714285714285715
0.775
0.0
0.7567567567567568
0.7567567567567568
0.7567567567567568
0.7567567567567568
0.6626506024096386
0.0
0.0
0.0
0.6705882352941177
0.6705882352941177
0.0
0.0
0.18918918918918914
0.4054054054054054
0.09523809523809523
0.6867469879518072
0.0
0.0
0.0
0.09523809523809523
0.0
0.0
0.0
0.0
0.4831460674157303
0.0
0.09523809523809523
0.0
0.775
0.7567567567567568
0.0
0.5897435897435898
0.31506849315068497
0.0
0.07999999999999996
0.0
0.5128205128205128
0.0
0.0
0.0
0.0
0.0
0.0
0.0
0.09523809523809523
0.0
0.7831325301204819
0.0
0.0
0.09523809523809523
0.0
0.4722222222222222
0.0
0.0
0.0
0.09523809523809523
0.0
0.0
0.775
0.09523809523809523
0.13888888888888884
0.09523809523809523
0.09523809523809523
0.0
0.09523809523809523
0.09523809523809523
0.09523809523809523
0.631578947368421
0.7391304347826086
0.0
0.0
0.09523809523809523
0.0
0.09523809523809523
0.09523809523809523
0.09523809523809523
0.0
0.7111111111111111
0.09523809523809523
0.5813953488372092
0.0
0.0
0.0
0.0
0.7831325301204819
0.0
0.0
0.09523809523809523
0.0
0.41666666666666663
0.0
0.4328358208955224
0.09523809523809523
0.0
0.17808219178082196
0.15068493150684936
0.15068493150684936
0.16216216216216217
0.5813953488372092
0.09523809523809523
0.31958762886597936
0.09523809523809523
0.0
0.0
0.0
0.16666666666666663
0.0
0.5681818181818181
0.5681818181818181
0.5813953488372092
0.09523809523809523
0.6626506024096386
0.16666666666666663
0.0
0.09523809523809523
0.09523809523809523
0.09523809523809523
0.0
0.34246575342465757
0.09302325581395354
0.6904761904761905
0.09523809523809523
0.28
0.11111111111111116
0.0
0.11111111111111116
0.09523809523809523
0.09523809523809523
0.11111111111111116
0.09523809523809523
0.36986301369863017
0.09523809523809523
0.10588235294117643
0.11111111111111116
0.0
0.11111111111111116
0.1578947368421053
0.0
0.11111111111111116
0.0
0.0
0.10588235294117643
0.0
0.240506329113924
0.240506329113924
0.12328767123287676
0.0
0.0
0.12328767123287676
0.11904761904761907
0.09523809523809523
0.16216216216216217
0.0
0.46341463414634143
0.11111111111111116
0.0
0.0
0.0
0.0
0.09523809523809523
0.5862068965517242
0.09523809523809523
0.0
0.0
0.0
0.1351351351351351
0.09523809523809523
0.09523809523809523
0.09523809523809523
0.09523809523809523
0.0
0.6626506024096386
0.6626506024096386
0.13888888888888884
0.09523809523809523
0.2222222222222222
0.16666666666666663
0.6867469879518072
0.6867469879518072
0.10588235294117643
0.0
0.0
0.07999999999999996
0.0
0.34246575342465757
0.0
0.10588235294117643
0.33333333333333337
0.33333333333333337
0.0
0.0
0.6867469879518072
0.13888888888888884
0.11111111111111116
0.09523809523809523
0.0
0.09523809523809523
0.0
0.09523809523809523
0.1428571428571429
0.0
0.09523809523809523
0.16216216216216217
0.33333333333333337
0.09523809523809523
0.0
0.7567567567567568
0.36111111111111116
0.11904761904761907
0.0
0.09523809523809523
0.09523809523809523
0.7567567567567568
0.0
0.0
0.0
0.0
0.0
0.0
0.0
0.07999999999999996
0.12328767123287676
0.5862068965517242
0.10810810810810811
0.15068493150684936
0.0
0.2676056338028169
0.1333333333333333
0.33333333333333337
0.07999999999999996
0.29729729729729726
0.11111111111111116
0.0
0.0
0.09523809523809523
0.20512820512820518
0.16666666666666663
0.0
0.10588235294117643
0.240506329113924
0.1428571428571429
0.09523809523809523
0.1954022988505747
0.0
0.10588235294117643
0.0
0.0
0.09523809523809523
0.0
0.5402298850574713
0.22666666666666668
0.09523809523809523
0.0
0.0
0.0
0.0
0.0
0.5813953488372092
0.0
0.0
0.36986301369863017
0.09523809523809523
0.09523809523809523
0.7567567567567568
0.33333333333333337
0.0
0.0
0.09523809523809523
0.0
0.09523809523809523
0.09523809523809523
0.10588235294117643
0.16216216216216217
0.11904761904761907
0.0
0.13888888888888884
0.09523809523809523
0.0
0.34246575342465757
0.09523809523809523
