0.0
0.0
0.0
0.0
0.0
0.0
0.0
0.0
0.0
0.0
0.0
0.0
0.0
0.0
0.0
0.0
0.0
0.0
0.0
0.0
0.0
0.0
0.0
0.0
0.0
0.0
0.0
0.0
0.0
0.0
0.0
0.0
0.0
0.0
0.0
0.0
0.0
0.0
0.0
0.0
0.8615384615384616
0.6727272727272727
0.6226415094339622
0.23809523809523808
0.6415094339622641
0.0
0.0
0.0
0.0
0.0
0.0
0.0
0.0
0.0
0.0
0.0
0.0
0.0
0.0
0.0
0.0
0.0
0.0
0.0
0.0
0.0
0.0
0.0
0.5102040816326531
0.24390243902439024
0.0
0.0
0.0
0.0
0.4
0.0
0.21951219512195122
0.0
0.0
0.38636363636363635
0.2857142857142857
0.0
0.0
0.20833333333333334
0.22916666666666666
0.7352941176470589
0.7352941176470589
0.7534246575342466
0.0
0.7391304347826086
0.0
0.0
0.0
0.0
0.0
0.0
0.0
0.0
0.43478260869565216
0.4222222222222222
0.43478260869565216
0.6041666666666666
0.0
0.6122448979591837
0.5
0.0
0.48936170212765956
0.7419354838709677
0.7419354838709677
0.7419354838709677
0.7419354838709677
0.7419354838709677
0.7419354838709677
0.7419354838709677
0.7419354838709677
0.21951219512195122
0.0
0.0
0.0
0.0
0.0
0.6271186440677966
0.0
0.0
0.0
0.34146341463414637
0.8636363636363636
0.5102040816326531
0.6417910447761194
0.8571428571428571
0.4791666666666667
0.6538461538461539
0.8695652173913043
0.4186046511627907
0.5384615384615384
0.4444444444444444
0.8028169014084507
0.8028169014084507
0.23809523809523808
0.6805555555555556
0.46
0.0
0.0
0.0
0.0
0.0
0.0
0.0
0.0
0.2
0.0
0.8695652173913043
0.0
0.8636363636363636
0.8695652173913043
0.0
0.0
0.8783783783783784
0.0
0.78125
0.0
0.0
0.19148936170212766
0.19148936170212766
0.0
0.54
0.2619047619047619
0.2
0.0
0.22
0.0
0.0
0.6041666666666666
0.0
0.7164179104477612
0.8028169014084507
0.8028169014084507
0.8028169014084507
0.8028169014084507
0.17391304347826086
0.17391304347826086
0.0
0.8028169014084507
0.19148936170212766
0.17391304347826086
0.17391304347826086
0.4782608695652174
0.4782608695652174
0.0
0.8028169014084507
0.7777777777777778
0.8805970149253731
0.8142857142857143
0.4318181818181818
0.8709677419354839
0.8732394366197183
0.0
0.8615384615384616
0.8615384615384616
0.8615384615384616
0.8615384615384616
0.7971014492753623
0.0
0.0
0.0
0.8028169014084507
0.8028169014084507
0.0
0.0
0.3181818181818182
0.5769230769230769
0.17391304347826086
0.8142857142857143
0.0
0.0
0.0
0.17391304347826086
0.0
0.0
0.0
0.0
0.6515151515151515
0.0
0.17391304347826086
0.0
0.8732394366197183
0.8615384615384616
0.0
0.7419354838709677
0.4791666666666667
0.0
0.14814814814814814
0.0
0.6779661016949152
0.0
0.0
0.0
0.0
0.0
0.0
0.0
0.17391304347826086
0.0
0.8783783783783784
0.0
0.0
0.17391304347826086
0.0
0.6415094339622641
0.0
0.0
0.0
0.17391304347826086
0.0
0.0
0.8732394366197183
0.17391304347826086
0.24390243902439024
0.17391304347826086
0.17391304347826086
0.0
0.17391304347826086
0.17391304347826086
0.17391304347826086
0.7741935483870968
0.85
0.0
0.0
0.17391304347826086
0.0
0.17391304347826086
0.17391304347826086
0.17391304347826086
0.0
0.8311688311688312
0.17391304347826086
0.7352941176470589
0.0
0.0
0.0
0.0
0.8783783783783784
0.0
0.0
0.17391304347826086
0.0
0.5882352941176471
0.0
0.6041666666666666
0.17391304347826086
0.0
0.3023255813953488
0.2619047619047619
0.2619047619047619
0.27906976744186046
0.7352941176470589
0.17391304347826086
0.484375
0.17391304347826086
0.0
0.0
0.0
0.2857142857142857
0.0
0.7246376811594203
0.7246376811594203
0.7352941176470589
0.17391304347826086
0.7971014492753623
0.2857142857142857
0.0
0.17391304347826086
0.17391304347826086
0.17391304347826086
0.0
0.5102040816326531
0.1702127659574468
0.8169014084507042
0.17391304347826086
0.4375
0.2
0.0
0.2
0.17391304347826086
0.17391304347826086
0.2
0.17391304347826086
0.54
0.17391304347826086
0.19148936170212766
0.2
0.0
0.2
0.2727272727272727
0.0
0.2
0.0
0.0
0.19148936170212766
0.0
0.3877551020408163
0.3877551020408163
0.21951219512195122
0.0
0.0
0.21951219512195122
0.2127659574468085
0.17391304347826086
0.27906976744186046
0.0
0.6333333333333333
0.2
0.0
0.0
0.0
0.0
0.17391304347826086
0.7391304347826086
0.17391304347826086
0.0
0.0
0.0
0.23809523809523808
0.17391304347826086
0.17391304347826086
0.17391304347826086
0.17391304347826086
0.0
0.7971014492753623
0.7971014492753623
0.24390243902439024
0.17391304347826086
0.36363636363636365
0.2857142857142857
0.8142857142857143
0.8142857142857143
0.19148936170212766
0.0
0.0
0.14814814814814814
0.0
0.5102040816326531
0.0
0.19148936170212766
0.5
0.5
0.0
0.0
0.8142857142857143
0.24390243902439024
0.2
0.17391304347826086
0.0
0.17391304347826086
0.0
0.17391304347826086
0.25
0.0
0.17391304347826086
0.27906976744186046
0.5
0.17391304347826086
0.0
0.8615384615384616
0.5306122448979592
0.2127659574468085
0.0
0.17391304347826086
0.17391304347826086
0.8615384615384616
0.0
0.0
0.0
0.0
0.0
0.0
0.0
0.14814814814814814
0.21951219512195122
0.7391304347826086
0.1951219512195122
0.2619047619047619
0.0
0.4222222222222222
0.23529411764705882
0.5
0.14814814814814814
0.4583333333333333
0.2
0.0
0.0
0.17391304347826086
0.3404255319148936
0.2857142857142857
0.0
0.19148936170212766
0.3877551020408163
0.25
0.17391304347826086
0.3269230769230769
0.0
0.19148936170212766
0.0
0.0
0.17391304347826086
0.0
0.7014925373134329
0.3695652173913043
0.17391304347826086
0.0
0.0
0.0
0.0
0.0
0.7352941176470589
0.0
0.0
0.54
0.17391304347826086
0.17391304347826086
0.8615384615384616
0.5
0.0
0.0
0.17391304347826086
0.0
0.17391304347826086
0.17391304347826086
0.19148936170212766
0.27906976744186046
0.2127659574468085
0.0
0.24390243902439024
0.17391304347826086
0.0
0.5102040816326531
0.17391304347826086
