0.0
0.0
0.0
0.0
0.0
0.0
0.0
0.0
0.0
0.0
0.0
0.0
0.0
0.0
0.0
0.0
0.0
0.0
0.0
0.0
0.0
0.0
0.0
0.0
0.0
0.0
0.0
0.0
0.0
0.0
0.0
0.0
0.0
0.0
0.0
0.0
0.0
0.0
0.0
0.0
0.7272727272727273
0.47058823529411764
0.4117647058823529
0.05882352941176472
0.4242424242424242
0.0
0.0
0.0
0.0
0.0
0.0
0.0
0.0
0.0
0.0
0.0
0.0
0.0
0.0
0.0
0.0
0.0
0.0
0.0
0.0
0.0
0.0
0.0
0.2941176470588235
0.06060606060606055
0.0
0.0
0.0
0.0
0.18181818181818177
0.0
0.030303030303030276
0.0
0.0
0.15625
0.09090909090909094
0.0
0.0
0.050000000000000044
0.07499999999999996
0.5
0.5
0.5609756097560976
0.0
0.5135135135135135
0.0
0.0
0.0
0.0
0.0
0.0
0.0
0.0
0.21212121212121215
0.1875
0.21212121212121215
0.3214285714285714
0.0
0.3214285714285714
0.2727272727272727
0.0
0.22580645161290325
0.5151515151515151
0.5151515151515151
0.5151515151515151
0.5151515151515151
0.5151515151515151
0.5151515151515151
0.5151515151515151
0.5151515151515151
0.030303030303030276
0.0
0.0
0.0
0.0
0.0
0.4054054054054054
0.0
0.0
0.0
0.0357142857142857
0.7352941176470589
0.2941176470588235
0.41463414634146345
0.7096774193548387
0.2647058823529411
0.3793103448275862
0.7567567567567568
0.13793103448275867
0.2727272727272727
0.1071428571428571
0.6
0.6
0.05882352941176472
0.48888888888888893
0.22857142857142854
0.0
0.0
0.0
0.0
0.0
0.0
0.0
0.0
0.030303030303030276
0.0
0.7567567567567568
0.0
0.7352941176470589
0.7567567567567568
0.0
0.0
0.7804878048780488
0.0
0.5757575757575757
0.0
0.0
0.050000000000000044
0.050000000000000044
0.0
0.32352941176470584
0.08823529411764708
0.030303030303030276
0.0
0.04878048780487809
0.0
0.0
0.3214285714285714
0.0
0.4722222222222222
0.6
0.6
0.6
0.6
0.02564102564102566
0.02564102564102566
0.0
0.6
0.050000000000000044
0.02564102564102566
0.02564102564102566
0.1428571428571429
0.1428571428571429
0.0
0.6
0.6111111111111112
0.7647058823529411
0.6060606060606061
0.1071428571428571
0.7241379310344828
0.7692307692307692
0.0
0.7272727272727273
0.7272727272727273
0.7272727272727273
0.7272727272727273
0.5757575757575757
0.0
0.0
0.0
0.6
0.6
0.0
0.0
0.09090909090909094
0.33333333333333337
0.02564102564102566
0.6060606060606061
0.0
0.0
0.0
0.02564102564102566
0.0
0.0
0.0
0.0
0.41025641025641024
0.0
0.02564102564102566
0.0
0.7692307692307692
0.7272727272727273
0.0
0.5151515151515151
0.2647058823529411
0.0
0.021276595744680882
0.0
0.4864864864864865
0.0
0.0
0.0
0.0
0.0
0.0
0.0
0.02564102564102566
0.0
0.7804878048780488
0.0
0.0
0.02564102564102566
0.0
0.4242424242424242
0.0
0.0
0.0
0.02564102564102566
0.0
0.0
0.7692307692307692
0.02564102564102566
0.06060606060606055
0.02564102564102566
0.02564102564102566
0.0
0.02564102564102566
0.02564102564102566
0.02564102564102566
0.6
0.6785714285714286
0.0
0.0
0.02564102564102566
0.0
0.02564102564102566
0.02564102564102566
0.02564102564102566
0.0
0.675
0.02564102564102566
0.5
0.0
0.0
0.0
0.0
0.7804878048780488
0.0
0.0
0.02564102564102566
0.0
0.36363636363636365
0.0
0.3214285714285714
0.02564102564102566
0.0
0.09090909090909094
0.06060606060606055
0.06060606060606055
0.08823529411764708
0.5
0.02564102564102566
0.2142857142857143
0.02564102564102566
0.0
0.0
0.0
0.09090909090909094
0.0
0.5
0.5
0.5
0.02564102564102566
0.5757575757575757
0.09090909090909094
0.0
0.02564102564102566
0.02564102564102566
0.02564102564102566
0.0
0.2941176470588235
0.025000000000000022
0.6176470588235294
0.02564102564102566
0.25
0.030303030303030276
0.0
0.030303030303030276
0.02564102564102566
0.02564102564102566
0.030303030303030276
0.02564102564102566
0.32352941176470584
0.02564102564102566
0.050000000000000044
0.030303030303030276
0.0
0.030303030303030276
0.05882352941176472
0.0
0.030303030303030276
0.0
0.0
0.050000000000000044
0.0
0.23076923076923073
0.23076923076923073
0.030303030303030276
0.0
0.0
0.05882352941176472
0.05128205128205132
0.02564102564102566
0.08823529411764708
0.0
0.33333333333333337
0.030303030303030276
0.0
0.0
0.0
0.0
0.02564102564102566
0.5135135135135135
0.02564102564102566
0.0
0.0
0.0
0.05882352941176472
0.02564102564102566
0.02564102564102566
0.02564102564102566
0.02564102564102566
0.0
0.5757575757575757
0.5757575757575757
0.06060606060606055
0.02564102564102566
0.1515151515151515
0.09090909090909094
0.6060606060606061
0.6060606060606061
0.050000000000000044
0.0
0.0
0.021276595744680882
0.0
0.2941176470588235
0.0
0.050000000000000044
0.2727272727272727
0.2727272727272727
0.0
0.0
0.6060606060606061
0.06060606060606055
0.030303030303030276
0.02564102564102566
0.0
0.02564102564102566
0.0
0.02564102564102566
0.07692307692307687
0.0
0.02564102564102566
0.08823529411764708
0.2727272727272727
0.02564102564102566
0.0
0.7272727272727273
0.303030303030303
0.05128205128205132
0.0
0.02564102564102566
0.02564102564102566
0.7272727272727273
0.0
0.0
0.0
0.0
0.0
0.0
0.0
0.021276595744680882
0.030303030303030276
0.5135135135135135
0.02941176470588236
0.08823529411764708
0.0
0.1875
0.0714285714285714
0.2727272727272727
0.021276595744680882
0.1875
0.030303030303030276
0.0
0.0
0.02564102564102566
0.20512820512820518
0.09090909090909094
0.0
0.050000000000000044
0.23076923076923073
0.07692307692307687
0.02564102564102566
0.10256410256410253
0.0
0.050000000000000044
0.0
0.0
0.02564102564102566
0.0
0.5238095238095238
0.12121212121212122
0.02564102564102566
0.0
0.0
0.0
0.0
0.0
0.5
0.0
0.0
0.32352941176470584
0.02564102564102566
0.02564102564102566
0.7272727272727273
0.2727272727272727
0.0
0.0
0.02564102564102566
0.0
0.02564102564102566
0.02564102564102566
0.02564102564102566
0.08823529411764708
0.05128205128205132
0.0
0.06060606060606055
0.02564102564102566
0.0
0.2941176470588235
0.02564102564102566
