0.6962481962481962
0.5365853658536586
0.5256819857458834
0.6232487694055282
0.6785947712418301
0.6636285958416406
0.6786472798562326
0.6786472798562326
0.620361560418649
0.571505376344086
0.5482758620689655
0.6341233345124395
0.7104972375690608
0.525049115913556
0.571505376344086
0.7104439123227113
0.7104439123227113
0.7104439123227113
0.6955347497299245
0.7011596788581623
0.6786472798562326
0.6786472798562326
0.6786472798562326
0.6786472798562326
0.6786472798562326
0.571505376344086
0.6963577353047241
0.571505376344086
0.5717356260075228
0.8856634016028495
0.8856837606837606
0.571505376344086
0.571505376344086
0.5511136493432325
0.5513698630136986
0.5511136493432325
0.5717356260075228
0.8856837606837606
0.5250368188512519
0.6785947712418301
0.5250368188512519
0.5251533742331289
0.5251533742331289
0.5256819857458834
0.6785364260045736
0.8856837606837606
0.8856634016028495
0.5251533742331289
0.8856634016028495
0.6144905075552112
0.8856837606837606
0.525049115913556
0.6143410852713178
0.8856837606837606
0.5256819857458834
0.5256819857458834
0.5255653883972469
0.5192994996426019
0.5192994996426019
0.5256819857458834
