0.02985074626865669
0.0
0.015151515151515138
0.015151515151515138
0.0
0.0
0.0
0.015151515151515138
0.015151515151515138
0.02985074626865669
0.02985074626865669
0.015151515151515138
0.015151515151515138
0.015151515151515138
0.015151515151515138
0.015151515151515138
0.015151515151515138
0.015151515151515138
0.015151515151515138
0.0
0.02985074626865669
0.015151515151515138
0.015151515151515138
0.014925373134328401
0.015151515151515138
0.015151515151515138
0.015151515151515138
0.02985074626865669
0.0
0.0
1.0
0.015151515151515138
0.0
0.0
0.0
0.0
0.02941176470588236
0.02941176470588236
0.015151515151515138
0.02985074626865669
0.02985074626865669
0.0
0.015151515151515138
0.015151515151515138
0.0
0.015151515151515138
0.015151515151515138
0.015151515151515138
0.015151515151515138
0.015151515151515138
0.015151515151515138
0.015151515151515138
0.015151515151515138
0.015151515151515138
0.015151515151515138
0.015151515151515138
0.02985074626865669
0.02985074626865669
0.015151515151515138
0.015151515151515138
0.015151515151515138
0.015151515151515138
0.015151515151515138
0.015151515151515138
0.015151515151515138
0.015151515151515138
0.005025125628140725
0.015151515151515138
0.015151515151515138
0.015151515151515138
0.02985074626865669
0.015151515151515138
0.015151515151515138
0.015151515151515138
0.015151515151515138
0.015151515151515138
0.015151515151515138
0.015151515151515138
0.015151515151515138
0.015151515151515138
0.0
0.0
0.0
0.0
0.0
0.02985074626865669
0.015151515151515138
0.0
0.0
0.0
0.0
0.0
0.0
0.0
0.0
0.0
0.015151515151515138
0.02985074626865669
0.02985074626865669
0.02985074626865669
0.02985074626865669
0.02985074626865669
0.02985074626865669
0.0
0.0
0.0
0.015151515151515138
0.0
0.0
0.015151515151515138
0.0
0.0
0.0
0.0
0.015151515151515138
0.015151515151515138
0.015151515151515138
0.015151515151515138
0.015151515151515138
0.015151515151515138
0.015151515151515138
0.015151515151515138
0.015151515151515138
0.015151515151515138
0.0
