0.001516300227445034
0.0007054673721340388
0.0019342359767891683
0.0019138755980861245
0.0009578544061302681
0.0009578544061302681
0.05354200988467875
1.0
0.013186813186813187
0.026856240126382307
0.026856240126382307
0.02608695652173913
0.026856240126382307
0.02608695652173913
0.026856240126382307
0.022006472491909384
0.026856240126382307
0.02608695652173913
0.021373056994818652
0.026856240126382307
0.02608695652173913
0.026856240126382307
0.026856240126382307
0.021373056994818652
0.037721324095458045
0.026856240126382307
0.02608695652173913
0.02608695652173913
0.02608695652173913
0.02608695652173913
0.022006472491909384
0.0009652509652509653
0.0009652509652509653
0.026856240126382307
-1.0
0.02608695652173913
0.03077889447236181
0.0019286403085824494
1.0
0.026856240126382307
0.02608695652173913
0.02608695652173913
0.02608695652173913
0.0007587253414264037
0.02608695652173913
0.026856240126382307
