1.0
0.0414452709883103
0.1310924369747899
0.1291390728476821
0.11944091486658193
0.1291390728476821
0.09116409537166903
-1.0
0.09713574097135746
-1.0
1.0
-1.0
0.125
0.1657608695652174
0.14560439560439564
1.0
-1.0
-1.0
1.0
1.0
0.1353591160220995
0.12430939226519333
-1.0
-1.0
-1.0
0.14560439560439564
-1.0
-1.0
-1.0
0.1353591160220995
-1.0
0.13043478260869568
0.13043478260869568
-1.0
-1.0
0.1412103746397695
-1.0
0.14687499999999998
-1.0
0.12011173184357538
-1.0
-1.0
-1.0
0.11923076923076925
1.0
-1.0
