0.0
0.0
0.0
0.0
0.0
0.0
0.0
0.0
0.0
0.0
0.0
0.0
0.0
0.016000000000000014
0.0
0.0
0.0
0.0
0.0
0.0
0.0
0.008064516129032251
0.0
0.0
0.0
0.0
0.0
0.0
0.0
0.0
0.0
0.0
0.0
0.0
0.0
0.0
0.009090909090909038
0.0
0.0
0.0
0.0
0.0
0.01834862385321101
0.0
0.016129032258064502
0.0
0.0
0.0
0.0
0.018018018018018056
0.0
0.0
0.0
0.0
0.0
0.0
0.0
0.0
0.0
0.0
0.0
0.0
0.0
0.0
0.0
0.0
0.0
0.0
0.005464480874316946
0.0
0.0
0.0
0.0
0.0092592592592593
0.0
0.0
0.0
0.0
0.0
0.0
0.0
0.0
0.0
0.0
0.0
0.0
0.0
0.0
0.01834862385321101
0.0
0.0
0.0092592592592593
0.0
0.0092592592592593
