0.0
0.0005948839976204212
0.0
0.0012706480304955914
0.0
0.0
0.001481481481481528
0.0010695187165775666
0.0010695187165775666
0.0014792899408283544
0.0
0.0
0.0005402485143165547
0.0
0.0
0.0
0.0
0.0
0.0
0.0
0.0003847633705271747
0.0
0.001481481481481528
0.0010695187165775666
0.0010695187165775666
0.0008583690987123971
0.0010695187165775666
0.0010695187165775666
0.0010695187165775666
0.0
0.0014925373134327957
0.0
0.0012706480304955914
0.0
0.001481481481481528
0.0
0.0
0.0
0.0
0.0012706480304955914
0.0
0.0
0.001481481481481528
0.0
0.0
0.0
0.0005083884087442314
0.0
0.0005178663904712444
0.0
0.0
0.0
0.0
0.0
0.0
0.0005083884087442314
0.0
0.0
0.0
0.0
0.0
0.001481481481481528
0.0
1.0
0.0
0.0
0.0
0.0
0.0005178663904712444
