0.0002240645305847666
0.0003231017770597422
0.035775127768313486
6.833868653044473e-05
0.0
0.035775127768313486
0.0
0.0
0.00044802867383508804
5.157563566970946e-05
0.00044802867383508804
0.00044802867383508804
0.00013107877834583892
0.00044802867383508804
0.00044802867383508804
0.00013222266296442076
0.00013107877834583892
0.00013087292239233328
0.00013087292239233328
0.00013087292239233328
0.00013087292239233328
0.0002617115938235992
0.00013215276860045755
0.00044802867383508804
0.00013225763787860778
0.00013222266296442076
0.00013107877834583892
0.00013107877834583892
0.00013087292239233328
0.00013087292239233328
0.00014760147601478035
0.00044802867383508804
6.479621590094187e-05
0.0006459948320413078
0.00014874312063062334
0.00014874312063062334
0.0006459948320413078
0.00014686444411804445
0.00014703720041175927
0.0001476450612727387
0.00014760147601478035
0.00014703720041175927
0.00014686444411804445
0.00014861049190073583
0.00029726516052319685
0.0006459948320413078
0.0001487873828299735
0.0001487873828299735
0.00014874312063062334
0.0006459948320413078
0.00026448029621795044
0.0001487873828299735
0.00044385264092317023
0.00013087292239233328
0.00014865467518954123
0.00013087292239233328
0.00013225763787860778
0.0002951593860684998
0.0
0.0
0.00013225763787860778
0.00013215276860045755
0.00013087292239233328
0.00013107877834583892
0.00013107877834583892
0.0
0.00014861049190073583
0.0
0.0
0.00013222266296442076
0.0004474272930649059
0.00013107877834583892
0.00013087292239233328
0.00013225763787860778
0.00022376370552701363
0.0001487873828299735
0.0001519525907917041
0.0
0.00044802867383508804
0.00016002560409666966
0.00013225763787860778
0.0001487873828299735
0.0
0.0003735524841240734
7.025925665704591e-05
0.00014686444411804445
0.00014865467518954123
0.0
0.0
0.0
0.00014703720041175927
0.0
0.0
0.00015112588786458936
0.0
0.023883021933387538
0.0
0.0001476450612727387
0.0
0.0002951593860684998
0.0
0.0
0.0
0.0
0.0
