0.029850746268656716
0.0
0.015151515151515152
0.015151515151515152
0.0
0.0
0.0
0.015151515151515152
0.015151515151515152
0.029850746268656716
0.029850746268656716
0.015151515151515152
0.015151515151515152
0.015151515151515152
0.015151515151515152
0.015151515151515152
0.015151515151515152
0.015151515151515152
0.015151515151515152
0.0
0.029850746268656716
0.015151515151515152
0.015151515151515152
0.014925373134328358
0.015151515151515152
0.015151515151515152
0.015151515151515152
0.029850746268656716
0.0
0.0
1.0
0.015151515151515152
0.0
0.0
0.0
0.0
0.029411764705882353
0.029411764705882353
0.015151515151515152
0.029850746268656716
0.029850746268656716
0.0
0.015151515151515152
0.015151515151515152
0.0
0.015151515151515152
0.015151515151515152
0.015151515151515152
0.015151515151515152
0.015151515151515152
0.015151515151515152
0.015151515151515152
0.015151515151515152
0.015151515151515152
0.015151515151515152
0.015151515151515152
0.029850746268656716
0.029850746268656716
0.015151515151515152
0.015151515151515152
0.015151515151515152
0.015151515151515152
0.015151515151515152
0.015151515151515152
0.015151515151515152
0.015151515151515152
0.005025125628140704
0.015151515151515152
0.015151515151515152
0.015151515151515152
0.029850746268656716
0.015151515151515152
0.015151515151515152
0.015151515151515152
0.015151515151515152
0.015151515151515152
0.015151515151515152
0.015151515151515152
0.015151515151515152
0.015151515151515152
0.0
0.0
0.0
0.0
0.0
0.029850746268656716
0.015151515151515152
0.0
0.0
0.0
0.0
0.0
0.0
0.0
0.0
0.0
0.015151515151515152
0.029850746268656716
0.029850746268656716
0.029850746268656716
0.029850746268656716
0.029850746268656716
0.029850746268656716
0.0
0.0
0.0
0.015151515151515152
0.0
0.0
0.015151515151515152
0.0
0.0
0.0
0.0
0.015151515151515152
0.015151515151515152
0.015151515151515152
0.015151515151515152
0.015151515151515152
0.015151515151515152
0.015151515151515152
0.015151515151515152
0.015151515151515152
0.015151515151515152
0.0
