0.0
0.0
0.0
0.0
0.0
0.0
0.0
0.0
0.0
0.0
0.0
0.0
0.0
0.016
0.0
0.0
0.0
0.0
0.0
0.0
0.0
0.008064516129032258
0.0
0.0
0.0
0.0
0.0
0.0
0.0
0.0
0.0
0.0
0.0
0.0
0.0
0.0
0.00909090909090909
0.0
0.0
0.0
0.0
0.0
0.01834862385321101
0.0
0.016129032258064516
0.0
0.0
0.0
0.0
0.018018018018018018
0.0
0.0
0.0
0.0
0.0
0.0
0.0
0.0
0.0
0.0
0.0
0.0
0.0
0.0
0.0
0.0
0.0
0.0
0.00546448087431694
0.0
0.0
0.0
0.0
0.009259259259259259
0.0
0.0
0.0
0.0
0.0
0.0
0.0
0.0
0.0
0.0
0.0
0.0
0.0
0.0
0.01834862385321101
0.0
0.0
0.009259259259259259
0.0
0.009259259259259259
