0.00044802867383512545
0.0006459948320413437
0.06907894736842106
0.00013666803334700013
0.0
0.06907894736842106
0.0
0.0
0.0008956560680698612
0.00010314595152140278
0.0008956560680698612
0.0008956560680698612
0.0002621231979030144
0.0008956560680698612
0.0008956560680698612
0.00026441036488630354
0.0002621231979030144
0.00026171159382360636
0.00026171159382360636
0.00026171159382360636
0.00026171159382360636
0.0005232862375719519
0.0002642706131078224
0.0008956560680698612
0.0002644802962179318
0.00026441036488630354
0.0002621231979030144
0.0002621231979030144
0.00026171159382360636
0.00026171159382360636
0.00029515938606847696
0.0008956560680698612
0.0001295840352468576
0.0012911555842479018
0.000297441998810232
0.000297441998810232
0.0012911555842479018
0.0002936857562408223
0.00029403116730373417
0.0002952465308532625
0.00029515938606847696
0.00029403116730373417
0.0002936857562408223
0.00029717682020802375
0.0005943536404160475
0.0012911555842479018
0.0002975304968759298
0.0002975304968759298
0.000297441998810232
0.0012911555842479018
0.0005288207297726071
0.0002975304968759298
0.0008873114463176575
0.00026171159382360636
0.00029726516052318666
0.00026171159382360636
0.0002644802962179318
0.0005901445854234287
0.0
0.0
0.0002644802962179318
0.0002642706131078224
0.00026171159382360636
0.0002621231979030144
0.0002621231979030144
0.0
0.00029717682020802375
0.0
0.0
0.00026441036488630354
0.0008944543828264759
0.0002621231979030144
0.00026171159382360636
0.0002644802962179318
0.00044742729306487697
0.0002975304968759298
0.00030385900941962927
0.0
0.0008956560680698612
0.00032
0.0002644802962179318
0.0002975304968759298
0.0
0.0007468259895444362
0.0001405086412814388
0.0002936857562408223
0.00029726516052318666
0.0
0.0
0.0
0.00029403116730373417
0.0
0.0
0.0003022061045633122
0.0
0.04665185655347509
0.0
0.0002952465308532625
0.0
0.0005901445854234287
0.0
0.0
0.0
0.0
0.0
