0.016233766233766267
-1.0
-1.0
-1.0
0.0002610284521012973
1.0
0.0005219206680584509
0.0005219206680584509
0.03196347031963476
1.0
-1.0
0.0003016591251885359
0.0005858230814294041
-1.0
-1.0
0.0
0.0
0.0
0.01553398058252431
0.0003016591251885359
0.0005219206680584509
0.0005252100840336116
0.0002610284521012973
0.0002610284521012973
0.0002610284521012973
-1.0
0.016644908616187948
-1.0
0.0012961762799740262
1.0
0.5950644980370163
0.0
-1.0
1.0
-1.0
-1.0
-1.0
1.0
-1.0
0.0
-1.0
-1.0
-1.0
-1.0
-1.0
0.00029994001199762366
0.5951099147599821
1.0
-1.0
1.0
1.0
1.0
-1.0
-1.0
1.0
-1.0
-1.0
-1.0
-1.0
