0.00021519259737468044
0.00021519259737468044
0.00021519259737468044
0.000430292598967319
0.0006453000645300078
0.0006453000645300078
0.00021519259737468044
0.00021519259737468044
0.00021519259737468044
0.00021519259737468044
0.00021519259737468044
0.00021519259737468044
0.00021519259737468044
0.00021519259737468044
0.00021519259737468044
0.000430292598967319
0.0006453000645300078
0.00021519259737468044
0.00021519259737468044
0.000430292598967319
0.00021519259737468044
0.00021519259737468044
0.00021519259737468044
0.00021519259737468044
0.00021519259737468044
0.00021519259737468044
0.00021519259737468044
0.00021519259737468044
0.00021519259737468044
0.00021519259737468044
0.00021519259737468044
0.00021519259737468044
0.00021519259737468044
0.00021519259737468044
0.00021519259737468044
0.00021519259737468044
0.00021519259737468044
0.00021519259737468044
0.00021519259737468044
0.00021519259737468044
0.00021519259737468044
0.00021519259737468044
0.00021519259737468044
0.00021519259737468044
0.00021519259737468044
0.00021519259737468044
0.00021519259737468044
0.00021519259737468044
0.00021519259737468044
0.00021519259737468044
0.00021519259737468044
0.00021519259737468044
0.00021519259737468044
0.00021519259737468044
0.00021519259737468044
0.00021519259737468044
0.00021519259737468044
0.00021519259737468044
0.00021519259737468044
0.00021519259737468044
0.00021519259737468044
0.00021519259737468044
0.00021519259737468044
0.00021519259737468044
0.00021519259737468044
0.00021519259737468044
0.00021519259737468044
0.00021519259737468044
0.00021519259737468044
0.00021519259737468044
0.00021519259737468044
0.00021519259737468044
0.00021519259737468044
0.00021519259737468044
0.00021519259737468044
0.00021519259737468044
0.00021519259737468044
0.00021519259737468044
0.00021519259737468044
0.00021519259737468044
0.00021519259737468044
0.000430292598967319
0.000430292598967319
0.000645161290322549
0.000430292598967319
0.000430292598967319
0.000430292598967319
0.000430292598967319
0.000430292598967319
0.000430292598967319
0.000430292598967319
0.000430292598967319
1.0
0.000430292598967319
0.000430292598967319
0.000430292598967319
0.000430292598967319
0.000430292598967319
0.000430292598967319
0.000430292598967319
0.000430292598967319
0.000430292598967319
0.000430292598967319
0.000430292598967319
0.000430292598967319
0.000430292598967319
0.000430292598967319
0.000430292598967319
0.000430292598967319
0.000430292598967319
0.000430292598967319
0.000430292598967319
0.00043010752688177334
0.00043010752688177334
0.000430292598967319
0.000430292598967319
0.000430292598967319
0.000430292598967319
0.000430292598967319
0.00021519259737468044
0.00021519259737468044
0.00021519259737468044
0.00021519259737468044
0.00021519259737468044
0.00021519259737468044
0.00021519259737468044
0.00021519259737468044
0.00021519259737468044
0.0003228931223765441
0.000430292598967319
0.00021519259737468044
0.00021519259737468044
0.00021519259737468044
0.00021519259737468044
0.00021519259737468044
0.00021519259737468044
0.00021519259737468044
0.00021519259737468044
0.00021519259737468044
0.00021519259737468044
0.00021519259737468044
0.00021519259737468044
0.000430292598967319
0.00021519259737468044
0.00021519259737468044
0.000430292598967319
0.000430292598967319
0.00021519259737468044
0.00021519259737468044
0.00021519259737468044
0.00021519259737468044
0.00032144005143042165
0.0006455777921239303
0.000430292598967319
0.00032268473701191347
0.0009680542110358514
0.00027754648903688395
0.00031007751937983663
0.0008326394671107629
0.00021519259737468044
0.0009668063164679497
0.00021519259737468044
0.00021519259737468044
0.000430292598967319
0.0003228931223765441
0.00031007751937983663
0.0008326394671107629
0.00031007751937983663
0.0009680542110358514
0.0003228931223765441
0.0006455777921239303
0.00032268473701191347
0.00032144005143042165
0.00032144005143042165
0.00032144005143042165
0.00021519259737468044
0.00014945449110748132
0.000430292598967319
0.000430292598967319
0.00021519259737468044
0.00031007751937983663
0.00017943656917285278
0.0003228931223765441
0.00032144005143042165
0.0009680542110358514
0.0009680542110358514
0.00021519259737468044
0.000430292598967319
0.0008321775312066793
0.0008321775312066793
0.00036859565057134613
0.00021729682746629564
8.972633467918545e-05
0.00017943656917285278
0.0005552470849528035
0.0009680542110358514
0.00032268473701191347
0.0003228931223765441
0.0003228931223765441
0.00032144005143042165
0.0003228931223765441
0.0006455777921239303
0.00021519259737468044
0.000430292598967319
0.00031007751937983663
0.00031007751937983663
0.0009637006103436763
0.0008321775312066793
0.0008321775312066793
0.000430292598967319
0.0008321775312066793
8.972633467918545e-05
8.972633467918545e-05
0.00021519259737468044
0.0008321775312066793
0.0008321775312066793
0.0008326394671107629
0.0006453000645300078
0.0008321775312066793
0.00046504417919701613
0.00021519259737468044
0.00032247662044504466
0.0001550628004342025
0.0005549389567147678
0.0010952902519167917
0.0005479452054794054
0.00031007751937983663
0.00031007751937983663
0.0001550628004342025
0.00021729682746629564
0.00031007751937983663
0.00031007751937983663
0.0001550628004342025
0.00044822949350065144
0.0005549389567147678
0.0003228931223765441
0.0001550628004342025
0.0003228931223765441
0.00031007751937983663
0.00014945449110748132
0.0005552470849528035
0.0005552470849528035
0.0005552470849528035
0.0005552470849528035
0.0005552470849528035
0.0005479452054794054
0.0005552470849528035
0.00010866021949362814
0.0001551109042965404
0.0005552470849528035
0.0001550628004342025
0.00032247662044504466
0.0005552470849528035
0.0010822510822511289
0.0008321775312066793
0.0005549389567147678
0.00027754648903688395
0.0005549389567147678
0.00027754648903688395
0.0005549389567147678
0.0005549389567147678
0.0005549389567147678
0.00027754648903688395
0.0005549389567147678
0.00027754648903688395
0.00027754648903688395
0.00027754648903688395
0.0001550628004342025
0.0010952902519167917
0.0010952902519167917
0.0005552470849528035
0.0005479452054794054
0.0003228931223765441
0.00021519259737468044
0.00014945449110748132
0.00014945449110748132
0.00014945449110748132
0.0003228931223765441
0.00014945449110748132
1.0
0.00014945449110748132
0.00014945449110748132
0.00014945449110748132
0.00014945449110748132
0.00014945449110748132
0.00014945449110748132
0.00014945449110748132
0.00014945449110748132
0.00014945449110748132
0.00014945449110748132
0.00014945449110748132
0.00014945449110748132
0.00014945449110748132
0.00014945449110748132
0.00014945449110748132
0.00014945449110748132
0.00014945449110748132
0.00014945449110748132
0.00014945449110748132
0.0002988643156006665
0.00044822949350065144
0.00014945449110748132
0.00014945449110748132
0.00014945449110748132
0.00014945449110748132
0.00032144005143042165
0.00014945449110748132
0.00014945449110748132
0.00014945449110748132
1.0
0.00014945449110748132
0.00014945449110748132
0.0003228931223765441
0.0003228931223765441
0.0003228931223765441
0.0003228931223765441
0.0003228931223765441
0.0003228931223765441
0.0003228931223765441
0.0003228931223765441
0.0003228931223765441
0.0003228931223765441
0.0003228931223765441
0.0003228931223765441
0.0003228931223765441
0.0003228931223765441
0.0003228931223765441
0.0003228931223765441
0.0003228931223765441
0.0003228931223765441
0.00031007751937983663
0.00032144005143042165
0.00032144005143042165
0.00032144005143042165
0.00032144005143042165
0.00032247662044504466
0.00032247662044504466
0.00032247662044504466
0.0006447453255964408
0.00032247662044504466
0.00032247662044504466
0.00032247662044504466
0.00032247662044504466
0.00032247662044504466
0.00032247662044504466
0.00032247662044504466
0.00032247662044504466
0.00032247662044504466
0.00032247662044504466
0.00032247662044504466
0.00032247662044504466
0.00032247662044504466
0.0009668063164679497
0.00032247662044504466
0.00032247662044504466
0.00032247662044504466
0.00032247662044504466
0.00032247662044504466
0.00032247662044504466
0.0006447453255964408
0.00032247662044504466
0.00032247662044504466
0.00032247662044504466
0.00032247662044504466
0.00032247662044504466
0.00032247662044504466
0.00032247662044504466
0.00032247662044504466
0.00032247662044504466
0.00032247662044504466
0.00032247662044504466
0.00032247662044504466
0.0006447453255964408
0.00032144005143042165
0.00032247662044504466
0.00032247662044504466
0.00032247662044504466
0.00032247662044504466
0.00032247662044504466
0.00032247662044504466
0.00032247662044504466
0.00032247662044504466
0.00032247662044504466
0.00032247662044504466
0.00032247662044504466
0.00032247662044504466
0.00032247662044504466
0.00032247662044504466
0.0003228931223765441
0.0003228931223765441
0.0006455777921239303
0.0003228931223765441
0.0003228931223765441
0.0003228931223765441
0.0003228931223765441
0.0003228931223765441
0.0009668063164679497
0.00032247662044504466
0.00021519259737468044
0.00021519259737468044
0.00021519259737468044
0.00021519259737468044
0.00021519259737468044
0.0006453000645300078
0.0001213150551983011
0.0008326394671107629
0.0005549389567147678
0.0005549389567147678
0.00021519259737468044
0.00021519259737468044
0.00021519259737468044
0.00021519259737468044
0.00021519259737468044
0.00021519259737468044
0.00021519259737468044
0.00021519259737468044
0.0006453000645300078
0.0006453000645300078
0.0006453000645300078
0.0006453000645300078
0.00021519259737468044
0.00021519259737468044
0.00021519259737468044
0.00021519259737468044
0.00021519259737468044
0.00021519259737468044
0.00021519259737468044
0.00021519259737468044
0.00021519259737468044
0.00021519259737468044
0.0008326394671107629
0.00031017369727048827
0.0002988643156006665
0.0002988643156006665
0.0002988643156006665
0.0003228931223765441
0.0002988643156006665
0.0002988643156006665
0.0002988643156006665
0.0002988643156006665
0.0002988643156006665
0.0002988643156006665
0.0002988643156006665
0.0003228931223765441
0.00032247662044504466
0.00032247662044504466
0.00032247662044504466
0.00032247662044504466
0.00032247662044504466
0.00032247662044504466
0.00032247662044504466
0.00032247662044504466
0.00032247662044504466
0.00032247662044504466
0.00032247662044504466
0.00032247662044504466
0.00032247662044504466
0.00032247662044504466
0.00032247662044504466
0.0009668063164679497
0.0009668063164679497
0.0006447453255964408
0.00032247662044504466
0.00032247662044504466
0.0006447453255964408
0.0006447453255964408
0.00032247662044504466
0.00032247662044504466
0.0006455777921239303
0.0009668063164679497
0.0009668063164679497
0.0009668063164679497
0.00032247662044504466
0.0009668063164679497
0.0010822510822511289
0.0006447453255964408
0.00032247662044504466
0.00032247662044504466
0.000645161290322549
0.0010822510822511289
0.0005552470849528035
0.0005479452054794054
0.0008326394671107629
0.00014945449110748132
0.00032247662044504466
0.00032247662044504466
0.00032247662044504466
0.00032247662044504466
0.00032247662044504466
0.00032247662044504466
0.00014945449110748132
0.00014945449110748132
0.00032247662044504466
0.00014945449110748132
0.0003228931223765441
0.00044822949350065144
0.0002988643156006665
0.0002988643156006665
0.000967429861335023
0.0002988643156006665
0.00014945449110748132
0.00014945449110748132
0.00014945449110748132
0.00014945449110748132
0.00014945449110748132
0.00014945449110748132
0.00014945449110748132
0.00014945449110748132
0.0002988643156006665
0.0002988643156006665
0.00014945449110748132
0.00014945449110748132
0.00014945449110748132
0.0002988643156006665
0.00044822949350065144
0.00044822949350065144
0.00044822949350065144
1.0
0.00044822949350065144
0.00044822949350065144
0.00014945449110748132
0.00021519259737468044
0.00021519259737468044
0.00021519259737468044
0.0009680542110358514
0.0003228931223765441
0.0003228931223765441
0.0003228931223765441
0.0003228931223765441
0.0003228931223765441
0.0003228931223765441
0.0003228931223765441
0.0006453000645300078
0.00027770063871146444
0.0005549389567147678
0.0001862544235425867
0.0001862544235425867
0.0005552470849528035
0.00017943656917285278
0.0005414185165132368
0.0001550628004342025
0.0003228931223765441
0.0003228931223765441
0.0006455777921239303
0.0003228931223765441
0.0003228931223765441
0.00032247662044504466
0.0003228931223765441
0.00044822949350065144
0.00044822949350065144
0.0006455777921239303
0.00044822949350065144
0.00044822949350065144
0.00044822949350065144
0.00044822949350065144
0.00044822949350065144
0.00021519259737468044
0.00021519259737468044
0.0009680542110358514
0.00044822949350065144
0.0001862544235425867
0.0006453000645300078
0.00021519259737468044
0.00021519259737468044
0.000430292598967319
1.0
0.00021519259737468044
0.00021519259737468044
0.00021519259737468044
0.00019755037534574527
0.000430292598967319
0.0006453000645300078
0.0006453000645300078
0.0006453000645300078
0.0006453000645300078
0.00021519259737468044
0.0006453000645300078
0.0006453000645300078
0.0006453000645300078
0.0006453000645300078
0.0006453000645300078
0.0006453000645300078
0.00021519259737468044
0.00021519259737468044
0.00021519259737468044
0.0006453000645300078
0.00021519259737468044
0.00021519259737468044
0.00021519259737468044
0.00021519259737468044
0.0006453000645300078
0.0006453000645300078
0.0006453000645300078
0.0006453000645300078
0.000430292598967319
0.0006453000645300078
0.0006453000645300078
0.000430292598967319
0.0006453000645300078
0.0006453000645300078
0.0006453000645300078
0.0006453000645300078
0.0006453000645300078
0.00021519259737468044
0.0006453000645300078
0.0006453000645300078
0.0006453000645300078
0.0006453000645300078
0.00021519259737468044
0.0006453000645300078
0.0006453000645300078
0.0006453000645300078
0.00021519259737468044
0.0006453000645300078
0.0006453000645300078
0.0006453000645300078
0.0006453000645300078
0.00021519259737468044
0.000430292598967319
0.00021519259737468044
0.0006453000645300078
0.000430292598967319
0.00021519259737468044
0.00021519259737468044
0.00021519259737468044
0.0006453000645300078
0.0006453000645300078
0.0006453000645300078
0.0006453000645300078
0.0006453000645300078
0.0002151000215100396
0.00021519259737468044
0.00021519259737468044
0.00021519259737468044
0.0006453000645300078
0.0006453000645300078
0.0006453000645300078
0.00021519259737468044
0.00021519259737468044
0.0006453000645300078
0.00021519259737468044
0.00021519259737468044
0.00021519259737468044
0.0006453000645300078
0.000430292598967319
0.0006453000645300078
0.000430292598967319
0.000430292598967319
0.0006453000645300078
0.0006453000645300078
0.0006453000645300078
0.0006453000645300078
0.0006453000645300078
0.0006453000645300078
0.000430292598967319
0.0006453000645300078
0.00021519259737468044
0.0006453000645300078
0.0006453000645300078
0.0006453000645300078
0.00021519259737468044
0.0006453000645300078
0.0006453000645300078
0.0006453000645300078
0.000430292598967319
0.000430292598967319
0.000430292598967319
0.000430292598967319
0.000430292598967319
0.0006453000645300078
0.0006453000645300078
0.0006453000645300078
0.000430292598967319
0.0006453000645300078
0.000430292598967319
0.0006453000645300078
0.0006453000645300078
0.0006453000645300078
0.000430292598967319
0.000430292598967319
0.000430292598967319
0.000430292598967319
0.0006453000645300078
0.00021519259737468044
0.00021519259737468044
0.000967429861335023
0.0006453000645300078
0.0006453000645300078
0.0009680542110358514
0.000430292598967319
0.000430292598967319
0.000430292598967319
0.00021519259737468044
0.0010952902519167917
0.00032247662044504466
0.00032247662044504466
0.0003228931223765441
0.0003228931223765441
0.00021519259737468044
0.00021519259737468044
0.00044822949350065144
0.00032247662044504466
0.00032247662044504466
0.00014945449110748132
0.0010952902519167917
9.31358852566122e-05
0.0005549389567147678
0.0005549389567147678
0.00021519259737468044
0.00021519259737468044
0.0003228931223765441
0.0006455777921239303
0.000430292598967319
0.00032247662044504466
0.00032247662044504466
0.00032247662044504466
0.0005549389567147678
0.00027770063871146444
0.0001862544235425867
0.0005552470849528035
0.0001550628004342025
0.00014945449110748132
0.00014945449110748132
0.00032144005143042165
0.0006453000645300078
0.00021519259737468044
0.00032268473701191347
0.0010822510822511289
0.0005549389567147678
0.0005549389567147678
0.0005549389567147678
0.0005549389567147678
0.0005549389567147678
0.0005549389567147678
0.0005549389567147678
0.0005549389567147678
0.0005549389567147678
0.0005549389567147678
0.0005549389567147678
0.0005549389567147678
0.0005549389567147678
0.0005549389567147678
0.0005549389567147678
0.0005549389567147678
0.0005549389567147678
0.0005549389567147678
0.0008321775312066793
0.0005549389567147678
0.0001550628004342025
0.0001550628004342025
0.0005549389567147678
0.0005549389567147678
0.0005549389567147678
0.0008321775312066793
0.0008321775312066793
0.0005549389567147678
0.0005549389567147678
0.0008321775312066793
0.0001550628004342025
0.0005549389567147678
0.0005549389567147678
0.0005549389567147678
0.00031007751937983663
0.0008321775312066793
0.0005549389567147678
0.0005549389567147678
0.0005549389567147678
0.0005549389567147678
0.0008321775312066793
0.0005549389567147678
0.0005549389567147678
0.0005549389567147678
0.0008321775312066793
0.0005549389567147678
0.0005549389567147678
0.0005549389567147678
0.0005549389567147678
0.0005549389567147678
0.0005549389567147678
0.0008321775312066793
0.0008321775312066793
0.0008321775312066793
0.0008321775312066793
0.0005549389567147678
0.0008321775312066793
0.0008321775312066793
0.0008321775312066793
0.0005549389567147678
0.0008321775312066793
0.0008321775312066793
0.0008321775312066793
0.00031007751937983663
0.00032268473701191347
0.00021519259737468044
0.00021519259737468044
0.00032268473701191347
0.0006455777921239303
0.00021519259737468044
0.000430292598967319
0.0006453000645300078
0.00014945449110748132
0.0001550628004342025
0.001094091903719896
0.0001550628004342025
0.0006453000645300078
0.000430292598967319
0.00044822949350065144
0.00044822949350065144
0.0006453000645300078
0.00021519259737468044
0.00036859565057134613
0.0006455777921239303
0.000430292598967319
0.000430292598967319
0.000430292598967319
0.000430292598967319
0.000430292598967319
0.000430292598967319
0.000430292598967319
0.000430292598967319
0.000430292598967319
0.0002988643156006665
0.00021519259737468044
0.000430292598967319
0.000430292598967319
0.000430292598967319
0.000430292598967319
0.000430292598967319
0.0006453000645300078
0.0006453000645300078
0.0006453000645300078
0.0006453000645300078
0.00021519259737468044
0.00021519259737468044
0.0006453000645300078
0.00021519259737468044
0.00021519259737468044
0.0006453000645300078
0.0006453000645300078
0.0006453000645300078
-1.0
0.00021519259737468044
0.0006453000645300078
0.000430292598967319
0.0006453000645300078
0.0006453000645300078
0.00021519259737468044
0.0006453000645300078
0.0006453000645300078
0.0006453000645300078
0.00021519259737468044
0.000430292598967319
0.0006453000645300078
0.000430292598967319
0.000430292598967319
0.0006453000645300078
0.000430292598967319
0.000430292598967319
0.000430292598967319
0.000430292598967319
0.00021519259737468044
0.00021519259737468044
0.000430292598967319
0.000430292598967319
0.00021519259737468044
0.0006453000645300078
0.000430292598967319
0.0006453000645300078
0.000430292598967319
0.00021519259737468044
0.0006447453255964408
0.0009680542110358514
0.0009680542110358514
0.0006453000645300078
0.0006453000645300078
0.0006453000645300078
0.0006453000645300078
0.00044822949350065144
0.00021519259737468044
0.0006453000645300078
0.0003228931223765441
0.00032247662044504466
0.00032247662044504466
0.0005552470849528035
0.0006453000645300078
0.0005549389567147678
0.000430292598967319
0.0003228931223765441
0.0006453000645300078
0.000430292598967319
0.000430292598967319
0.00021519259737468044
0.0005549389567147678
0.0006453000645300078
0.0006455777921239303
0.0005549389567147678
0.00021519259737468044
0.0006453000645300078
0.000430292598967319
0.000430292598967319
0.000430292598967319
0.00021519259737468044
0.00021519259737468044
0.000430292598967319
1.0
0.00032144005143042165
0.00036859565057134613
0.00021519259737468044
0.00044822949350065144
0.00032144005143042165
0.00021519259737468044
0.00021519259737468044
0.0006455777921239303
0.0005549389567147678
0.000430292598967319
0.00032247662044504466
0.0006447453255964408
0.00032247662044504466
0.0006447453255964408
0.0008321775312066793
0.00032268473701191347
0.0006455777921239303
0.00032247662044504466
0.00021519259737468044
0.00021519259737468044
0.00031007751937983663
0.000430292598967319
0.0009680542110358514
0.0006455777921239303
0.0006455777921239303
0.0009680542110358514
0.0005549389567147678
0.00044822949350065144
0.00021519259737468044
0.0009680542110358514
0.0006455777921239303
0.00032247662044504466
0.000430292598967319
0.00044822949350065144
0.00021519259737468044
0.00021519259737468044
0.00021519259737468044
0.00021519259737468044
0.0003228931223765441
0.00032144005143042165
0.0006426735218508783
0.00032144005143042165
0.00032144005143042165
0.000430292598967319
0.0005549389567147678
0.00021519259737468044
0.000430292598967319
0.00021519259737468044
0.0006426735218508783
0.0006426735218508783
0.00032144005143042165
0.00032144005143042165
0.00032144005143042165
0.00032144005143042165
0.00032144005143042165
0.00032144005143042165
0.0006453000645300078
0.0003228931223765441
0.000645161290322549
0.00032144005143042165
0.0005549389567147678
0.0006453000645300078
0.00021519259737468044
0.00032268473701191347
0.00036859565057134613
0.00021519259737468044
0.0006447453255964408
0.0005549389567147678
0.0005549389567147678
0.0005549389567147678
0.00021519259737468044
0.0009680542110358514
0.0001862544235425867
0.00032247662044504466
0.0002988643156006665
8.972633467918545e-05
0.0006453000645300078
0.0006447453255964408
0.0010952902519167917
0.0006453000645300078
0.00021519259737468044
0.0006455777921239303
0.000430292598967319
0.000430292598967319
0.00021519259737468044
0.00032247662044504466
0.00021519259737468044
0.00021519259737468044
0.0005549389567147678
0.0006453000645300078
0.000430292598967319
0.0006453000645300078
0.0009668063164679497
0.0005549389567147678
0.0005549389567147678
0.00032247662044504466
0.0006447453255964408
0.00021519259737468044
0.00021519259737468044
0.0006447453255964408
0.00021519259737468044
0.0006447453255964408
0.00021519259737468044
0.0005552470849528035
0.0005549389567147678
0.000430292598967319
0.00021519259737468044
0.0005549389567147678
0.00021519259737468044
0.00031007751937983663
0.0008321775312066793
0.00014945449110748132
0.0003228931223765441
0.0002988643156006665
0.0005552470849528035
0.00021729682746629564
0.0005527915975677145
0.0006426735218508783
0.00014945449110748132
0.00014945449110748132
0.00014945449110748132
0.00014945449110748132
0.00014945449110748132
0.00014945449110748132
0.00014945449110748132
0.00032144005143042165
0.00021519259737468044
0.0002988643156006665
0.0002988643156006665
0.0005549389567147678
0.00021729682746629564
0.00036859565057134613
0.00021519259737468044
0.0006453000645300078
0.0008321775312066793
0.00036859565057134613
0.00014945449110748132
0.00014945449110748132
0.00014945449110748132
0.00014945449110748132
0.000430292598967319
0.00014945449110748132
0.00031007751937983663
0.0001550628004342025
0.0001550628004342025
0.0005549389567147678
0.0001550628004342025
0.0001550628004342025
0.00031007751937983663
0.00017683465959328348
0.0001550628004342025
0.0001550628004342025
0.00031007751937983663
0.00036859565057134613
0.00014945449110748132
0.0002988643156006665
0.00021519259737468044
0.00021519259737468044
0.00021519259737468044
0.0006453000645300078
0.00031007751937983663
0.00021519259737468044
0.00021519259737468044
0.00021519259737468044
0.00021519259737468044
0.00044822949350065144
0.0008321775312066793
0.0002988643156006665
0.00021519259737468044
0.00014945449110748132
0.00027754648903688395
0.0005552470849528035
0.00014945449110748132
0.00031007751937983663
0.0008326394671107629
0.0005552470849528035
0.0001551109042965404
0.00021519259737468044
0.00021519259737468044
0.0008321775312066793
0.0009680542110358514
0.00021519259737468044
0.0008326394671107629
0.00021519259737468044
0.00031007751937983663
0.0008326394671107629
0.0008321775312066793
0.0008321775312066793
0.0005552470849528035
0.0005552470849528035
0.0005552470849528035
0.000430292598967319
0.0005552470849528035
0.0005552470849528035
0.0008326394671107629
0.0005552470849528035
0.000430292598967319
0.0001550628004342025
0.00031007751937983663
0.0005552470849528035
0.0003228931223765441
0.00021519259737468044
0.0005549389567147678
0.0003228931223765441
0.0005479452054794054
0.0010952902519167917
0.0005552470849528035
0.0005552470849528035
0.0005552470849528035
0.0005552470849528035
0.0005552470849528035
0.0005552470849528035
0.0005552470849528035
0.0005552470849528035
0.0005552470849528035
0.0005552470849528035
0.0005552470849528035
0.0005552470849528035
0.0005552470849528035
0.0001550628004342025
0.0001550628004342025
0.0005552470849528035
0.0006455777921239303
0.0005552470849528035
0.0005552470849528035
0.0005549389567147678
0.0005552470849528035
0.0005549389567147678
0.0008321775312066793
0.0008326394671107629
0.0005552470849528035
0.0005549389567147678
0.00021519259737468044
0.00031007751937983663
0.00031007751937983663
0.000430292598967319
0.0006455777921239303
0.0006455777921239303
0.0006455777921239303
0.0006455777921239303
0.0006455777921239303
0.0005549389567147678
0.0009680542110358514
0.00031007751937983663
0.0003228931223765441
0.0006455777921239303
0.0006455777921239303
0.000430292598967319
0.0002988643156006665
0.0006455777921239303
0.0006426735218508783
0.0006426735218508783
0.000430292598967319
0.0002988643156006665
0.0006426735218508783
0.0006426735218508783
0.0006426735218508783
0.0006426735218508783
0.0006426735218508783
0.0006426735218508783
0.0006455777921239303
0.0006455777921239303
0.0006426735218508783
0.0002988643156006665
0.0006426735218508783
0.000430292598967319
0.0002988643156006665
0.0002988643156006665
0.000430292598967319
0.0002988643156006665
0.0006426735218508783
0.0006455777921239303
0.0006426735218508783
0.00044822949350065144
0.000430292598967319
0.000430292598967319
0.0008326394671107629
0.00021519259737468044
0.000430292598967319
0.000430292598967319
0.000430292598967319
0.000430292598967319
0.000430292598967319
0.00014945449110748132
0.0002988643156006665
0.000645161290322549
0.00032144005143042165
0.0006455777921239303
0.0002988643156006665
0.0006455777921239303
0.0002988643156006665
0.000430292598967319
0.0005552470849528035
0.0006426735218508783
0.0006426735218508783
0.0005552470849528035
0.0006426735218508783
0.0002988643156006665
0.00032144005143042165
0.0006426735218508783
0.0001550628004342025
0.00032144005143042165
0.0009680542110358514
0.000430292598967319
0.000430292598967319
0.0005552470849528035
0.00014945449110748132
0.000430292598967319
0.0006455777921239303
0.0005552470849528035
0.0009680542110358514
0.0006455777921239303
0.0003228931223765441
0.00032144005143042165
0.000645161290322549
0.00021519259737468044
0.0006426735218508783
0.00021519259737468044
0.00021519259737468044
0.00032144005143042165
0.0009680542110358514
0.000430292598967319
0.000430292598967319
0.0006426735218508783
0.00032144005143042165
0.0009680542110358514
0.000430292598967319
0.0006426735218508783
0.00027754648903688395
0.00027754648903688395
0.00021519259737468044
0.0006447453255964408
0.00032144005143042165
0.0005552470849528035
0.0006453000645300078
0.0006453000645300078
0.0006453000645300078
0.0006453000645300078
0.0009668063164679497
0.00032268473701191347
0.00032268473701191347
0.00032268473701191347
0.00032268473701191347
0.00032268473701191347
0.00032268473701191347
0.00032268473701191347
0.00032268473701191347
0.00032268473701191347
0.00032268473701191347
0.00032268473701191347
0.00032268473701191347
0.00032268473701191347
0.000645161290322549
0.000645161290322549
0.000645161290322549
0.00032268473701191347
0.00032268473701191347
0.00032268473701191347
0.00032268473701191347
0.000967429861335023
0.00032268473701191347
0.00032268473701191347
0.000430292598967319
0.0003228931223765441
0.00032268473701191347
0.00032144005143042165
0.000430292598967319
0.00032268473701191347
0.0002988643156006665
0.00021519259737468044
0.00021519259737468044
0.00021519259737468044
0.0006453000645300078
0.00043010752688177334
0.000430292598967319
0.00043010752688177334
0.000430292598967319
0.000430292598967319
0.000430292598967319
0.000430292598967319
0.000430292598967319
0.000430292598967319
0.000430292598967319
0.000430292598967319
0.000430292598967319
0.000430292598967319
0.000430292598967319
0.000430292598967319
0.000430292598967319
0.00021519259737468044
0.00021519259737468044
0.00021519259737468044
0.00021519259737468044
0.00021519259737468044
0.00021519259737468044
0.00021519259737468044
0.00021519259737468044
0.00021519259737468044
0.00021519259737468044
0.00021519259737468044
0.00021519259737468044
0.00021519259737468044
0.00021519259737468044
0.00021519259737468044
0.00021519259737468044
0.00021519259737468044
0.00021519259737468044
0.00021519259737468044
0.00021519259737468044
0.00021519259737468044
0.00021519259737468044
0.00021519259737468044
0.00021519259737468044
0.00021519259737468044
0.00021519259737468044
0.00021519259737468044
0.00021519259737468044
0.00021519259737468044
0.00021519259737468044
0.00021519259737468044
0.00021519259737468044
0.00021519259737468044
0.00021519259737468044
0.00021519259737468044
0.00021519259737468044
0.00021519259737468044
0.00021519259737468044
0.00021519259737468044
0.0006453000645300078
0.0006453000645300078
0.0006453000645300078
0.0006453000645300078
0.0006453000645300078
0.0006453000645300078
0.00021519259737468044
0.00021519259737468044
0.00021519259737468044
0.00021519259737468044
0.00021519259737468044
0.00021519259737468044
0.00021519259737468044
0.00021519259737468044
0.00021519259737468044
0.00021519259737468044
0.00021519259737468044
0.00021519259737468044
0.00021519259737468044
0.00021519259737468044
0.00021519259737468044
0.00021519259737468044
0.00021519259737468044
0.00021519259737468044
0.00021519259737468044
0.00021519259737468044
0.00021519259737468044
0.00021519259737468044
0.00021519259737468044
0.00021519259737468044
0.00021519259737468044
0.00021519259737468044
0.00021519259737468044
0.00021519259737468044
0.00021519259737468044
0.00021519259737468044
0.00021519259737468044
0.00021519259737468044
0.00021519259737468044
0.00021519259737468044
0.00021519259737468044
0.00021519259737468044
0.00021519259737468044
0.00021519259737468044
0.00021519259737468044
0.00021519259737468044
0.00021519259737468044
0.00021519259737468044
0.00021519259737468044
0.00021519259737468044
0.00021519259737468044
0.00021519259737468044
0.00021519259737468044
0.000430292598967319
0.00021519259737468044
1.0
0.00021519259737468044
0.00021519259737468044
0.00021519259737468044
0.000430292598967319
0.000430292598967319
0.000430292598967319
0.000430292598967319
0.000430292598967319
0.00021519259737468044
0.00021519259737468044
0.0006453000645300078
0.000430292598967319
0.000430292598967319
0.000430292598967319
0.000430292598967319
0.000430292598967319
0.000430292598967319
0.000430292598967319
0.000430292598967319
0.00021519259737468044
0.00021519259737468044
0.000430292598967319
0.00021519259737468044
0.00021519259737468044
0.00021519259737468044
0.00021519259737468044
0.00021519259737468044
0.00021519259737468044
0.00021519259737468044
0.00021519259737468044
0.00021519259737468044
0.00021519259737468044
0.00021519259737468044
0.000430292598967319
0.00021519259737468044
0.00021519259737468044
0.000430292598967319
0.000430292598967319
0.000430292598967319
0.000430292598967319
0.000430292598967319
0.000430292598967319
0.000430292598967319
0.000430292598967319
0.000430292598967319
0.00021519259737468044
0.000430292598967319
0.00021519259737468044
0.00021519259737468044
0.00021519259737468044
0.00021519259737468044
0.00021519259737468044
0.00021519259737468044
0.00021519259737468044
0.00021519259737468044
0.00021519259737468044
0.00021519259737468044
0.00021519259737468044
0.00021519259737468044
0.00021519259737468044
0.00021519259737468044
0.00021519259737468044
0.00021519259737468044
0.00021519259737468044
0.00021519259737468044
0.00021519259737468044
0.00021519259737468044
0.00021519259737468044
0.00021519259737468044
0.0006453000645300078
0.00021519259737468044
0.00021519259737468044
0.00021519259737468044
0.000430292598967319
0.00021519259737468044
0.00021519259737468044
0.00021519259737468044
0.00021519259737468044
0.00021519259737468044
0.000430292598967319
0.000430292598967319
0.00021519259737468044
0.00021519259737468044
0.00021519259737468044
0.00021519259737468044
0.0005549389567147678
0.00021519259737468044
0.00021519259737468044
0.0006453000645300078
0.0006453000645300078
0.00021519259737468044
0.0006453000645300078
0.0006453000645300078
0.0006453000645300078
0.0006453000645300078
0.00027754648903688395
0.00021519259737468044
0.00021519259737468044
0.0006455777921239303
0.000430292598967319
0.0009637006103436763
0.0005552470849528035
0.000430292598967319
0.0006453000645300078
0.0005552470849528035
0.0008321775312066793
0.0008321775312066793
0.0008321775312066793
0.0008321775312066793
0.000430292598967319
0.0005549389567147678
