0.00044802867383508804
0.0006459948320413078
0.06907894736842102
0.00013666803334699829
0.0
0.06907894736842102
0.0
0.0
0.00089565606806985
0.00010314595152138839
0.00089565606806985
0.00089565606806985
0.0002621231979029748
0.00089565606806985
0.00089565606806985
0.00026441036488633607
0.0002621231979029748
0.0002617115938235992
0.0002617115938235992
0.0002617115938235992
0.0002617115938235992
0.0005232862375719183
0.00026427061310785316
0.00089565606806985
0.00026448029621795044
0.00026441036488633607
0.0002621231979029748
0.0002621231979029748
0.0002617115938235992
0.0002617115938235992
0.0002951593860684998
0.00089565606806985
0.0001295840352468769
0.0012911555842478606
0.0002974419988102106
0.0002974419988102106
0.0012911555842478606
0.0002936857562407802
0.00029403116730375434
0.0002952465308532215
0.0002951593860684998
0.00029403116730375434
0.0002936857562407802
0.0002971768202080227
0.0005943536404160454
0.0012911555842478606
0.0002975304968759751
0.0002975304968759751
0.0002974419988102106
0.0012911555842478606
0.0005288207297725611
0.0002975304968759751
0.0008873114463177068
0.0002617115938235992
0.00029726516052319685
0.0002617115938235992
0.00026448029621795044
0.0005901445854233911
0.0
0.0
0.00026448029621795044
0.00026427061310785316
0.0002617115938235992
0.0002621231979029748
0.0002621231979029748
0.0
0.0002971768202080227
0.0
0.0
0.00026441036488633607
0.0008944543828264262
0.0002621231979029748
0.0002617115938235992
0.00026448029621795044
0.0004474272930649059
0.0002975304968759751
0.00030385900941964916
0.0
0.00089565606806985
0.00031999999999998696
0.00026448029621795044
0.0002975304968759751
0.0
0.0007468259895444529
0.00014050864128145601
0.0002936857562407802
0.00029726516052319685
0.0
0.0
0.0
0.00029403116730375434
0.0
0.0
0.0003022061045633295
0.0
0.046651856553475035
0.0
0.0002952465308532215
0.0
0.0005901445854233911
0.0
0.0
0.0
0.0
0.0
