0.015151515151515138
0.0
0.007633587786259555
0.007633587786259555
0.0
0.0
0.0
0.007633587786259555
0.007633587786259555
0.015151515151515138
0.015151515151515138
0.007633587786259555
0.007633587786259555
0.007633587786259555
0.007633587786259555
0.007633587786259555
0.007633587786259555
0.007633587786259555
0.007633587786259555
0.0
0.015151515151515138
0.007633587786259555
0.007633587786259555
0.007518796992481258
0.007633587786259555
0.007633587786259555
0.007633587786259555
0.015151515151515138
0.0
0.0
1.0
0.007633587786259555
0.0
0.0
0.0
0.0
0.014925373134328401
0.014925373134328401
0.007633587786259555
0.015151515151515138
0.015151515151515138
0.0
0.007633587786259555
0.007633587786259555
0.0
0.007633587786259555
0.007633587786259555
0.007633587786259555
0.007633587786259555
0.007633587786259555
0.007633587786259555
0.007633587786259555
0.007633587786259555
0.007633587786259555
0.007633587786259555
0.007633587786259555
0.015151515151515138
0.015151515151515138
0.007633587786259555
0.007633587786259555
0.007633587786259555
0.007633587786259555
0.007633587786259555
0.007633587786259555
0.007633587786259555
0.007633587786259555
0.0025188916876573986
0.007633587786259555
0.007633587786259555
0.007633587786259555
0.015151515151515138
0.007633587786259555
0.007633587786259555
0.007633587786259555
0.007633587786259555
0.007633587786259555
0.007633587786259555
0.007633587786259555
0.007633587786259555
0.007633587786259555
0.0
0.0
0.0
0.0
0.0
0.015151515151515138
0.007633587786259555
0.0
0.0
0.0
0.0
0.0
0.0
0.0
0.0
0.0
0.007633587786259555
0.015151515151515138
0.015151515151515138
0.015151515151515138
0.015151515151515138
0.015151515151515138
0.015151515151515138
0.0
0.0
0.0
0.007633587786259555
0.0
0.0
0.007633587786259555
0.0
0.0
0.0
0.0
0.007633587786259555
0.007633587786259555
0.007633587786259555
0.007633587786259555
0.007633587786259555
0.007633587786259555
0.007633587786259555
0.007633587786259555
0.007633587786259555
0.007633587786259555
0.0
