0.0
0.004464285714285698
1.0
-1.0
-1.0
0.16666666666666663
0.007575757575757569
0.050000000000000044
0.0
0.08333333333333337
0.0
0.045454545454545414
0.0
0.014705882352941124
0.0
0.0
0.0
0.0
0.0
-1.0
0.16666666666666663
0.013157894736842146
0.0
0.0
0.0023529411764705577
0.3221476510067114
0.25
0.011904761904761862
0.007575757575757569
0.16666666666666663
0.0
0.0
0.0
0.0
0.0
0.0
0.0
0.0
0.0
-1.0
0.007194244604316502
0.23121387283236994
0.01526717557251911
0.012195121951219523
0.01526717557251911
