0.28881822999470064
0.29780564263322884
0.2952346174913274
0.25178486435030933
0.2998500749625187
0.25142857142857145
0.28790279978869515
0.30011240164855746
0.30011240164855746
0.28759894459102897
0.25142857142857145
0.25142857142857145
0.31443394478413933
0.3110512129380054
0.32261306532663314
0.29467541940189645
0.25142857142857145
0.3110512129380054
0.3110512129380054
0.3110512129380054
0.33015340982338537
0.2875264270613108
0.32227249874308694
0.30011240164855746
0.30011240164855746
0.33122665900603276
0.30011240164855746
0.30011240164855746
0.30011240164855746
0.25142857142857145
0.2894317578332448
0.25142857142857145
0.25178486435030933
0.32193158953722334
0.32227249874308694
0.25142857142857145
0.31456043956043955
0.25142857142857145
0.25142857142857145
0.25178486435030933
0.25142857142857145
0.25178486435030933
0.32227249874308694
0.29935851746258013
0.2998500749625187
0.29935851746258013
0.29948334224122575
0.29948334224122575
0.2952346174913274
0.29348722176422093
0.2998876825159117
0.32227249874308694
0.32193158953722334
0.29363280445085516
0.2933909820877084
0.29948334224122575
0.32193158953722334
0.25178486435030933
0.32227249874308694
0.29467541940189645
0.25142857142857145
0.32227249874308694
0.32193158953722334
1.0
0.2952346174913274
0.5039198046523583
0.3278360819590205
0.3278360819590205
0.5039835517861733
