0.0
0.0005910165484633856
0.0
0.0010040160642570406
0.0
0.0008460236886632666
0.000508130081300795
0.000508130081300795
0.0012515644555695093
0.0
0.0
0.0003221649484536071
0.0
0.0
0.0
0.0
0.0
0.0
0.0
0.0005966587112171684
0.000508130081300795
0.000508130081300795
0.000508130081300795
0.000508130081300795
0.000508130081300795
0.0
0.0005934718100890635
0.0
0.0012531328320801727
0.016845329249617125
0.01834862385321101
0.0
0.0
0.013801756587201952
0.015037593984962405
0.013801756587201952
0.0
0.01834862385321101
0.0
0.0
0.0
0.0005165289256198191
0.0
0.0005178663904712444
0.0
0.016845329249617125
0.016845329249617125
0.0005165289256198191
0.016845329249617125
0.0
0.016845329249617125
0.0
0.0
0.01834862385321101
0.0
0.0
0.0
0.0
0.0
0.0005178663904712444
