0.0
0.0
0.0
0.0
0.0
0.0
0.02709568162574094
1.0
0.006637168141592875
0.013610888710968827
0.013610888710968827
0.012820512820512775
0.013610888710968827
0.012820512820512775
0.012820512820512775
0.011125654450261813
0.013610888710968827
0.012820512820512775
0.01047806155861164
0.013610888710968827
0.012820512820512775
0.012820512820512775
0.013610888710968827
0.01047806155861164
0.01883830455259028
0.012820512820512775
0.012820512820512775
0.012820512820512775
0.012820512820512775
0.012820512820512775
0.01047806155861164
0.0
0.0
0.013610888710968827
-1.0
0.012820512820512775
0.015315890236120011
0.0009652509652510188
1.0
0.012820512820512775
0.012820512820512775
0.012820512820512775
0.012820512820512775
0.0
0.012820512820512775
0.013610888710968827
