1.0
0.021161150298426468
0.07014388489208634
0.06902654867256641
0.06351351351351353
0.06902654867256641
0.04775900073475381
-1.0
0.05104712041884818
-1.0
1.0
-1.0
0.06666666666666665
0.09037037037037032
0.07851851851851854
1.0
-1.0
-1.0
1.0
1.0
0.07259259259259254
0.06627393225331368
-1.0
-1.0
-1.0
0.07851851851851854
-1.0
-1.0
-1.0
0.07259259259259254
-1.0
0.06976744186046513
0.06976744186046513
-1.0
-1.0
0.07596899224806197
-1.0
0.0792580101180439
-1.0
0.0638930163447251
-1.0
-1.0
-1.0
0.06339468302658491
1.0
-1.0
