0.0
0.0
0.0
0.0
0.0
0.0
0.0
0.0
0.0
0.0
0.0
0.0
0.0
0.008064516129032251
0.0
0.0
0.0
0.0
0.0
0.0
0.0
0.004048582995951455
0.0
0.0
0.0
0.0
0.0
0.0
0.0
0.0
0.0
0.0
0.0
0.0
0.0
0.0
0.004566210045662156
0.0
0.0
0.0
0.0
0.0
0.0092592592592593
0.0
0.008130081300813052
0.0
0.0
0.0
0.0
0.009090909090909038
0.0
0.0
0.0
0.0
0.0
0.0
0.0
0.0
0.0
0.0
0.0
0.0
0.0
0.0
0.0
0.0
0.0
0.0
0.002739726027397249
0.0
0.0
0.0
0.0
0.0046511627906976605
0.0
0.0
0.0
0.0
0.0
0.0
0.0
0.0
0.0
0.0
0.0
0.0
0.0
0.0
0.0092592592592593
0.0
0.0
0.0046511627906976605
0.0
0.0046511627906976605
