1.0
0.02062975027144409
0.06846846846846844
0.06737588652482274
0.06351351351351353
0.06902654867256641
0.04705882352941182
-1.0
0.05104712041884818
-1.0
1.0
-1.0
0.0638930163447251
0.08630952380952384
0.07440476190476186
1.0
-1.0
-1.0
1.0
1.0
0.06845238095238093
0.062130177514792884
-1.0
-1.0
-1.0
0.0771513353115727
-1.0
-1.0
-1.0
0.07121661721068251
-1.0
0.06976744186046513
0.06810035842293904
-1.0
-1.0
0.07165109034267914
-1.0
0.0792580101180439
-1.0
0.0625
-1.0
-1.0
-1.0
0.06275579809004095
1.0
-1.0
