0.008183306055646433
-1.0
-1.0
-1.0
0.00013053126223727674
1.0
0.0002610284521012973
0.0002610284521012973
0.016241299303944357
1.0
-1.0
0.0001508523155830943
0.00029299736302368373
-1.0
-1.0
0.0
0.0
0.0
0.007827788649706457
0.0001508523155830943
0.0002610284521012973
0.00026267402153923314
0.00013053126223727674
0.00013053126223727674
0.00013053126223727674
-1.0
0.008392298831660372
-1.0
0.0006485084306095956
1.0
0.4235528942115768
0.0
-1.0
1.0
-1.0
-1.0
-1.0
1.0
-1.0
0.0
-1.0
-1.0
-1.0
-1.0
-1.0
0.00014999250037495138
0.4235989142583426
1.0
-1.0
1.0
1.0
1.0
-1.0
-1.0
1.0
-1.0
-1.0
-1.0
-1.0
