0.0004302925989672978
0.0004302925989672978
0.0004302925989672978
0.0008602150537634409
0.0012897678417884782
0.0012897678417884782
0.0004302925989672978
0.0004302925989672978
0.0004302925989672978
0.0004302925989672978
0.0004302925989672978
0.0004302925989672978
0.0004302925989672978
0.0004302925989672978
0.0004302925989672978
0.0008602150537634409
0.0012897678417884782
0.0004302925989672978
0.0004302925989672978
0.0008602150537634409
0.0004302925989672978
0.0004302925989672978
0.0004302925989672978
0.0004302925989672978
0.0004302925989672978
0.0004302925989672978
0.0004302925989672978
0.0004302925989672978
0.0004302925989672978
0.0004302925989672978
0.0004302925989672978
0.0004302925989672978
0.0004302925989672978
0.0004302925989672978
0.0004302925989672978
0.0004302925989672978
0.0004302925989672978
0.0004302925989672978
0.0004302925989672978
0.0004302925989672978
0.0004302925989672978
0.0004302925989672978
0.0004302925989672978
0.0004302925989672978
0.0004302925989672978
0.0004302925989672978
0.0004302925989672978
0.0004302925989672978
0.0004302925989672978
0.0004302925989672978
0.0004302925989672978
0.0004302925989672978
0.0004302925989672978
0.0004302925989672978
0.0004302925989672978
0.0004302925989672978
0.0004302925989672978
0.0004302925989672978
0.0004302925989672978
0.0004302925989672978
0.0004302925989672978
0.0004302925989672978
0.0004302925989672978
0.0004302925989672978
0.0004302925989672978
0.0004302925989672978
0.0004302925989672978
0.0004302925989672978
0.0004302925989672978
0.0004302925989672978
0.0004302925989672978
0.0004302925989672978
0.0004302925989672978
0.0004302925989672978
0.0004302925989672978
0.0004302925989672978
0.0004302925989672978
0.0004302925989672978
0.0004302925989672978
0.0004302925989672978
0.0004302925989672978
0.0008602150537634409
0.0008602150537634409
0.0012894906511927789
0.0008602150537634409
0.0008602150537634409
0.0008602150537634409
0.0008602150537634409
0.0008602150537634409
0.0008602150537634409
0.0008602150537634409
0.0008602150537634409
1.0
0.0008602150537634409
0.0008602150537634409
0.0008602150537634409
0.0008602150537634409
0.0008602150537634409
0.0008602150537634409
0.0008602150537634409
0.0008602150537634409
0.0008602150537634409
0.0008602150537634409
0.0008602150537634409
0.0008602150537634409
0.0008602150537634409
0.0008602150537634409
0.0008602150537634409
0.0008602150537634409
0.0008602150537634409
0.0008602150537634409
0.0008602150537634409
0.0008598452278589854
0.0008598452278589854
0.0008602150537634409
0.0008602150537634409
0.0008602150537634409
0.0008602150537634409
0.0008602150537634409
0.0004302925989672978
0.0004302925989672978
0.0004302925989672978
0.0004302925989672978
0.0004302925989672978
0.0004302925989672978
0.0004302925989672978
0.0004302925989672978
0.0004302925989672978
0.0006455777921239509
0.0008602150537634409
0.0004302925989672978
0.0004302925989672978
0.0004302925989672978
0.0004302925989672978
0.0004302925989672978
0.0004302925989672978
0.0004302925989672978
0.0004302925989672978
0.0004302925989672978
0.0004302925989672978
0.0004302925989672978
0.0004302925989672978
0.0008602150537634409
0.0004302925989672978
0.0004302925989672978
0.0008602150537634409
0.0008602150537634409
0.0004302925989672978
0.0004302925989672978
0.0004302925989672978
0.0004302925989672978
0.0006426735218508997
0.0012903225806451613
0.0008602150537634409
0.0006451612903225806
0.0019342359767891683
0.0005549389567147614
0.0006199628022318661
0.0016638935108153079
0.0004302925989672978
0.0019317450096587251
0.0004302925989672978
0.0004302925989672978
0.0008602150537634409
0.0006455777921239509
0.0006199628022318661
0.0016638935108153079
0.0006199628022318661
0.0019342359767891683
0.0006455777921239509
0.0012903225806451613
0.0006451612903225806
0.0006426735218508997
0.0006426735218508997
0.0006426735218508997
0.0004302925989672978
0.00029886431560071725
0.0008602150537634409
0.0008602150537634409
0.0004302925989672978
0.0006199628022318661
0.0003588087549336204
0.0006455777921239509
0.0006426735218508997
0.0019342359767891683
0.0019342359767891683
0.0004302925989672978
0.0008602150537634409
0.0016629711751662971
0.0016629711751662971
0.0007369196757553427
0.00043449923962633063
0.00017943656917279743
0.0003588087549336204
0.0011098779134295228
0.0019342359767891683
0.0006451612903225806
0.0006455777921239509
0.0006455777921239509
0.0006426735218508997
0.0006455777921239509
0.0012903225806451613
0.0004302925989672978
0.0008602150537634409
0.0006199628022318661
0.0006199628022318661
0.0019255455712451862
0.0016629711751662971
0.0016629711751662971
0.0008602150537634409
0.0016629711751662971
0.00017943656917279743
0.00017943656917279743
0.0004302925989672978
0.0016629711751662971
0.0016629711751662971
0.0016638935108153079
0.0012897678417884782
0.0016629711751662971
0.0009296560272699101
0.0004302925989672978
0.0006447453255963894
0.000310077519379845
0.0011092623405435386
0.002188183807439825
0.001095290251916758
0.0006199628022318661
0.0006199628022318661
0.000310077519379845
0.00043449923962633063
0.0006199628022318661
0.0006199628022318661
0.000310077519379845
0.0008960573476702509
0.0011092623405435386
0.0006455777921239509
0.000310077519379845
0.0006455777921239509
0.0006199628022318661
0.00029886431560071725
0.0011098779134295228
0.0011098779134295228
0.0011098779134295228
0.0011098779134295228
0.0011098779134295228
0.001095290251916758
0.0011098779134295228
0.000217296827466319
0.00031017369727047146
0.0011098779134295228
0.000310077519379845
0.0006447453255963894
0.0011098779134295228
0.002162162162162162
0.0016629711751662971
0.0011092623405435386
0.0005549389567147614
0.0011092623405435386
0.0005549389567147614
0.0011092623405435386
0.0011092623405435386
0.0011092623405435386
0.0005549389567147614
0.0011092623405435386
0.0005549389567147614
0.0005549389567147614
0.0005549389567147614
0.000310077519379845
0.002188183807439825
0.002188183807439825
0.0011098779134295228
0.001095290251916758
0.0006455777921239509
0.0004302925989672978
0.00029886431560071725
0.00029886431560071725
0.00029886431560071725
0.0006455777921239509
0.00029886431560071725
1.0
0.00029886431560071725
0.00029886431560071725
0.00029886431560071725
0.00029886431560071725
0.00029886431560071725
0.00029886431560071725
0.00029886431560071725
0.00029886431560071725
0.00029886431560071725
0.00029886431560071725
0.00029886431560071725
0.00029886431560071725
0.00029886431560071725
0.00029886431560071725
0.00029886431560071725
0.00029886431560071725
0.00029886431560071725
0.00029886431560071725
0.00029886431560071725
0.0005975500448162533
0.0008960573476702509
0.00029886431560071725
0.00029886431560071725
0.00029886431560071725
0.00029886431560071725
0.0006426735218508997
0.00029886431560071725
0.00029886431560071725
0.00029886431560071725
1.0
0.00029886431560071725
0.00029886431560071725
0.0006455777921239509
0.0006455777921239509
0.0006455777921239509
0.0006455777921239509
0.0006455777921239509
0.0006455777921239509
0.0006455777921239509
0.0006455777921239509
0.0006455777921239509
0.0006455777921239509
0.0006455777921239509
0.0006455777921239509
0.0006455777921239509
0.0006455777921239509
0.0006455777921239509
0.0006455777921239509
0.0006455777921239509
0.0006455777921239509
0.0006199628022318661
0.0006426735218508997
0.0006426735218508997
0.0006426735218508997
0.0006426735218508997
0.0006447453255963894
0.0006447453255963894
0.0006447453255963894
0.001288659793814433
0.0006447453255963894
0.0006447453255963894
0.0006447453255963894
0.0006447453255963894
0.0006447453255963894
0.0006447453255963894
0.0006447453255963894
0.0006447453255963894
0.0006447453255963894
0.0006447453255963894
0.0006447453255963894
0.0006447453255963894
0.0006447453255963894
0.0019317450096587251
0.0006447453255963894
0.0006447453255963894
0.0006447453255963894
0.0006447453255963894
0.0006447453255963894
0.0006447453255963894
0.001288659793814433
0.0006447453255963894
0.0006447453255963894
0.0006447453255963894
0.0006447453255963894
0.0006447453255963894
0.0006447453255963894
0.0006447453255963894
0.0006447453255963894
0.0006447453255963894
0.0006447453255963894
0.0006447453255963894
0.0006447453255963894
0.001288659793814433
0.0006426735218508997
0.0006447453255963894
0.0006447453255963894
0.0006447453255963894
0.0006447453255963894
0.0006447453255963894
0.0006447453255963894
0.0006447453255963894
0.0006447453255963894
0.0006447453255963894
0.0006447453255963894
0.0006447453255963894
0.0006447453255963894
0.0006447453255963894
0.0006447453255963894
0.0006455777921239509
0.0006455777921239509
0.0012903225806451613
0.0006455777921239509
0.0006455777921239509
0.0006455777921239509
0.0006455777921239509
0.0006455777921239509
0.0019317450096587251
0.0006447453255963894
0.0004302925989672978
0.0004302925989672978
0.0004302925989672978
0.0004302925989672978
0.0004302925989672978
0.0012897678417884782
0.00024260067928190198
0.0016638935108153079
0.0011092623405435386
0.0011092623405435386
0.0004302925989672978
0.0004302925989672978
0.0004302925989672978
0.0004302925989672978
0.0004302925989672978
0.0004302925989672978
0.0004302925989672978
0.0004302925989672978
0.0012897678417884782
0.0012897678417884782
0.0012897678417884782
0.0012897678417884782
0.0004302925989672978
0.0004302925989672978
0.0004302925989672978
0.0004302925989672978
0.0004302925989672978
0.0004302925989672978
0.0004302925989672978
0.0004302925989672978
0.0004302925989672978
0.0004302925989672978
0.0016638935108153079
0.00062015503875969
0.0005975500448162533
0.0005975500448162533
0.0005975500448162533
0.0006455777921239509
0.0005975500448162533
0.0005975500448162533
0.0005975500448162533
0.0005975500448162533
0.0005975500448162533
0.0005975500448162533
0.0005975500448162533
0.0006455777921239509
0.0006447453255963894
0.0006447453255963894
0.0006447453255963894
0.0006447453255963894
0.0006447453255963894
0.0006447453255963894
0.0006447453255963894
0.0006447453255963894
0.0006447453255963894
0.0006447453255963894
0.0006447453255963894
0.0006447453255963894
0.0006447453255963894
0.0006447453255963894
0.0006447453255963894
0.0019317450096587251
0.0019317450096587251
0.001288659793814433
0.0006447453255963894
0.0006447453255963894
0.001288659793814433
0.001288659793814433
0.0006447453255963894
0.0006447453255963894
0.0012903225806451613
0.0019317450096587251
0.0019317450096587251
0.0019317450096587251
0.0006447453255963894
0.0019317450096587251
0.002162162162162162
0.001288659793814433
0.0006447453255963894
0.0006447453255963894
0.0012894906511927789
0.002162162162162162
0.0011098779134295228
0.001095290251916758
0.0016638935108153079
0.00029886431560071725
0.0006447453255963894
0.0006447453255963894
0.0006447453255963894
0.0006447453255963894
0.0006447453255963894
0.0006447453255963894
0.00029886431560071725
0.00029886431560071725
0.0006447453255963894
0.00029886431560071725
0.0006455777921239509
0.0008960573476702509
0.0005975500448162533
0.0005975500448162533
0.0019329896907216496
0.0005975500448162533
0.00029886431560071725
0.00029886431560071725
0.00029886431560071725
0.00029886431560071725
0.00029886431560071725
0.00029886431560071725
0.00029886431560071725
0.00029886431560071725
0.0005975500448162533
0.0005975500448162533
0.00029886431560071725
0.00029886431560071725
0.00029886431560071725
0.0005975500448162533
0.0008960573476702509
0.0008960573476702509
0.0008960573476702509
1.0
0.0008960573476702509
0.0008960573476702509
0.00029886431560071725
0.0004302925989672978
0.0004302925989672978
0.0004302925989672978
0.0019342359767891683
0.0006455777921239509
0.0006455777921239509
0.0006455777921239509
0.0006455777921239509
0.0006455777921239509
0.0006455777921239509
0.0006455777921239509
0.0012897678417884782
0.000555247084952804
0.0011092623405435386
0.00037243947858472997
0.00037243947858472997
0.0011098779134295228
0.0003588087549336204
0.0010822510822510823
0.000310077519379845
0.0006455777921239509
0.0006455777921239509
0.0012903225806451613
0.0006455777921239509
0.0006455777921239509
0.0006447453255963894
0.0006455777921239509
0.0008960573476702509
0.0008960573476702509
0.0012903225806451613
0.0008960573476702509
0.0008960573476702509
0.0008960573476702509
0.0008960573476702509
0.0008960573476702509
0.0004302925989672978
0.0004302925989672978
0.0019342359767891683
0.0008960573476702509
0.00037243947858472997
0.0012897678417884782
0.0004302925989672978
0.0004302925989672978
0.0008602150537634409
1.0
0.0004302925989672978
0.0004302925989672978
0.0004302925989672978
0.00039502271380604387
0.0008602150537634409
0.0012897678417884782
0.0012897678417884782
0.0012897678417884782
0.0012897678417884782
0.0004302925989672978
0.0012897678417884782
0.0012897678417884782
0.0012897678417884782
0.0012897678417884782
0.0012897678417884782
0.0012897678417884782
0.0004302925989672978
0.0004302925989672978
0.0004302925989672978
0.0012897678417884782
0.0004302925989672978
0.0004302925989672978
0.0004302925989672978
0.0004302925989672978
0.0012897678417884782
0.0012897678417884782
0.0012897678417884782
0.0012897678417884782
0.0008602150537634409
0.0012897678417884782
0.0012897678417884782
0.0008602150537634409
0.0012897678417884782
0.0012897678417884782
0.0012897678417884782
0.0012897678417884782
0.0012897678417884782
0.0004302925989672978
0.0012897678417884782
0.0012897678417884782
0.0012897678417884782
0.0012897678417884782
0.0004302925989672978
0.0012897678417884782
0.0012897678417884782
0.0012897678417884782
0.0004302925989672978
0.0012897678417884782
0.0012897678417884782
0.0012897678417884782
0.0012897678417884782
0.0004302925989672978
0.0008602150537634409
0.0004302925989672978
0.0012897678417884782
0.0008602150537634409
0.0004302925989672978
0.0004302925989672978
0.0004302925989672978
0.0012897678417884782
0.0012897678417884782
0.0012897678417884782
0.0012897678417884782
0.0012897678417884782
0.00043010752688172043
0.0004302925989672978
0.0004302925989672978
0.0004302925989672978
0.0012897678417884782
0.0012897678417884782
0.0012897678417884782
0.0004302925989672978
0.0004302925989672978
0.0012897678417884782
0.0004302925989672978
0.0004302925989672978
0.0004302925989672978
0.0012897678417884782
0.0008602150537634409
0.0012897678417884782
0.0008602150537634409
0.0008602150537634409
0.0012897678417884782
0.0012897678417884782
0.0012897678417884782
0.0012897678417884782
0.0012897678417884782
0.0012897678417884782
0.0008602150537634409
0.0012897678417884782
0.0004302925989672978
0.0012897678417884782
0.0012897678417884782
0.0012897678417884782
0.0004302925989672978
0.0012897678417884782
0.0012897678417884782
0.0012897678417884782
0.0008602150537634409
0.0008602150537634409
0.0008602150537634409
0.0008602150537634409
0.0008602150537634409
0.0012897678417884782
0.0012897678417884782
0.0012897678417884782
0.0008602150537634409
0.0012897678417884782
0.0008602150537634409
0.0012897678417884782
0.0012897678417884782
0.0012897678417884782
0.0008602150537634409
0.0008602150537634409
0.0008602150537634409
0.0008602150537634409
0.0012897678417884782
0.0004302925989672978
0.0004302925989672978
0.0019329896907216496
0.0012897678417884782
0.0012897678417884782
0.0019342359767891683
0.0008602150537634409
0.0008602150537634409
0.0008602150537634409
0.0004302925989672978
0.002188183807439825
0.0006447453255963894
0.0006447453255963894
0.0006455777921239509
0.0006455777921239509
0.0004302925989672978
0.0004302925989672978
0.0008960573476702509
0.0006447453255963894
0.0006447453255963894
0.00029886431560071725
0.002188183807439825
0.00018625442354255913
0.0011092623405435386
0.0011092623405435386
0.0004302925989672978
0.0004302925989672978
0.0006455777921239509
0.0012903225806451613
0.0008602150537634409
0.0006447453255963894
0.0006447453255963894
0.0006447453255963894
0.0011092623405435386
0.000555247084952804
0.00037243947858472997
0.0011098779134295228
0.000310077519379845
0.00029886431560071725
0.00029886431560071725
0.0006426735218508997
0.0012897678417884782
0.0004302925989672978
0.0006451612903225806
0.002162162162162162
0.0011092623405435386
0.0011092623405435386
0.0011092623405435386
0.0011092623405435386
0.0011092623405435386
0.0011092623405435386
0.0011092623405435386
0.0011092623405435386
0.0011092623405435386
0.0011092623405435386
0.0011092623405435386
0.0011092623405435386
0.0011092623405435386
0.0011092623405435386
0.0011092623405435386
0.0011092623405435386
0.0011092623405435386
0.0011092623405435386
0.0016629711751662971
0.0011092623405435386
0.000310077519379845
0.000310077519379845
0.0011092623405435386
0.0011092623405435386
0.0011092623405435386
0.0016629711751662971
0.0016629711751662971
0.0011092623405435386
0.0011092623405435386
0.0016629711751662971
0.000310077519379845
0.0011092623405435386
0.0011092623405435386
0.0011092623405435386
0.0006199628022318661
0.0016629711751662971
0.0011092623405435386
0.0011092623405435386
0.0011092623405435386
0.0011092623405435386
0.0016629711751662971
0.0011092623405435386
0.0011092623405435386
0.0011092623405435386
0.0016629711751662971
0.0011092623405435386
0.0011092623405435386
0.0011092623405435386
0.0011092623405435386
0.0011092623405435386
0.0011092623405435386
0.0016629711751662971
0.0016629711751662971
0.0016629711751662971
0.0016629711751662971
0.0011092623405435386
0.0016629711751662971
0.0016629711751662971
0.0016629711751662971
0.0011092623405435386
0.0016629711751662971
0.0016629711751662971
0.0016629711751662971
0.0006199628022318661
0.0006451612903225806
0.0004302925989672978
0.0004302925989672978
0.0006451612903225806
0.0012903225806451613
0.0004302925989672978
0.0008602150537634409
0.0012897678417884782
0.00029886431560071725
0.000310077519379845
0.002185792349726776
0.000310077519379845
0.0012897678417884782
0.0008602150537634409
0.0008960573476702509
0.0008960573476702509
0.0012897678417884782
0.0004302925989672978
0.0007369196757553427
0.0012903225806451613
0.0008602150537634409
0.0008602150537634409
0.0008602150537634409
0.0008602150537634409
0.0008602150537634409
0.0008602150537634409
0.0008602150537634409
0.0008602150537634409
0.0008602150537634409
0.0005975500448162533
0.0004302925989672978
0.0008602150537634409
0.0008602150537634409
0.0008602150537634409
0.0008602150537634409
0.0008602150537634409
0.0012897678417884782
0.0012897678417884782
0.0012897678417884782
0.0012897678417884782
0.0004302925989672978
0.0004302925989672978
0.0012897678417884782
0.0004302925989672978
0.0004302925989672978
0.0012897678417884782
0.0012897678417884782
0.0012897678417884782
-1.0
0.0004302925989672978
0.0012897678417884782
0.0008602150537634409
0.0012897678417884782
0.0012897678417884782
0.0004302925989672978
0.0012897678417884782
0.0012897678417884782
0.0012897678417884782
0.0004302925989672978
0.0008602150537634409
0.0012897678417884782
0.0008602150537634409
0.0008602150537634409
0.0012897678417884782
0.0008602150537634409
0.0008602150537634409
0.0008602150537634409
0.0008602150537634409
0.0004302925989672978
0.0004302925989672978
0.0008602150537634409
0.0008602150537634409
0.0004302925989672978
0.0012897678417884782
0.0008602150537634409
0.0012897678417884782
0.0008602150537634409
0.0004302925989672978
0.001288659793814433
0.0019342359767891683
0.0019342359767891683
0.0012897678417884782
0.0012897678417884782
0.0012897678417884782
0.0012897678417884782
0.0008960573476702509
0.0004302925989672978
0.0012897678417884782
0.0006455777921239509
0.0006447453255963894
0.0006447453255963894
0.0011098779134295228
0.0012897678417884782
0.0011092623405435386
0.0008602150537634409
0.0006455777921239509
0.0012897678417884782
0.0008602150537634409
0.0008602150537634409
0.0004302925989672978
0.0011092623405435386
0.0012897678417884782
0.0012903225806451613
0.0011092623405435386
0.0004302925989672978
0.0012897678417884782
0.0008602150537634409
0.0008602150537634409
0.0008602150537634409
0.0004302925989672978
0.0004302925989672978
0.0008602150537634409
1.0
0.0006426735218508997
0.0007369196757553427
0.0004302925989672978
0.0008960573476702509
0.0006426735218508997
0.0004302925989672978
0.0004302925989672978
0.0012903225806451613
0.0011092623405435386
0.0008602150537634409
0.0006447453255963894
0.001288659793814433
0.0006447453255963894
0.001288659793814433
0.0016629711751662971
0.0006451612903225806
0.0012903225806451613
0.0006447453255963894
0.0004302925989672978
0.0004302925989672978
0.0006199628022318661
0.0008602150537634409
0.0019342359767891683
0.0012903225806451613
0.0012903225806451613
0.0019342359767891683
0.0011092623405435386
0.0008960573476702509
0.0004302925989672978
0.0019342359767891683
0.0012903225806451613
0.0006447453255963894
0.0008602150537634409
0.0008960573476702509
0.0004302925989672978
0.0004302925989672978
0.0004302925989672978
0.0004302925989672978
0.0006455777921239509
0.0006426735218508997
0.0012845215157353885
0.0006426735218508997
0.0006426735218508997
0.0008602150537634409
0.0011092623405435386
0.0004302925989672978
0.0008602150537634409
0.0004302925989672978
0.0012845215157353885
0.0012845215157353885
0.0006426735218508997
0.0006426735218508997
0.0006426735218508997
0.0006426735218508997
0.0006426735218508997
0.0006426735218508997
0.0012897678417884782
0.0006455777921239509
0.0012894906511927789
0.0006426735218508997
0.0011092623405435386
0.0012897678417884782
0.0004302925989672978
0.0006451612903225806
0.0007369196757553427
0.0004302925989672978
0.001288659793814433
0.0011092623405435386
0.0011092623405435386
0.0011092623405435386
0.0004302925989672978
0.0019342359767891683
0.00037243947858472997
0.0006447453255963894
0.0005975500448162533
0.00017943656917279743
0.0012897678417884782
0.001288659793814433
0.002188183807439825
0.0012897678417884782
0.0004302925989672978
0.0012903225806451613
0.0008602150537634409
0.0008602150537634409
0.0004302925989672978
0.0006447453255963894
0.0004302925989672978
0.0004302925989672978
0.0011092623405435386
0.0012897678417884782
0.0008602150537634409
0.0012897678417884782
0.0019317450096587251
0.0011092623405435386
0.0011092623405435386
0.0006447453255963894
0.001288659793814433
0.0004302925989672978
0.0004302925989672978
0.001288659793814433
0.0004302925989672978
0.001288659793814433
0.0004302925989672978
0.0011098779134295228
0.0011092623405435386
0.0008602150537634409
0.0004302925989672978
0.0011092623405435386
0.0004302925989672978
0.0006199628022318661
0.0016629711751662971
0.00029886431560071725
0.0006455777921239509
0.0005975500448162533
0.0011098779134295228
0.00043449923962633063
0.0011049723756906078
0.0012845215157353885
0.00029886431560071725
0.00029886431560071725
0.00029886431560071725
0.00029886431560071725
0.00029886431560071725
0.00029886431560071725
0.00029886431560071725
0.0006426735218508997
0.0004302925989672978
0.0005975500448162533
0.0005975500448162533
0.0011092623405435386
0.00043449923962633063
0.0007369196757553427
0.0004302925989672978
0.0012897678417884782
0.0016629711751662971
0.0007369196757553427
0.00029886431560071725
0.00029886431560071725
0.00029886431560071725
0.00029886431560071725
0.0008602150537634409
0.00029886431560071725
0.0006199628022318661
0.000310077519379845
0.000310077519379845
0.0011092623405435386
0.000310077519379845
0.000310077519379845
0.0006199628022318661
0.0003536067892503536
0.000310077519379845
0.000310077519379845
0.0006199628022318661
0.0007369196757553427
0.00029886431560071725
0.0005975500448162533
0.0004302925989672978
0.0004302925989672978
0.0004302925989672978
0.0012897678417884782
0.0006199628022318661
0.0004302925989672978
0.0004302925989672978
0.0004302925989672978
0.0004302925989672978
0.0008960573476702509
0.0016629711751662971
0.0005975500448162533
0.0004302925989672978
0.00029886431560071725
0.0005549389567147614
0.0011098779134295228
0.00029886431560071725
0.0006199628022318661
0.0016638935108153079
0.0011098779134295228
0.00031017369727047146
0.0004302925989672978
0.0004302925989672978
0.0016629711751662971
0.0019342359767891683
0.0004302925989672978
0.0016638935108153079
0.0004302925989672978
0.0006199628022318661
0.0016638935108153079
0.0016629711751662971
0.0016629711751662971
0.0011098779134295228
0.0011098779134295228
0.0011098779134295228
0.0008602150537634409
0.0011098779134295228
0.0011098779134295228
0.0016638935108153079
0.0011098779134295228
0.0008602150537634409
0.000310077519379845
0.0006199628022318661
0.0011098779134295228
0.0006455777921239509
0.0004302925989672978
0.0011092623405435386
0.0006455777921239509
0.001095290251916758
0.002188183807439825
0.0011098779134295228
0.0011098779134295228
0.0011098779134295228
0.0011098779134295228
0.0011098779134295228
0.0011098779134295228
0.0011098779134295228
0.0011098779134295228
0.0011098779134295228
0.0011098779134295228
0.0011098779134295228
0.0011098779134295228
0.0011098779134295228
0.000310077519379845
0.000310077519379845
0.0011098779134295228
0.0012903225806451613
0.0011098779134295228
0.0011098779134295228
0.0011092623405435386
0.0011098779134295228
0.0011092623405435386
0.0016629711751662971
0.0016638935108153079
0.0011098779134295228
0.0011092623405435386
0.0004302925989672978
0.0006199628022318661
0.0006199628022318661
0.0008602150537634409
0.0012903225806451613
0.0012903225806451613
0.0012903225806451613
0.0012903225806451613
0.0012903225806451613
0.0011092623405435386
0.0019342359767891683
0.0006199628022318661
0.0006455777921239509
0.0012903225806451613
0.0012903225806451613
0.0008602150537634409
0.0005975500448162533
0.0012903225806451613
0.0012845215157353885
0.0012845215157353885
0.0008602150537634409
0.0005975500448162533
0.0012845215157353885
0.0012845215157353885
0.0012845215157353885
0.0012845215157353885
0.0012845215157353885
0.0012845215157353885
0.0012903225806451613
0.0012903225806451613
0.0012845215157353885
0.0005975500448162533
0.0012845215157353885
0.0008602150537634409
0.0005975500448162533
0.0005975500448162533
0.0008602150537634409
0.0005975500448162533
0.0012845215157353885
0.0012903225806451613
0.0012845215157353885
0.0008960573476702509
0.0008602150537634409
0.0008602150537634409
0.0016638935108153079
0.0004302925989672978
0.0008602150537634409
0.0008602150537634409
0.0008602150537634409
0.0008602150537634409
0.0008602150537634409
0.00029886431560071725
0.0005975500448162533
0.0012894906511927789
0.0006426735218508997
0.0012903225806451613
0.0005975500448162533
0.0012903225806451613
0.0005975500448162533
0.0008602150537634409
0.0011098779134295228
0.0012845215157353885
0.0012845215157353885
0.0011098779134295228
0.0012845215157353885
0.0005975500448162533
0.0006426735218508997
0.0012845215157353885
0.000310077519379845
0.0006426735218508997
0.0019342359767891683
0.0008602150537634409
0.0008602150537634409
0.0011098779134295228
0.00029886431560071725
0.0008602150537634409
0.0012903225806451613
0.0011098779134295228
0.0019342359767891683
0.0012903225806451613
0.0006455777921239509
0.0006426735218508997
0.0012894906511927789
0.0004302925989672978
0.0012845215157353885
0.0004302925989672978
0.0004302925989672978
0.0006426735218508997
0.0019342359767891683
0.0008602150537634409
0.0008602150537634409
0.0012845215157353885
0.0006426735218508997
0.0019342359767891683
0.0008602150537634409
0.0012845215157353885
0.0005549389567147614
0.0005549389567147614
0.0004302925989672978
0.001288659793814433
0.0006426735218508997
0.0011098779134295228
0.0012897678417884782
0.0012897678417884782
0.0012897678417884782
0.0012897678417884782
0.0019317450096587251
0.0006451612903225806
0.0006451612903225806
0.0006451612903225806
0.0006451612903225806
0.0006451612903225806
0.0006451612903225806
0.0006451612903225806
0.0006451612903225806
0.0006451612903225806
0.0006451612903225806
0.0006451612903225806
0.0006451612903225806
0.0006451612903225806
0.0012894906511927789
0.0012894906511927789
0.0012894906511927789
0.0006451612903225806
0.0006451612903225806
0.0006451612903225806
0.0006451612903225806
0.0019329896907216496
0.0006451612903225806
0.0006451612903225806
0.0008602150537634409
0.0006455777921239509
0.0006451612903225806
0.0006426735218508997
0.0008602150537634409
0.0006451612903225806
0.0005975500448162533
0.0004302925989672978
0.0004302925989672978
0.0004302925989672978
0.0012897678417884782
0.0008598452278589854
0.0008602150537634409
0.0008598452278589854
0.0008602150537634409
0.0008602150537634409
0.0008602150537634409
0.0008602150537634409
0.0008602150537634409
0.0008602150537634409
0.0008602150537634409
0.0008602150537634409
0.0008602150537634409
0.0008602150537634409
0.0008602150537634409
0.0008602150537634409
0.0008602150537634409
0.0004302925989672978
0.0004302925989672978
0.0004302925989672978
0.0004302925989672978
0.0004302925989672978
0.0004302925989672978
0.0004302925989672978
0.0004302925989672978
0.0004302925989672978
0.0004302925989672978
0.0004302925989672978
0.0004302925989672978
0.0004302925989672978
0.0004302925989672978
0.0004302925989672978
0.0004302925989672978
0.0004302925989672978
0.0004302925989672978
0.0004302925989672978
0.0004302925989672978
0.0004302925989672978
0.0004302925989672978
0.0004302925989672978
0.0004302925989672978
0.0004302925989672978
0.0004302925989672978
0.0004302925989672978
0.0004302925989672978
0.0004302925989672978
0.0004302925989672978
0.0004302925989672978
0.0004302925989672978
0.0004302925989672978
0.0004302925989672978
0.0004302925989672978
0.0004302925989672978
0.0004302925989672978
0.0004302925989672978
0.0004302925989672978
0.0012897678417884782
0.0012897678417884782
0.0012897678417884782
0.0012897678417884782
0.0012897678417884782
0.0012897678417884782
0.0004302925989672978
0.0004302925989672978
0.0004302925989672978
0.0004302925989672978
0.0004302925989672978
0.0004302925989672978
0.0004302925989672978
0.0004302925989672978
0.0004302925989672978
0.0004302925989672978
0.0004302925989672978
0.0004302925989672978
0.0004302925989672978
0.0004302925989672978
0.0004302925989672978
0.0004302925989672978
0.0004302925989672978
0.0004302925989672978
0.0004302925989672978
0.0004302925989672978
0.0004302925989672978
0.0004302925989672978
0.0004302925989672978
0.0004302925989672978
0.0004302925989672978
0.0004302925989672978
0.0004302925989672978
0.0004302925989672978
0.0004302925989672978
0.0004302925989672978
0.0004302925989672978
0.0004302925989672978
0.0004302925989672978
0.0004302925989672978
0.0004302925989672978
0.0004302925989672978
0.0004302925989672978
0.0004302925989672978
0.0004302925989672978
0.0004302925989672978
0.0004302925989672978
0.0004302925989672978
0.0004302925989672978
0.0004302925989672978
0.0004302925989672978
0.0004302925989672978
0.0004302925989672978
0.0008602150537634409
0.0004302925989672978
1.0
0.0004302925989672978
0.0004302925989672978
0.0004302925989672978
0.0008602150537634409
0.0008602150537634409
0.0008602150537634409
0.0008602150537634409
0.0008602150537634409
0.0004302925989672978
0.0004302925989672978
0.0012897678417884782
0.0008602150537634409
0.0008602150537634409
0.0008602150537634409
0.0008602150537634409
0.0008602150537634409
0.0008602150537634409
0.0008602150537634409
0.0008602150537634409
0.0004302925989672978
0.0004302925989672978
0.0008602150537634409
0.0004302925989672978
0.0004302925989672978
0.0004302925989672978
0.0004302925989672978
0.0004302925989672978
0.0004302925989672978
0.0004302925989672978
0.0004302925989672978
0.0004302925989672978
0.0004302925989672978
0.0004302925989672978
0.0008602150537634409
0.0004302925989672978
0.0004302925989672978
0.0008602150537634409
0.0008602150537634409
0.0008602150537634409
0.0008602150537634409
0.0008602150537634409
0.0008602150537634409
0.0008602150537634409
0.0008602150537634409
0.0008602150537634409
0.0004302925989672978
0.0008602150537634409
0.0004302925989672978
0.0004302925989672978
0.0004302925989672978
0.0004302925989672978
0.0004302925989672978
0.0004302925989672978
0.0004302925989672978
0.0004302925989672978
0.0004302925989672978
0.0004302925989672978
0.0004302925989672978
0.0004302925989672978
0.0004302925989672978
0.0004302925989672978
0.0004302925989672978
0.0004302925989672978
0.0004302925989672978
0.0004302925989672978
0.0004302925989672978
0.0004302925989672978
0.0004302925989672978
0.0004302925989672978
0.0012897678417884782
0.0004302925989672978
0.0004302925989672978
0.0004302925989672978
0.0008602150537634409
0.0004302925989672978
0.0004302925989672978
0.0004302925989672978
0.0004302925989672978
0.0004302925989672978
0.0008602150537634409
0.0008602150537634409
0.0004302925989672978
0.0004302925989672978
0.0004302925989672978
0.0004302925989672978
0.0011092623405435386
0.0004302925989672978
0.0004302925989672978
0.0012897678417884782
0.0012897678417884782
0.0004302925989672978
0.0012897678417884782
0.0012897678417884782
0.0012897678417884782
0.0012897678417884782
0.0005549389567147614
0.0004302925989672978
0.0004302925989672978
0.0012903225806451613
0.0008602150537634409
0.0019255455712451862
0.0011098779134295228
0.0008602150537634409
0.0012897678417884782
0.0011098779134295228
0.0016629711751662971
0.0016629711751662971
0.0016629711751662971
0.0016629711751662971
0.0008602150537634409
0.0011092623405435386
