0.0015163002274450887
0.000705467372134061
0.0019342359767892114
0.00191387559808609
0.0009578544061302763
0.0009578544061302763
0.05354200988467872
1.0
0.01318681318681314
0.026856240126382325
0.026856240126382325
0.02608695652173909
0.026856240126382325
0.02608695652173909
0.026856240126382325
0.022006472491909346
0.026856240126382325
0.02608695652173909
0.021373056994818618
0.026856240126382325
0.02608695652173909
0.026856240126382325
0.026856240126382325
0.021373056994818618
0.03772132409545803
0.026856240126382325
0.02608695652173909
0.02608695652173909
0.02608695652173909
0.02608695652173909
0.022006472491909346
0.0009652509652510188
0.0009652509652510188
0.026856240126382325
-1.0
0.02608695652173909
0.030778894472361817
0.0019286403085824189
1.0
0.026856240126382325
0.02608695652173909
0.02608695652173909
0.02608695652173909
0.0007587253414264028
0.02608695652173909
0.026856240126382325
