0.44819078947368424
0.45893719806763283
0.4558782069354384
0.4022813688212928
0.461361014994233
0.4018264840182648
0.4470877768662838
0.461671469740634
0.461671469740634
0.44672131147540983
0.4018264840182648
0.4018264840182648
0.47843247815054973
0.4745065789473684
0.4878419452887538
0.4552112676056338
0.4018264840182648
0.4745065789473684
0.4745065789473684
0.4745065789473684
0.49641403372746656
0.4466338259441708
0.4874524714828897
0.461671469740634
0.461671469740634
0.49762624082865775
0.461671469740634
0.461671469740634
0.461671469740634
0.4018264840182648
0.4489291598023064
0.4018264840182648
0.4022813688212928
0.487062404870624
0.4874524714828897
0.4018264840182648
0.4785788923719958
0.4018264840182648
0.4018264840182648
0.4022813688212928
0.4018264840182648
0.4022813688212928
0.4874524714828897
0.4607789358200768
0.461361014994233
0.4607789358200768
0.46092678914176033
0.46092678914176033
0.4558782069354384
0.4537922243467177
0.46140552995391704
0.4874524714828897
0.487062404870624
0.4539662312838484
0.45367717287488063
0.46092678914176033
0.487062404870624
0.4022813688212928
0.4874524714828897
0.4552112676056338
0.4018264840182648
0.4874524714828897
0.487062404870624
1.0
0.4558782069354384
0.6701418560929756
0.49378998870907037
0.49378998870907037
0.6701982228298018
