0.0
0.0022371364653244186
1.0
-1.0
-1.0
0.09090909090909094
0.0038022813688213253
0.02564102564102566
0.0
0.04347826086956519
0.0
0.023255813953488413
0.0
0.007407407407407418
0.0
0.0
0.0
0.0
0.0
-1.0
0.09090909090909094
0.0066225165562914245
0.0
0.0
0.0011778563015312216
0.19199999999999995
0.1428571428571429
0.005988023952095856
0.0038022813688213253
0.09090909090909094
0.0
0.0
0.0
0.0
0.0
0.0
0.0
0.0
0.0
-1.0
0.0036101083032491488
0.130718954248366
0.007692307692307665
0.006134969325153339
0.007692307692307665
