0.5340343110127284
0.3666666666666667
0.3565594265710952
0.4526952695269527
0.5135402497836032
0.49658994032395565
0.5136003956478734
0.5136003956478734
0.44965517241379316
0.40007527286413247
0.3776722090261283
1.0
0.5509854327335046
0.355977355977356
0.40007527286413247
0.5509212969575774
0.5509212969575774
0.5509212969575774
0.5331953071083506
0.5398351648351649
0.5136003956478734
0.5136003956478734
0.5136003956478734
0.5136003956478734
0.5136003956478734
0.40007527286413247
0.5341632088520055
0.40007527286413247
0.40030097817908206
0.7947898353843695
0.7948226270373921
0.40007527286413247
0.40007527286413247
0.3803705163579031
0.3806146572104019
0.3803705163579031
0.40030097817908206
0.7948226270373921
0.35596605092361455
0.5135402497836032
0.35596605092361455
0.3560732113144759
0.3560732113144759
0.3565594265710952
0.5134734239802226
0.7948226270373921
0.7947898353843695
0.3560732113144759
0.7947898353843695
0.4435123042505593
0.7948226270373921
0.355977355977356
0.4433566433566434
0.7948226270373921
0.3565594265710952
0.3565594265710952
0.3564521507169056
0.35071204441226167
0.35071204441226167
0.3565594265710952
