0.000430292598967319
0.000430292598967319
0.000430292598967319
0.0008602150537634357
0.0012897678417884695
0.0012897678417884695
0.000430292598967319
0.000430292598967319
0.000430292598967319
0.000430292598967319
0.000430292598967319
0.000430292598967319
0.000430292598967319
0.000430292598967319
0.000430292598967319
0.0008602150537634357
0.0012897678417884695
0.000430292598967319
0.000430292598967319
0.0008602150537634357
0.000430292598967319
0.000430292598967319
0.000430292598967319
0.000430292598967319
0.000430292598967319
0.000430292598967319
0.000430292598967319
0.000430292598967319
0.000430292598967319
0.000430292598967319
0.000430292598967319
0.000430292598967319
0.000430292598967319
0.000430292598967319
0.000430292598967319
0.000430292598967319
0.000430292598967319
0.000430292598967319
0.000430292598967319
0.000430292598967319
0.000430292598967319
0.000430292598967319
0.000430292598967319
0.000430292598967319
0.000430292598967319
0.000430292598967319
0.000430292598967319
0.000430292598967319
0.000430292598967319
0.000430292598967319
0.000430292598967319
0.000430292598967319
0.000430292598967319
0.000430292598967319
0.000430292598967319
0.000430292598967319
0.000430292598967319
0.000430292598967319
0.000430292598967319
0.000430292598967319
0.000430292598967319
0.000430292598967319
0.000430292598967319
0.000430292598967319
0.000430292598967319
0.000430292598967319
0.000430292598967319
0.000430292598967319
0.000430292598967319
0.000430292598967319
0.000430292598967319
0.000430292598967319
0.000430292598967319
0.000430292598967319
0.000430292598967319
0.000430292598967319
0.000430292598967319
0.000430292598967319
0.000430292598967319
0.000430292598967319
0.000430292598967319
0.0008602150537634357
0.0008602150537634357
0.0012894906511927706
0.0008602150537634357
0.0008602150537634357
0.0008602150537634357
0.0008602150537634357
0.0008602150537634357
0.0008602150537634357
0.0008602150537634357
0.0008602150537634357
1.0
0.0008602150537634357
0.0008602150537634357
0.0008602150537634357
0.0008602150537634357
0.0008602150537634357
0.0008602150537634357
0.0008602150537634357
0.0008602150537634357
0.0008602150537634357
0.0008602150537634357
0.0008602150537634357
0.0008602150537634357
0.0008602150537634357
0.0008602150537634357
0.0008602150537634357
0.0008602150537634357
0.0008602150537634357
0.0008602150537634357
0.0008602150537634357
0.0008598452278589797
0.0008598452278589797
0.0008602150537634357
0.0008602150537634357
0.0008602150537634357
0.0008602150537634357
0.0008602150537634357
0.000430292598967319
0.000430292598967319
0.000430292598967319
0.000430292598967319
0.000430292598967319
0.000430292598967319
0.000430292598967319
0.000430292598967319
0.000430292598967319
0.0006455777921239303
0.0008602150537634357
0.000430292598967319
0.000430292598967319
0.000430292598967319
0.000430292598967319
0.000430292598967319
0.000430292598967319
0.000430292598967319
0.000430292598967319
0.000430292598967319
0.000430292598967319
0.000430292598967319
0.000430292598967319
0.0008602150537634357
0.000430292598967319
0.000430292598967319
0.0008602150537634357
0.0008602150537634357
0.000430292598967319
0.000430292598967319
0.000430292598967319
0.000430292598967319
0.0006426735218508783
0.001290322580645209
0.0008602150537634357
0.000645161290322549
0.0019342359767892114
0.0005549389567147678
0.000619962802231866
0.0016638935108153063
0.000430292598967319
0.0019317450096587585
0.000430292598967319
0.000430292598967319
0.0008602150537634357
0.0006455777921239303
0.000619962802231866
0.0016638935108153063
0.000619962802231866
0.0019342359767892114
0.0006455777921239303
0.001290322580645209
0.000645161290322549
0.0006426735218508783
0.0006426735218508783
0.0006426735218508783
0.000430292598967319
0.0002988643156006665
0.0008602150537634357
0.0008602150537634357
0.000430292598967319
0.000619962802231866
0.0003588087549336594
0.0006455777921239303
0.0006426735218508783
0.0019342359767892114
0.0019342359767892114
0.000430292598967319
0.0008602150537634357
0.001662971175166339
0.001662971175166339
0.0007369196757552876
0.0004344992396263514
0.00017943656917285278
0.0003588087549336594
0.0011098779134295356
0.0019342359767892114
0.000645161290322549
0.0006455777921239303
0.0006455777921239303
0.0006426735218508783
0.0006455777921239303
0.001290322580645209
0.000430292598967319
0.0008602150537634357
0.000619962802231866
0.000619962802231866
0.0019255455712451353
0.001662971175166339
0.001662971175166339
0.0008602150537634357
0.001662971175166339
0.00017943656917285278
0.00017943656917285278
0.000430292598967319
0.001662971175166339
0.001662971175166339
0.0016638935108153063
0.0012897678417884695
0.001662971175166339
0.0009296560272699095
0.000430292598967319
0.0006447453255964408
0.00031007751937983663
0.0011092623405435376
0.002188183807439792
0.0010952902519167917
0.000619962802231866
0.000619962802231866
0.00031007751937983663
0.0004344992396263514
0.000619962802231866
0.000619962802231866
0.00031007751937983663
0.0008960573476702871
0.0011092623405435376
0.0006455777921239303
0.00031007751937983663
0.0006455777921239303
0.000619962802231866
0.0002988643156006665
0.0011098779134295356
0.0011098779134295356
0.0011098779134295356
0.0011098779134295356
0.0011098779134295356
0.0010952902519167917
0.0011098779134295356
0.00021729682746629564
0.00031017369727048827
0.0011098779134295356
0.00031007751937983663
0.0006447453255964408
0.0011098779134295356
0.00216216216216214
0.001662971175166339
0.0011092623405435376
0.0005549389567147678
0.0011092623405435376
0.0005549389567147678
0.0011092623405435376
0.0011092623405435376
0.0011092623405435376
0.0005549389567147678
0.0011092623405435376
0.0005549389567147678
0.0005549389567147678
0.0005549389567147678
0.00031007751937983663
0.002188183807439792
0.002188183807439792
0.0011098779134295356
0.0010952902519167917
0.0006455777921239303
0.000430292598967319
0.0002988643156006665
0.0002988643156006665
0.0002988643156006665
0.0006455777921239303
0.0002988643156006665
1.0
0.0002988643156006665
0.0002988643156006665
0.0002988643156006665
0.0002988643156006665
0.0002988643156006665
0.0002988643156006665
0.0002988643156006665
0.0002988643156006665
0.0002988643156006665
0.0002988643156006665
0.0002988643156006665
0.0002988643156006665
0.0002988643156006665
0.0002988643156006665
0.0002988643156006665
0.0002988643156006665
0.0002988643156006665
0.0002988643156006665
0.0002988643156006665
0.0005975500448162085
0.0008960573476702871
0.0002988643156006665
0.0002988643156006665
0.0002988643156006665
0.0002988643156006665
0.0006426735218508783
0.0002988643156006665
0.0002988643156006665
0.0002988643156006665
1.0
0.0002988643156006665
0.0002988643156006665
0.0006455777921239303
0.0006455777921239303
0.0006455777921239303
0.0006455777921239303
0.0006455777921239303
0.0006455777921239303
0.0006455777921239303
0.0006455777921239303
0.0006455777921239303
0.0006455777921239303
0.0006455777921239303
0.0006455777921239303
0.0006455777921239303
0.0006455777921239303
0.0006455777921239303
0.0006455777921239303
0.0006455777921239303
0.0006455777921239303
0.000619962802231866
0.0006426735218508783
0.0006426735218508783
0.0006426735218508783
0.0006426735218508783
0.0006447453255964408
0.0006447453255964408
0.0006447453255964408
0.0012886597938144284
0.0006447453255964408
0.0006447453255964408
0.0006447453255964408
0.0006447453255964408
0.0006447453255964408
0.0006447453255964408
0.0006447453255964408
0.0006447453255964408
0.0006447453255964408
0.0006447453255964408
0.0006447453255964408
0.0006447453255964408
0.0006447453255964408
0.0019317450096587585
0.0006447453255964408
0.0006447453255964408
0.0006447453255964408
0.0006447453255964408
0.0006447453255964408
0.0006447453255964408
0.0012886597938144284
0.0006447453255964408
0.0006447453255964408
0.0006447453255964408
0.0006447453255964408
0.0006447453255964408
0.0006447453255964408
0.0006447453255964408
0.0006447453255964408
0.0006447453255964408
0.0006447453255964408
0.0006447453255964408
0.0006447453255964408
0.0012886597938144284
0.0006426735218508783
0.0006447453255964408
0.0006447453255964408
0.0006447453255964408
0.0006447453255964408
0.0006447453255964408
0.0006447453255964408
0.0006447453255964408
0.0006447453255964408
0.0006447453255964408
0.0006447453255964408
0.0006447453255964408
0.0006447453255964408
0.0006447453255964408
0.0006447453255964408
0.0006455777921239303
0.0006455777921239303
0.001290322580645209
0.0006455777921239303
0.0006455777921239303
0.0006455777921239303
0.0006455777921239303
0.0006455777921239303
0.0019317450096587585
0.0006447453255964408
0.000430292598967319
0.000430292598967319
0.000430292598967319
0.000430292598967319
0.000430292598967319
0.0012897678417884695
0.00024260067928194573
0.0016638935108153063
0.0011092623405435376
0.0011092623405435376
0.000430292598967319
0.000430292598967319
0.000430292598967319
0.000430292598967319
0.000430292598967319
0.000430292598967319
0.000430292598967319
0.000430292598967319
0.0012897678417884695
0.0012897678417884695
0.0012897678417884695
0.0012897678417884695
0.000430292598967319
0.000430292598967319
0.000430292598967319
0.000430292598967319
0.000430292598967319
0.000430292598967319
0.000430292598967319
0.000430292598967319
0.000430292598967319
0.000430292598967319
0.0016638935108153063
0.0006201550387596733
0.0005975500448162085
0.0005975500448162085
0.0005975500448162085
0.0006455777921239303
0.0005975500448162085
0.0005975500448162085
0.0005975500448162085
0.0005975500448162085
0.0005975500448162085
0.0005975500448162085
0.0005975500448162085
0.0006455777921239303
0.0006447453255964408
0.0006447453255964408
0.0006447453255964408
0.0006447453255964408
0.0006447453255964408
0.0006447453255964408
0.0006447453255964408
0.0006447453255964408
0.0006447453255964408
0.0006447453255964408
0.0006447453255964408
0.0006447453255964408
0.0006447453255964408
0.0006447453255964408
0.0006447453255964408
0.0019317450096587585
0.0019317450096587585
0.0012886597938144284
0.0006447453255964408
0.0006447453255964408
0.0012886597938144284
0.0012886597938144284
0.0006447453255964408
0.0006447453255964408
0.001290322580645209
0.0019317450096587585
0.0019317450096587585
0.0019317450096587585
0.0006447453255964408
0.0019317450096587585
0.00216216216216214
0.0012886597938144284
0.0006447453255964408
0.0006447453255964408
0.0012894906511927706
0.00216216216216214
0.0011098779134295356
0.0010952902519167917
0.0016638935108153063
0.0002988643156006665
0.0006447453255964408
0.0006447453255964408
0.0006447453255964408
0.0006447453255964408
0.0006447453255964408
0.0006447453255964408
0.0002988643156006665
0.0002988643156006665
0.0006447453255964408
0.0002988643156006665
0.0006455777921239303
0.0008960573476702871
0.0005975500448162085
0.0005975500448162085
0.0019329896907216426
0.0005975500448162085
0.0002988643156006665
0.0002988643156006665
0.0002988643156006665
0.0002988643156006665
0.0002988643156006665
0.0002988643156006665
0.0002988643156006665
0.0002988643156006665
0.0005975500448162085
0.0005975500448162085
0.0002988643156006665
0.0002988643156006665
0.0002988643156006665
0.0005975500448162085
0.0008960573476702871
0.0008960573476702871
0.0008960573476702871
1.0
0.0008960573476702871
0.0008960573476702871
0.0002988643156006665
0.000430292598967319
0.000430292598967319
0.000430292598967319
0.0019342359767892114
0.0006455777921239303
0.0006455777921239303
0.0006455777921239303
0.0006455777921239303
0.0006455777921239303
0.0006455777921239303
0.0006455777921239303
0.0012897678417884695
0.0005552470849528035
0.0011092623405435376
0.0003724394785847851
0.0003724394785847851
0.0011098779134295356
0.0003588087549336594
0.0010822510822511289
0.00031007751937983663
0.0006455777921239303
0.0006455777921239303
0.001290322580645209
0.0006455777921239303
0.0006455777921239303
0.0006447453255964408
0.0006455777921239303
0.0008960573476702871
0.0008960573476702871
0.001290322580645209
0.0008960573476702871
0.0008960573476702871
0.0008960573476702871
0.0008960573476702871
0.0008960573476702871
0.000430292598967319
0.000430292598967319
0.0019342359767892114
0.0008960573476702871
0.0003724394785847851
0.0012897678417884695
0.000430292598967319
0.000430292598967319
0.0008602150537634357
1.0
0.000430292598967319
0.000430292598967319
0.000430292598967319
0.00039502271380609244
0.0008602150537634357
0.0012897678417884695
0.0012897678417884695
0.0012897678417884695
0.0012897678417884695
0.000430292598967319
0.0012897678417884695
0.0012897678417884695
0.0012897678417884695
0.0012897678417884695
0.0012897678417884695
0.0012897678417884695
0.000430292598967319
0.000430292598967319
0.000430292598967319
0.0012897678417884695
0.000430292598967319
0.000430292598967319
0.000430292598967319
0.000430292598967319
0.0012897678417884695
0.0012897678417884695
0.0012897678417884695
0.0012897678417884695
0.0008602150537634357
0.0012897678417884695
0.0012897678417884695
0.0008602150537634357
0.0012897678417884695
0.0012897678417884695
0.0012897678417884695
0.0012897678417884695
0.0012897678417884695
0.000430292598967319
0.0012897678417884695
0.0012897678417884695
0.0012897678417884695
0.0012897678417884695
0.000430292598967319
0.0012897678417884695
0.0012897678417884695
0.0012897678417884695
0.000430292598967319
0.0012897678417884695
0.0012897678417884695
0.0012897678417884695
0.0012897678417884695
0.000430292598967319
0.0008602150537634357
0.000430292598967319
0.0012897678417884695
0.0008602150537634357
0.000430292598967319
0.000430292598967319
0.000430292598967319
0.0012897678417884695
0.0012897678417884695
0.0012897678417884695
0.0012897678417884695
0.0012897678417884695
0.00043010752688177334
0.000430292598967319
0.000430292598967319
0.000430292598967319
0.0012897678417884695
0.0012897678417884695
0.0012897678417884695
0.000430292598967319
0.000430292598967319
0.0012897678417884695
0.000430292598967319
0.000430292598967319
0.000430292598967319
0.0012897678417884695
0.0008602150537634357
0.0012897678417884695
0.0008602150537634357
0.0008602150537634357
0.0012897678417884695
0.0012897678417884695
0.0012897678417884695
0.0012897678417884695
0.0012897678417884695
0.0012897678417884695
0.0008602150537634357
0.0012897678417884695
0.000430292598967319
0.0012897678417884695
0.0012897678417884695
0.0012897678417884695
0.000430292598967319
0.0012897678417884695
0.0012897678417884695
0.0012897678417884695
0.0008602150537634357
0.0008602150537634357
0.0008602150537634357
0.0008602150537634357
0.0008602150537634357
0.0012897678417884695
0.0012897678417884695
0.0012897678417884695
0.0008602150537634357
0.0012897678417884695
0.0008602150537634357
0.0012897678417884695
0.0012897678417884695
0.0012897678417884695
0.0008602150537634357
0.0008602150537634357
0.0008602150537634357
0.0008602150537634357
0.0012897678417884695
0.000430292598967319
0.000430292598967319
0.0019329896907216426
0.0012897678417884695
0.0012897678417884695
0.0019342359767892114
0.0008602150537634357
0.0008602150537634357
0.0008602150537634357
0.000430292598967319
0.002188183807439792
0.0006447453255964408
0.0006447453255964408
0.0006455777921239303
0.0006455777921239303
0.000430292598967319
0.000430292598967319
0.0008960573476702871
0.0006447453255964408
0.0006447453255964408
0.0002988643156006665
0.002188183807439792
0.0001862544235425867
0.0011092623405435376
0.0011092623405435376
0.000430292598967319
0.000430292598967319
0.0006455777921239303
0.001290322580645209
0.0008602150537634357
0.0006447453255964408
0.0006447453255964408
0.0006447453255964408
0.0011092623405435376
0.0005552470849528035
0.0003724394785847851
0.0011098779134295356
0.00031007751937983663
0.0002988643156006665
0.0002988643156006665
0.0006426735218508783
0.0012897678417884695
0.000430292598967319
0.000645161290322549
0.00216216216216214
0.0011092623405435376
0.0011092623405435376
0.0011092623405435376
0.0011092623405435376
0.0011092623405435376
0.0011092623405435376
0.0011092623405435376
0.0011092623405435376
0.0011092623405435376
0.0011092623405435376
0.0011092623405435376
0.0011092623405435376
0.0011092623405435376
0.0011092623405435376
0.0011092623405435376
0.0011092623405435376
0.0011092623405435376
0.0011092623405435376
0.001662971175166339
0.0011092623405435376
0.00031007751937983663
0.00031007751937983663
0.0011092623405435376
0.0011092623405435376
0.0011092623405435376
0.001662971175166339
0.001662971175166339
0.0011092623405435376
0.0011092623405435376
0.001662971175166339
0.00031007751937983663
0.0011092623405435376
0.0011092623405435376
0.0011092623405435376
0.000619962802231866
0.001662971175166339
0.0011092623405435376
0.0011092623405435376
0.0011092623405435376
0.0011092623405435376
0.001662971175166339
0.0011092623405435376
0.0011092623405435376
0.0011092623405435376
0.001662971175166339
0.0011092623405435376
0.0011092623405435376
0.0011092623405435376
0.0011092623405435376
0.0011092623405435376
0.0011092623405435376
0.001662971175166339
0.001662971175166339
0.001662971175166339
0.001662971175166339
0.0011092623405435376
0.001662971175166339
0.001662971175166339
0.001662971175166339
0.0011092623405435376
0.001662971175166339
0.001662971175166339
0.001662971175166339
0.000619962802231866
0.000645161290322549
0.000430292598967319
0.000430292598967319
0.000645161290322549
0.001290322580645209
0.000430292598967319
0.0008602150537634357
0.0012897678417884695
0.0002988643156006665
0.00031007751937983663
0.002185792349726823
0.00031007751937983663
0.0012897678417884695
0.0008602150537634357
0.0008960573476702871
0.0008960573476702871
0.0012897678417884695
0.000430292598967319
0.0007369196757552876
0.001290322580645209
0.0008602150537634357
0.0008602150537634357
0.0008602150537634357
0.0008602150537634357
0.0008602150537634357
0.0008602150537634357
0.0008602150537634357
0.0008602150537634357
0.0008602150537634357
0.0005975500448162085
0.000430292598967319
0.0008602150537634357
0.0008602150537634357
0.0008602150537634357
0.0008602150537634357
0.0008602150537634357
0.0012897678417884695
0.0012897678417884695
0.0012897678417884695
0.0012897678417884695
0.000430292598967319
0.000430292598967319
0.0012897678417884695
0.000430292598967319
0.000430292598967319
0.0012897678417884695
0.0012897678417884695
0.0012897678417884695
-1.0
0.000430292598967319
0.0012897678417884695
0.0008602150537634357
0.0012897678417884695
0.0012897678417884695
0.000430292598967319
0.0012897678417884695
0.0012897678417884695
0.0012897678417884695
0.000430292598967319
0.0008602150537634357
0.0012897678417884695
0.0008602150537634357
0.0008602150537634357
0.0012897678417884695
0.0008602150537634357
0.0008602150537634357
0.0008602150537634357
0.0008602150537634357
0.000430292598967319
0.000430292598967319
0.0008602150537634357
0.0008602150537634357
0.000430292598967319
0.0012897678417884695
0.0008602150537634357
0.0012897678417884695
0.0008602150537634357
0.000430292598967319
0.0012886597938144284
0.0019342359767892114
0.0019342359767892114
0.0012897678417884695
0.0012897678417884695
0.0012897678417884695
0.0012897678417884695
0.0008960573476702871
0.000430292598967319
0.0012897678417884695
0.0006455777921239303
0.0006447453255964408
0.0006447453255964408
0.0011098779134295356
0.0012897678417884695
0.0011092623405435376
0.0008602150537634357
0.0006455777921239303
0.0012897678417884695
0.0008602150537634357
0.0008602150537634357
0.000430292598967319
0.0011092623405435376
0.0012897678417884695
0.001290322580645209
0.0011092623405435376
0.000430292598967319
0.0012897678417884695
0.0008602150537634357
0.0008602150537634357
0.0008602150537634357
0.000430292598967319
0.000430292598967319
0.0008602150537634357
1.0
0.0006426735218508783
0.0007369196757552876
0.000430292598967319
0.0008960573476702871
0.0006426735218508783
0.000430292598967319
0.000430292598967319
0.001290322580645209
0.0011092623405435376
0.0008602150537634357
0.0006447453255964408
0.0012886597938144284
0.0006447453255964408
0.0012886597938144284
0.001662971175166339
0.000645161290322549
0.001290322580645209
0.0006447453255964408
0.000430292598967319
0.000430292598967319
0.000619962802231866
0.0008602150537634357
0.0019342359767892114
0.001290322580645209
0.001290322580645209
0.0019342359767892114
0.0011092623405435376
0.0008960573476702871
0.000430292598967319
0.0019342359767892114
0.001290322580645209
0.0006447453255964408
0.0008602150537634357
0.0008960573476702871
0.000430292598967319
0.000430292598967319
0.000430292598967319
0.000430292598967319
0.0006455777921239303
0.0006426735218508783
0.0012845215157354373
0.0006426735218508783
0.0006426735218508783
0.0008602150537634357
0.0011092623405435376
0.000430292598967319
0.0008602150537634357
0.000430292598967319
0.0012845215157354373
0.0012845215157354373
0.0006426735218508783
0.0006426735218508783
0.0006426735218508783
0.0006426735218508783
0.0006426735218508783
0.0006426735218508783
0.0012897678417884695
0.0006455777921239303
0.0012894906511927706
0.0006426735218508783
0.0011092623405435376
0.0012897678417884695
0.000430292598967319
0.000645161290322549
0.0007369196757552876
0.000430292598967319
0.0012886597938144284
0.0011092623405435376
0.0011092623405435376
0.0011092623405435376
0.000430292598967319
0.0019342359767892114
0.0003724394785847851
0.0006447453255964408
0.0005975500448162085
0.00017943656917285278
0.0012897678417884695
0.0012886597938144284
0.002188183807439792
0.0012897678417884695
0.000430292598967319
0.001290322580645209
0.0008602150537634357
0.0008602150537634357
0.000430292598967319
0.0006447453255964408
0.000430292598967319
0.000430292598967319
0.0011092623405435376
0.0012897678417884695
0.0008602150537634357
0.0012897678417884695
0.0019317450096587585
0.0011092623405435376
0.0011092623405435376
0.0006447453255964408
0.0012886597938144284
0.000430292598967319
0.000430292598967319
0.0012886597938144284
0.000430292598967319
0.0012886597938144284
0.000430292598967319
0.0011098779134295356
0.0011092623405435376
0.0008602150537634357
0.000430292598967319
0.0011092623405435376
0.000430292598967319
0.000619962802231866
0.001662971175166339
0.0002988643156006665
0.0006455777921239303
0.0005975500448162085
0.0011098779134295356
0.0004344992396263514
0.0011049723756906271
0.0012845215157354373
0.0002988643156006665
0.0002988643156006665
0.0002988643156006665
0.0002988643156006665
0.0002988643156006665
0.0002988643156006665
0.0002988643156006665
0.0006426735218508783
0.000430292598967319
0.0005975500448162085
0.0005975500448162085
0.0011092623405435376
0.0004344992396263514
0.0007369196757552876
0.000430292598967319
0.0012897678417884695
0.001662971175166339
0.0007369196757552876
0.0002988643156006665
0.0002988643156006665
0.0002988643156006665
0.0002988643156006665
0.0008602150537634357
0.0002988643156006665
0.000619962802231866
0.00031007751937983663
0.00031007751937983663
0.0011092623405435376
0.00031007751937983663
0.00031007751937983663
0.000619962802231866
0.00035360678925033806
0.00031007751937983663
0.00031007751937983663
0.000619962802231866
0.0007369196757552876
0.0002988643156006665
0.0005975500448162085
0.000430292598967319
0.000430292598967319
0.000430292598967319
0.0012897678417884695
0.000619962802231866
0.000430292598967319
0.000430292598967319
0.000430292598967319
0.000430292598967319
0.0008960573476702871
0.001662971175166339
0.0005975500448162085
0.000430292598967319
0.0002988643156006665
0.0005549389567147678
0.0011098779134295356
0.0002988643156006665
0.000619962802231866
0.0016638935108153063
0.0011098779134295356
0.00031017369727048827
0.000430292598967319
0.000430292598967319
0.001662971175166339
0.0019342359767892114
0.000430292598967319
0.0016638935108153063
0.000430292598967319
0.000619962802231866
0.0016638935108153063
0.001662971175166339
0.001662971175166339
0.0011098779134295356
0.0011098779134295356
0.0011098779134295356
0.0008602150537634357
0.0011098779134295356
0.0011098779134295356
0.0016638935108153063
0.0011098779134295356
0.0008602150537634357
0.00031007751937983663
0.000619962802231866
0.0011098779134295356
0.0006455777921239303
0.000430292598967319
0.0011092623405435376
0.0006455777921239303
0.0010952902519167917
0.002188183807439792
0.0011098779134295356
0.0011098779134295356
0.0011098779134295356
0.0011098779134295356
0.0011098779134295356
0.0011098779134295356
0.0011098779134295356
0.0011098779134295356
0.0011098779134295356
0.0011098779134295356
0.0011098779134295356
0.0011098779134295356
0.0011098779134295356
0.00031007751937983663
0.00031007751937983663
0.0011098779134295356
0.001290322580645209
0.0011098779134295356
0.0011098779134295356
0.0011092623405435376
0.0011098779134295356
0.0011092623405435376
0.001662971175166339
0.0016638935108153063
0.0011098779134295356
0.0011092623405435376
0.000430292598967319
0.000619962802231866
0.000619962802231866
0.0008602150537634357
0.001290322580645209
0.001290322580645209
0.001290322580645209
0.001290322580645209
0.001290322580645209
0.0011092623405435376
0.0019342359767892114
0.000619962802231866
0.0006455777921239303
0.001290322580645209
0.001290322580645209
0.0008602150537634357
0.0005975500448162085
0.001290322580645209
0.0012845215157354373
0.0012845215157354373
0.0008602150537634357
0.0005975500448162085
0.0012845215157354373
0.0012845215157354373
0.0012845215157354373
0.0012845215157354373
0.0012845215157354373
0.0012845215157354373
0.001290322580645209
0.001290322580645209
0.0012845215157354373
0.0005975500448162085
0.0012845215157354373
0.0008602150537634357
0.0005975500448162085
0.0005975500448162085
0.0008602150537634357
0.0005975500448162085
0.0012845215157354373
0.001290322580645209
0.0012845215157354373
0.0008960573476702871
0.0008602150537634357
0.0008602150537634357
0.0016638935108153063
0.000430292598967319
0.0008602150537634357
0.0008602150537634357
0.0008602150537634357
0.0008602150537634357
0.0008602150537634357
0.0002988643156006665
0.0005975500448162085
0.0012894906511927706
0.0006426735218508783
0.001290322580645209
0.0005975500448162085
0.001290322580645209
0.0005975500448162085
0.0008602150537634357
0.0011098779134295356
0.0012845215157354373
0.0012845215157354373
0.0011098779134295356
0.0012845215157354373
0.0005975500448162085
0.0006426735218508783
0.0012845215157354373
0.00031007751937983663
0.0006426735218508783
0.0019342359767892114
0.0008602150537634357
0.0008602150537634357
0.0011098779134295356
0.0002988643156006665
0.0008602150537634357
0.001290322580645209
0.0011098779134295356
0.0019342359767892114
0.001290322580645209
0.0006455777921239303
0.0006426735218508783
0.0012894906511927706
0.000430292598967319
0.0012845215157354373
0.000430292598967319
0.000430292598967319
0.0006426735218508783
0.0019342359767892114
0.0008602150537634357
0.0008602150537634357
0.0012845215157354373
0.0006426735218508783
0.0019342359767892114
0.0008602150537634357
0.0012845215157354373
0.0005549389567147678
0.0005549389567147678
0.000430292598967319
0.0012886597938144284
0.0006426735218508783
0.0011098779134295356
0.0012897678417884695
0.0012897678417884695
0.0012897678417884695
0.0012897678417884695
0.0019317450096587585
0.000645161290322549
0.000645161290322549
0.000645161290322549
0.000645161290322549
0.000645161290322549
0.000645161290322549
0.000645161290322549
0.000645161290322549
0.000645161290322549
0.000645161290322549
0.000645161290322549
0.000645161290322549
0.000645161290322549
0.0012894906511927706
0.0012894906511927706
0.0012894906511927706
0.000645161290322549
0.000645161290322549
0.000645161290322549
0.000645161290322549
0.0019329896907216426
0.000645161290322549
0.000645161290322549
0.0008602150537634357
0.0006455777921239303
0.000645161290322549
0.0006426735218508783
0.0008602150537634357
0.000645161290322549
0.0005975500448162085
0.000430292598967319
0.000430292598967319
0.000430292598967319
0.0012897678417884695
0.0008598452278589797
0.0008602150537634357
0.0008598452278589797
0.0008602150537634357
0.0008602150537634357
0.0008602150537634357
0.0008602150537634357
0.0008602150537634357
0.0008602150537634357
0.0008602150537634357
0.0008602150537634357
0.0008602150537634357
0.0008602150537634357
0.0008602150537634357
0.0008602150537634357
0.0008602150537634357
0.000430292598967319
0.000430292598967319
0.000430292598967319
0.000430292598967319
0.000430292598967319
0.000430292598967319
0.000430292598967319
0.000430292598967319
0.000430292598967319
0.000430292598967319
0.000430292598967319
0.000430292598967319
0.000430292598967319
0.000430292598967319
0.000430292598967319
0.000430292598967319
0.000430292598967319
0.000430292598967319
0.000430292598967319
0.000430292598967319
0.000430292598967319
0.000430292598967319
0.000430292598967319
0.000430292598967319
0.000430292598967319
0.000430292598967319
0.000430292598967319
0.000430292598967319
0.000430292598967319
0.000430292598967319
0.000430292598967319
0.000430292598967319
0.000430292598967319
0.000430292598967319
0.000430292598967319
0.000430292598967319
0.000430292598967319
0.000430292598967319
0.000430292598967319
0.0012897678417884695
0.0012897678417884695
0.0012897678417884695
0.0012897678417884695
0.0012897678417884695
0.0012897678417884695
0.000430292598967319
0.000430292598967319
0.000430292598967319
0.000430292598967319
0.000430292598967319
0.000430292598967319
0.000430292598967319
0.000430292598967319
0.000430292598967319
0.000430292598967319
0.000430292598967319
0.000430292598967319
0.000430292598967319
0.000430292598967319
0.000430292598967319
0.000430292598967319
0.000430292598967319
0.000430292598967319
0.000430292598967319
0.000430292598967319
0.000430292598967319
0.000430292598967319
0.000430292598967319
0.000430292598967319
0.000430292598967319
0.000430292598967319
0.000430292598967319
0.000430292598967319
0.000430292598967319
0.000430292598967319
0.000430292598967319
0.000430292598967319
0.000430292598967319
0.000430292598967319
0.000430292598967319
0.000430292598967319
0.000430292598967319
0.000430292598967319
0.000430292598967319
0.000430292598967319
0.000430292598967319
0.000430292598967319
0.000430292598967319
0.000430292598967319
0.000430292598967319
0.000430292598967319
0.000430292598967319
0.0008602150537634357
0.000430292598967319
1.0
0.000430292598967319
0.000430292598967319
0.000430292598967319
0.0008602150537634357
0.0008602150537634357
0.0008602150537634357
0.0008602150537634357
0.0008602150537634357
0.000430292598967319
0.000430292598967319
0.0012897678417884695
0.0008602150537634357
0.0008602150537634357
0.0008602150537634357
0.0008602150537634357
0.0008602150537634357
0.0008602150537634357
0.0008602150537634357
0.0008602150537634357
0.000430292598967319
0.000430292598967319
0.0008602150537634357
0.000430292598967319
0.000430292598967319
0.000430292598967319
0.000430292598967319
0.000430292598967319
0.000430292598967319
0.000430292598967319
0.000430292598967319
0.000430292598967319
0.000430292598967319
0.000430292598967319
0.0008602150537634357
0.000430292598967319
0.000430292598967319
0.0008602150537634357
0.0008602150537634357
0.0008602150537634357
0.0008602150537634357
0.0008602150537634357
0.0008602150537634357
0.0008602150537634357
0.0008602150537634357
0.0008602150537634357
0.000430292598967319
0.0008602150537634357
0.000430292598967319
0.000430292598967319
0.000430292598967319
0.000430292598967319
0.000430292598967319
0.000430292598967319
0.000430292598967319
0.000430292598967319
0.000430292598967319
0.000430292598967319
0.000430292598967319
0.000430292598967319
0.000430292598967319
0.000430292598967319
0.000430292598967319
0.000430292598967319
0.000430292598967319
0.000430292598967319
0.000430292598967319
0.000430292598967319
0.000430292598967319
0.000430292598967319
0.0012897678417884695
0.000430292598967319
0.000430292598967319
0.000430292598967319
0.0008602150537634357
0.000430292598967319
0.000430292598967319
0.000430292598967319
0.000430292598967319
0.000430292598967319
0.0008602150537634357
0.0008602150537634357
0.000430292598967319
0.000430292598967319
0.000430292598967319
0.000430292598967319
0.0011092623405435376
0.000430292598967319
0.000430292598967319
0.0012897678417884695
0.0012897678417884695
0.000430292598967319
0.0012897678417884695
0.0012897678417884695
0.0012897678417884695
0.0012897678417884695
0.0005549389567147678
0.000430292598967319
0.000430292598967319
0.001290322580645209
0.0008602150537634357
0.0019255455712451353
0.0011098779134295356
0.0008602150537634357
0.0012897678417884695
0.0011098779134295356
0.001662971175166339
0.001662971175166339
0.001662971175166339
0.001662971175166339
0.0008602150537634357
0.0011092623405435376
