0.4481907894736842
0.4589371980676329
0.45587820693543835
0.40228136882129273
0.461361014994233
0.4018264840182648
0.44708777686628387
0.461671469740634
0.461671469740634
0.44672131147540983
0.4018264840182648
0.4018264840182648
0.4784324781505498
0.4745065789473685
0.4878419452887538
0.4552112676056338
0.4018264840182648
0.4745065789473685
0.4745065789473685
0.4745065789473685
0.4964140337274665
0.4466338259441708
0.4874524714828897
0.461671469740634
0.461671469740634
0.4976262408286577
0.461671469740634
0.461671469740634
0.461671469740634
0.4018264840182648
0.4489291598023064
0.4018264840182648
0.40228136882129273
0.487062404870624
0.4874524714828897
0.4018264840182648
0.4785788923719958
0.4018264840182648
0.4018264840182648
0.40228136882129273
0.4018264840182648
0.40228136882129273
0.4874524714828897
0.4607789358200768
0.461361014994233
0.4607789358200768
0.46092678914176033
0.46092678914176033
0.45587820693543835
0.4537922243467176
0.46140552995391704
0.4874524714828897
0.487062404870624
0.4539662312838484
0.45367717287488063
0.46092678914176033
0.487062404870624
0.40228136882129273
0.4874524714828897
0.4552112676056338
0.4018264840182648
0.4874524714828897
0.487062404870624
1.0
0.45587820693543835
0.6701418560929755
0.4937899887090704
0.4937899887090704
0.6701982228298018
