0.0007587253414264028
0.0003528581510232609
0.0009680542110358514
0.0009578544061302763
0.00047915668423570423
0.00047915668423570423
0.02750740584003386
1.0
0.006637168141592875
0.013610888710968827
0.013610888710968827
0.013215859030836996
0.013610888710968827
0.013215859030836996
0.013610888710968827
0.011125654450261813
0.013610888710968827
0.013215859030836996
0.010801963993453345
0.013610888710968827
0.013215859030836996
0.013610888710968827
0.013610888710968827
0.010801963993453345
0.01922322479403693
0.013610888710968827
0.013215859030836996
0.013215859030836996
0.013215859030836996
0.013215859030836996
0.011125654450261813
0.0004828585224528892
0.0004828585224528892
0.013610888710968827
-1.0
0.013215859030836996
0.01562998405103666
0.0009652509652510188
1.0
0.013610888710968827
0.013215859030836996
0.013215859030836996
0.013215859030836996
0.0003795066413662118
0.013215859030836996
0.013610888710968827
