0.0
0.0003824091778202865
0.0002240645305847666
0.0003231017770597422
0.035775127768313486
6.833868653044473e-05
0.0001610565308423073
0.0
0.035775127768313486
0.0
0.0
0.00044802867383508804
0.00015982100047950976
5.157563566970946e-05
0.00044802867383508804
0.00044802867383508804
0.00013107877834583892
0.00044802867383508804
0.00044802867383508804
0.00013222266296442076
0.00013107877834583892
0.00013087292239233328
0.00013087292239233328
0.00013087292239233328
0.00013087292239233328
0.0002617115938235992
0.00013215276860045755
0.00044802867383508804
0.00013225763787860778
0.00013222266296442076
0.00013107877834583892
0.00013107877834583892
0.00013087292239233328
0.00013087292239233328
0.00014760147601478035
0.00044802867383508804
6.479621590094187e-05
0.0006459948320413078
0.00014874312063062334
0.00014874312063062334
0.0006459948320413078
0.00014686444411804445
0.00014703720041175927
0.0001476450612727387
0.00014760147601478035
0.00014703720041175927
0.00014686444411804445
0.00014861049190073583
0.00029726516052319685
0.0006459948320413078
0.00016079755587716793
0.0001487873828299735
0.0001487873828299735
0.00014874312063062334
0.0006459948320413078
0.00026448029621795044
0.0001487873828299735
9.279020135477545e-05
0.00044385264092317023
0.00013087292239233328
0.00014865467518954123
0.0001610565308423073
0.00030525030525030417
0.00015316281206922966
0.00013087292239233328
0.00013225763787860778
0.000486144871171601
0.0002951593860684998
0.00016183848519180088
0.0009680542110358514
0.0
0.0
0.00013225763787860778
0.00013215276860045755
0.00013087292239233328
0.00013107877834583892
0.00013107877834583892
0.0007604562737643095
0.0
0.00014861049190073583
0.0
0.0
0.00013222266296442076
0.0004474272930649059
0.00013107877834583892
0.00013087292239233328
0.00013225763787860778
0.00022376370552701363
0.0001487873828299735
0.0001519525907917041
0.0
0.00044802867383508804
0.00016183848519180088
0.0009746588693957392
0.00016012810248200449
0.00016002560409666966
0.00013225763787860778
0.0001487873828299735
0.0001526484506182424
0.0
0.0003735524841240734
7.025925665704591e-05
0.00015112588786458936
0.00014686444411804445
0.0
9.721007096330503e-05
0.00014865467518954123
0.0
0.00032164683177871023
0.0009680542110358514
0.0
0.0009746588693957392
0.0001526484506182424
0.0007604562737643095
0.0009746588693957392
0.0
0.00015306903413436768
0.00014703720041175927
0.0
0.0
0.0
0.00015121729925904326
0.00015112588786458936
0.0
0.0
0.023883021933387538
0.0
0.0001476450612727387
0.0
0.0
0.0
0.0
0.0
0.0002951593860684998
0.0
0.00015112588786458936
0.0
0.0
0.0009680542110358514
0.00015121729925904326
0.0007604562737643095
0.00038037276530999975
0.0
0.000764525993883769
0.0001526484506182424
0.0
0.0
0.0001610565308423073
0.00016023073225446272
0.0
9.324009324007676e-05
9.324009324007676e-05
0.00037411148522259463
0.0003050640634533197
0.0
9.65530559041694e-05
0.00015255530129676398
0.0003047851264857959
0.0007593014426727773
0.0009680542110358514
