0.016233766233766232
-1.0
-1.0
-1.0
0.00026102845210127906
0.027101769911504425
0.0005219206680584551
0.0005219206680584551
0.0319634703196347
1.0
-1.0
0.00030165912518853697
0.0005858230814294083
-1.0
-1.0
0.0
0.0
0.0
0.015533980582524271
0.00030165912518853697
0.0005219206680584551
0.0005252100840336134
0.00026102845210127906
0.00026102845210127906
0.00026102845210127906
-1.0
0.01664490861618799
-1.0
0.0012961762799740765
1.0
0.5950644980370162
0.0
-1.0
1.0
-1.0
-1.0
-1.0
1.0
-1.0
0.0
-1.0
-1.0
-1.0
-1.0
-1.0
0.00029994001199760045
0.5951099147599821
1.0
-1.0
1.0
1.0
1.0
-1.0
-1.0
1.0
-1.0
-1.0
-1.0
-1.0
