0.6296296296296297
0.6666666666666666
0.6538461538461539
0.0
0.5263157894736842
0.5263157894736842
0.5263157894736842
0.5263157894736842
0.6538461538461539
0.6666666666666666
0.5238095238095238
0.5263157894736842
0.0
0.55
0.0
0.0
0.4305555555555556
0.0
0.5
0.5263157894736842
0.5263157894736842
0.5263157894736842
0.6538461538461539
0.5
0.55
0.55
0.5263157894736842
0.5263157894736842
0.55
0.5238095238095238
0.55
0.0
0.0
0.0
0.5238095238095238
0.0
0.5263157894736842
0.5238095238095238
0.55
0.5263157894736842
0.55
0.0
0.0
0.5263157894736842
0.5263157894736842
0.5263157894736842
0.5
0.0
0.5238095238095238
0.5263157894736842
0.55
0.6666666666666666
0.6538461538461539
0.0
0.5263157894736842
0.5263157894736842
0.55
0.55
0.55
0.6538461538461539
0.0
0.0
0.0
0.0
0.0
0.0
0.6428571428571429
0.55
0.5263157894736842
0.5
0.0
0.6666666666666666
0.6666666666666666
0.0
0.0
0.55
0.5263157894736842
0.6296296296296297
0.55
0.0
0.55
0.6538461538461539
0.6538461538461539
0.6666666666666666
0.55
0.5263157894736842
0.55
0.5
0.5263157894736842
0.5
0.0
0.0
0.6538461538461539
0.6666666666666666
0.5263157894736842
0.0
0.0
0.0
0.6538461538461539
0.5263157894736842
0.6538461538461539
0.5
0.6538461538461539
0.0
0.5263157894736842
0.6666666666666666
0.6666666666666666
0.5263157894736842
0.5263157894736842
0.0
0.6666666666666666
0.6666666666666666
0.6538461538461539
0.6666666666666666
0.5263157894736842
0.5263157894736842
0.6538461538461539
0.0
0.55
0.55
0.55
0.6538461538461539
0.6538461538461539
0.3888888888888889
0.5263157894736842
0.6666666666666666
0.0
0.55
0.55
0.0
0.0
0.5263157894736842
0.6538461538461539
0.5263157894736842
0.0
0.0
0.55
0.5263157894736842
0.0
0.5263157894736842
0.5263157894736842
0.55
0.5238095238095238
0.6666666666666666
0.6666666666666666
0.5263157894736842
0.0
0.6666666666666666
0.5263157894736842
0.5
0.6538461538461539
0.55
0.6538461538461539
0.5238095238095238
0.6666666666666666
0.0
0.55
0.6538461538461539
0.55
0.6666666666666666
0.5263157894736842
0.5263157894736842
0.6666666666666666
0.6666666666666666
0.55
0.6666666666666666
0.55
0.55
0.0
0.6538461538461539
0.0
0.0
0.0
0.5263157894736842
0.5263157894736842
0.5263157894736842
0.5
0.0
0.5238095238095238
0.55
0.6428571428571429
0.55
0.5263157894736842
0.0
0.5263157894736842
0.6538461538461539
0.0
0.0
0.0
0.0
0.6666666666666666
0.5263157894736842
0.5263157894736842
0.5
0.5263157894736842
0.0
0.5263157894736842
0.5263157894736842
0.6538461538461539
0.5238095238095238
0.55
0.7310924369747899
0.55
0.0
0.0
0.6538461538461539
0.6666666666666666
0.55
0.55
0.5263157894736842
0.5263157894736842
0.5263157894736842
0.0
0.6666666666666666
0.5263157894736842
0.0
0.0
0.0
0.5263157894736842
0.55
0.55
0.55
0.5263157894736842
0.30303030303030304
0.0
0.5263157894736842
0.0
0.0
0.55
0.0
0.55
0.0
0.5263157894736842
0.21153846153846154
0.0
0.5238095238095238
0.5263157894736842
0.5
0.5263157894736842
0.5263157894736842
0.0
0.5263157894736842
0.0
0.0
0.0
0.6666666666666666
0.6538461538461539
0.6538461538461539
0.0
0.0
0.55
0.55
0.5263157894736842
0.6666666666666666
0.6538461538461539
0.0
0.55
0.6538461538461539
0.5263157894736842
0.6538461538461539
0.55
0.5263157894736842
0.0
0.6666666666666666
0.5263157894736842
0.5263157894736842
0.55
0.6666666666666666
0.55
0.5263157894736842
0.5263157894736842
0.55
0.7272727272727273
0.55
0.5
0.5263157894736842
0.0
0.6666666666666666
0.5238095238095238
0.55
0.8043478260869565
0.6666666666666666
0.5263157894736842
0.0
0.5263157894736842
0.5263157894736842
0.0
0.5263157894736842
0.0
0.6666666666666666
0.5263157894736842
0.6538461538461539
0.0
0.5238095238095238
0.0
0.3888888888888889
0.5263157894736842
0.5263157894736842
0.5263157894736842
0.6666666666666666
0.5263157894736842
0.6538461538461539
0.0
0.55
0.0
0.0
0.0
0.55
0.55
0.5263157894736842
0.6538461538461539
0.55
0.55
0.6538461538461539
0.6538461538461539
0.0
0.6538461538461539
0.0
0.6538461538461539
0.0
0.0
0.5263157894736842
0.55
0.5263157894736842
0.0
0.0
0.0
0.5263157894736842
0.55
0.55
0.0
0.55
0.0
0.55
0.0
0.6666666666666666
0.0
0.6538461538461539
0.0
0.55
0.5263157894736842
0.0
0.0
0.5263157894736842
0.0
0.55
0.5263157894736842
0.5263157894736842
0.5263157894736842
0.6538461538461539
0.6538461538461539
0.6666666666666666
0.6538461538461539
0.0
0.0
0.6666666666666666
0.55
0.5263157894736842
0.0
0.7272727272727273
0.5263157894736842
0.5263157894736842
0.0
0.0
0.55
0.6666666666666666
0.55
0.0
0.6538461538461539
0.5263157894736842
0.0
0.55
0.5263157894736842
0.5263157894736842
0.6538461538461539
0.55
0.6538461538461539
0.55
0.5263157894736842
0.0
0.5263157894736842
0.6666666666666666
0.5263157894736842
0.0
0.55
0.55
0.46774193548387094
0.5263157894736842
0.5238095238095238
0.6538461538461539
0.6538461538461539
0.5
0.5263157894736842
0.6538461538461539
0.6666666666666666
0.5263157894736842
0.5263157894736842
0.5263157894736842
0.5263157894736842
0.5263157894736842
0.6538461538461539
0.6538461538461539
0.6666666666666666
0.0
0.6538461538461539
0.6538461538461539
0.6538461538461539
0.5263157894736842
0.5238095238095238
0.0
0.5238095238095238
0.5263157894736842
0.55
0.5263157894736842
0.6666666666666666
0.55
0.5263157894736842
0.0
0.6538461538461539
0.55
0.6538461538461539
0.0
0.55
0.55
0.0
0.6538461538461539
0.6538461538461539
0.40789473684210525
0.6666666666666666
0.6538461538461539
0.0
0.6666666666666666
0.6666666666666666
0.6666666666666666
0.6666666666666666
0.5263157894736842
0.5238095238095238
0.6666666666666666
0.5263157894736842
0.0
0.6666666666666666
0.5263157894736842
0.5263157894736842
0.5263157894736842
0.0
0.0
0.0
0.6538461538461539
0.55
0.0
0.0
0.0
0.5263157894736842
0.0
0.55
0.5
0.0
0.55
0.5263157894736842
0.6666666666666666
0.5
0.55
0.6538461538461539
0.5263157894736842
0.5263157894736842
0.0
0.6666666666666666
0.5
0.5263157894736842
0.7272727272727273
0.6666666666666666
0.5
0.0
0.6538461538461539
0.0
0.0
0.6538461538461539
0.6666666666666666
0.5238095238095238
0.6666666666666666
0.55
0.55
0.6538461538461539
0.6666666666666666
0.6859504132231405
0.6666666666666666
0.0
0.6538461538461539
0.5238095238095238
0.55
0.6296296296296297
0.0
0.0
0.55
0.6666666666666666
0.5263157894736842
0.55
0.0
0.0
0.6538461538461539
0.55
0.0
0.0
0.0
0.5263157894736842
0.55
0.5263157894736842
0.0
0.55
0.55
0.0
0.5263157894736842
0.0
0.0
0.6666666666666666
0.5263157894736842
0.6666666666666666
0.0
0.0
0.5263157894736842
0.6666666666666666
0.6666666666666666
0.55
0.6296296296296297
0.55
0.6538461538461539
0.6666666666666666
0.55
0.5263157894736842
0.55
0.6666666666666666
0.0
0.55
0.6538461538461539
0.0
0.6666666666666666
0.5263157894736842
0.55
0.5263157894736842
0.6538461538461539
0.5263157894736842
0.0
0.5
0.55
0.0
0.5
0.55
0.5
0.6666666666666666
0.5238095238095238
0.55
0.55
0.5263157894736842
0.55
0.55
0.5263157894736842
0.0
0.5263157894736842
0.5263157894736842
0.6666666666666666
0.6666666666666666
0.6666666666666666
0.55
0.5263157894736842
0.3888888888888889
0.55
0.6666666666666666
0.5263157894736842
0.5263157894736842
0.5
0.55
0.6538461538461539
0.5263157894736842
0.55
0.0
0.0
0.6666666666666666
0.55
0.5263157894736842
0.5263157894736842
0.5263157894736842
0.5263157894736842
0.0
0.6666666666666666
0.5263157894736842
0.5263157894736842
0.55
0.0
0.6666666666666666
0.55
0.0
0.55
0.0
0.6666666666666666
0.0
0.6538461538461539
0.6538461538461539
0.5
0.0
0.6666666666666666
0.55
0.55
0.55
0.0
0.5238095238095238
0.55
0.5263157894736842
0.6538461538461539
0.6666666666666666
0.5263157894736842
0.55
0.55
0.6666666666666666
0.55
0.0
0.55
0.6666666666666666
0.5263157894736842
0.5263157894736842
0.55
0.6666666666666666
0.55
0.5263157894736842
0.5263157894736842
0.0
0.0
0.0
0.6538461538461539
0.55
0.5263157894736842
0.0
0.0
0.6538461538461539
0.56
0.0
0.0
0.0
0.0
0.0
0.6538461538461539
0.0
0.5263157894736842
0.0
0.55
0.0
0.7272727272727273
0.5263157894736842
0.0
0.55
0.55
0.6538461538461539
0.5263157894736842
0.0
0.0
0.5263157894736842
0.0
0.0
0.5
0.6538461538461539
0.55
0.5
0.5
0.5263157894736842
0.5
0.6538461538461539
0.6666666666666666
0.7416666666666667
0.55
0.5263157894736842
0.55
0.6538461538461539
0.5263157894736842
0.5263157894736842
0.5263157894736842
0.5263157894736842
0.55
0.55
0.5263157894736842
0.6666666666666666
0.6666666666666666
0.5263157894736842
0.55
0.0
0.6666666666666666
0.6666666666666666
0.5263157894736842
0.6666666666666666
0.55
0.5263157894736842
0.5263157894736842
0.5238095238095238
0.5238095238095238
0.7310924369747899
0.5263157894736842
0.6538461538461539
0.55
0.5
0.0
0.6666666666666666
0.55
0.6538461538461539
0.6428571428571429
0.6428571428571429
0.0
0.5263157894736842
0.6666666666666666
0.6538461538461539
0.5263157894736842
0.5263157894736842
0.0
0.0
0.55
0.5263157894736842
0.55
0.5
0.0
0.6538461538461539
0.5263157894736842
0.5238095238095238
0.5263157894736842
0.6538461538461539
0.5263157894736842
0.6538461538461539
0.6296296296296297
0.0
0.6538461538461539
0.0
0.0
0.5263157894736842
0.6538461538461539
0.0
0.5263157894736842
0.6538461538461539
0.55
0.6538461538461539
0.0
0.55
0.6538461538461539
0.6666666666666666
0.55
0.0
0.55
0.55
0.0
0.6666666666666666
0.0
0.6666666666666666
0.0
0.6666666666666666
0.7272727272727273
0.0
0.6666666666666666
0.0
0.5263157894736842
0.0
0.55
0.6666666666666666
0.5263157894736842
0.5263157894736842
0.55
0.7272727272727273
0.5263157894736842
0.0
0.6538461538461539
0.6538461538461539
0.0
0.0
0.6538461538461539
0.0
0.55
0.6666666666666666
0.55
0.6666666666666666
0.5263157894736842
0.5
0.0
0.6538461538461539
0.55
0.5263157894736842
0.55
0.5238095238095238
0.5263157894736842
0.6666666666666666
0.55
0.6666666666666666
0.0
0.6666666666666666
0.5263157894736842
0.5238095238095238
0.5263157894736842
0.6666666666666666
0.6666666666666666
0.6538461538461539
0.6666666666666666
0.6666666666666666
0.0
0.6666666666666666
0.6666666666666666
0.6666666666666666
0.5238095238095238
0.0
0.5263157894736842
0.55
0.6666666666666666
0.6666666666666666
0.5263157894736842
0.6666666666666666
0.5263157894736842
0.0
0.0
0.55
0.5263157894736842
0.55
0.5263157894736842
0.6666666666666666
0.55
0.0
0.55
0.55
0.55
0.55
0.6666666666666666
0.55
0.55
0.5263157894736842
0.5263157894736842
0.55
0.7416666666666667
0.5263157894736842
0.5
0.6666666666666666
0.55
0.0
0.0
0.5263157894736842
0.6538461538461539
0.5263157894736842
0.0
0.0
0.0
0.55
0.6666666666666666
0.6666666666666666
0.6666666666666666
0.5263157894736842
0.6666666666666666
0.0
0.6666666666666666
0.55
0.5263157894736842
0.5263157894736842
0.0
0.0
0.5263157894736842
0.5263157894736842
0.6666666666666666
0.0
0.0
0.55
0.746031746031746
0.0
0.6538461538461539
0.0
0.0
0.0
0.5263157894736842
0.55
0.0
0.55
0.7272727272727273
0.55
0.5263157894736842
0.7272727272727273
0.55
0.6666666666666666
0.5
0.0
0.5263157894736842
0.0
0.5263157894736842
0.55
0.0
0.55
0.6666666666666666
0.0
0.5263157894736842
0.6538461538461539
0.0
0.0
0.5263157894736842
0.6666666666666666
0.6666666666666666
0.55
0.5263157894736842
0.5238095238095238
0.6538461538461539
0.55
0.6666666666666666
0.0
0.55
0.5263157894736842
0.0
0.5263157894736842
0.5263157894736842
0.6666666666666666
0.55
0.55
0.6538461538461539
0.6538461538461539
0.3888888888888889
0.55
0.6538461538461539
0.0
0.55
0.55
0.5263157894736842
0.5238095238095238
0.5238095238095238
0.55
0.6538461538461539
0.0
0.6538461538461539
0.6666666666666666
0.0
0.6538461538461539
0.6538461538461539
0.0
0.0
0.0
0.5263157894736842
0.5263157894736842
0.55
0.55
0.6666666666666666
0.55
0.5263157894736842
0.6538461538461539
0.5263157894736842
0.6538461538461539
0.6538461538461539
0.5263157894736842
0.6538461538461539
0.746031746031746
0.55
0.6538461538461539
0.55
0.5263157894736842
0.55
0.5263157894736842
0.55
0.5263157894736842
0.55
0.5263157894736842
0.5263157894736842
0.5263157894736842
0.6666666666666666
0.0
0.55
0.6538461538461539
0.55
0.5263157894736842
0.6666666666666666
0.5263157894736842
0.5263157894736842
0.55
0.5238095238095238
0.5263157894736842
0.6666666666666666
0.5263157894736842
0.0
0.5
0.5263157894736842
0.6666666666666666
0.5
0.5
0.6538461538461539
0.5263157894736842
0.0
0.6666666666666666
0.5263157894736842
0.5263157894736842
0.0
0.55
0.6538461538461539
0.3888888888888889
0.0
0.0
0.6538461538461539
0.6666666666666666
0.6538461538461539
0.6538461538461539
0.0
0.7310924369747899
0.5238095238095238
0.6538461538461539
0.6538461538461539
0.55
0.5263157894736842
0.5263157894736842
0.3888888888888889
0.5238095238095238
0.6538461538461539
0.6538461538461539
0.5263157894736842
0.6538461538461539
0.6538461538461539
0.5263157894736842
0.5263157894736842
0.55
0.6538461538461539
0.0
0.55
0.0
0.5238095238095238
0.5263157894736842
0.5263157894736842
0.6666666666666666
0.6538461538461539
0.55
0.5263157894736842
0.5263157894736842
0.5263157894736842
0.6666666666666666
0.0
0.5
0.0
0.6538461538461539
0.6538461538461539
0.6666666666666666
0.5
0.6538461538461539
0.0
0.0
0.6538461538461539
0.5263157894736842
0.0
0.0
0.6666666666666666
0.0
0.55
0.5263157894736842
0.6666666666666666
0.0
0.0
0.0
0.5
0.55
0.0
0.0
0.5263157894736842
0.5238095238095238
0.0
0.55
0.5263157894736842
0.36764705882352944
0.55
0.5263157894736842
0.0
0.5263157894736842
0.0
0.0
0.0
0.55
0.3888888888888889
0.55
0.6666666666666666
0.6666666666666666
0.55
0.8043478260869565
0.0
0.5238095238095238
0.6538461538461539
0.6538461538461539
0.0
0.6666666666666666
0.6666666666666666
0.6538461538461539
0.6538461538461539
0.0
0.6666666666666666
0.6666666666666666
0.6666666666666666
0.0
0.55
0.6538461538461539
0.5263157894736842
0.5263157894736842
0.5263157894736842
0.0
0.0
0.5263157894736842
0.5263157894736842
0.6666666666666666
0.6666666666666666
0.6538461538461539
0.6666666666666666
0.5263157894736842
0.6666666666666666
0.5263157894736842
0.5263157894736842
0.6666666666666666
0.3888888888888889
0.6666666666666666
0.0
0.0
0.5238095238095238
0.0
0.5263157894736842
0.5263157894736842
0.0
0.0
0.6666666666666666
0.6666666666666666
0.6666666666666666
0.6666666666666666
0.6428571428571429
0.55
0.0
0.5238095238095238
0.0
0.5263157894736842
0.6666666666666666
0.6666666666666666
0.5263157894736842
0.6666666666666666
0.55
0.5263157894736842
0.5263157894736842
0.55
0.7310924369747899
0.55
0.0
0.5263157894736842
0.55
0.6538461538461539
0.6538461538461539
0.5263157894736842
0.55
0.55
0.6538461538461539
0.6538461538461539
0.0
0.55
0.0
0.0
0.55
0.55
0.6666666666666666
0.6666666666666666
0.5263157894736842
0.5263157894736842
0.5263157894736842
0.0
0.5263157894736842
0.55
0.0
0.0
0.0
0.5263157894736842
0.6538461538461539
0.6666666666666666
0.5263157894736842
0.5263157894736842
0.55
0.6538461538461539
0.6538461538461539
0.6666666666666666
0.5263157894736842
0.0
0.6666666666666666
0.5263157894736842
0.0
0.5263157894736842
0.6538461538461539
0.0
0.6538461538461539
0.5263157894736842
0.6666666666666666
0.6666666666666666
0.5263157894736842
0.0
0.6666666666666666
0.5263157894736842
0.55
0.6666666666666666
0.34285714285714286
0.55
0.0
0.55
0.5263157894736842
0.5263157894736842
0.55
0.0
0.55
0.0
0.0
0.0
0.55
0.0
0.6538461538461539
0.39705882352941174
0.6538461538461539
0.5263157894736842
0.6666666666666666
0.0
0.55
0.0
0.55
0.0
0.5263157894736842
0.0
0.5405405405405406
0.55
0.6666666666666666
0.6666666666666666
0.0
0.5263157894736842
0.6666666666666666
0.6666666666666666
0.5263157894736842
0.6538461538461539
0.5263157894736842
0.5263157894736842
0.55
0.0
0.55
0.55
0.6666666666666666
0.6666666666666666
0.6666666666666666
0.6538461538461539
0.55
