0.0
0.0
0.0
0.0
0.0
0.0
0.0
1.0
0.0
0.3733333333333333
0.0
0.0
0.5
0.0
0.0
0.0
0.0
0.7727272727272727
0.0
0.0
0.0
0.0
0.0
0.0
0.0
0.0
0.0
0.6025641025641026
0.0
0.0
0.48235294117647054
0.0
0.0
0.0
0.0
0.0
0.0
0.6883116883116883
0.0
0.0
0.0
0.0
0.0
0.0
0.3076923076923077
0.0
0.0
0.0
0.0
0.0
0.0
0.0
0.0
0.0
0.9285714285714286
0.0
0.0
0.0
0.0
0.0
0.0
0.0
0.0
0.0
0.0
0.0
0.0
0.0
0.0
0.0
0.0
0.0
0.0
0.0
0.0
0.0
0.0
0.0
0.0
0.0
0.0
0.0
0.0
0.0
0.0
0.0
0.0
0.0
0.0
0.0
0.0
0.0
0.0
0.0
0.0
0.0
0.0
0.0
0.0
0.0
0.0
0.0
0.0
0.0
0.0
0.0
0.0
0.0
0.0
0.0
0.0
0.0
0.46478873239436624
0.8978102189781022
0.0
0.0
0.0
0.0
0.0
0.0
0.0
0.0
0.0
0.0
0.0
0.0
0.0
0.0
0.0
0.0
0.0
0.0
0.0
0.0
0.0
0.7727272727272727
0.0
0.0
0.0
0.0
0.0
0.0
0.0
0.7142857142857143
0.0
0.0
0.0
0.0
0.0
0.0
0.0
0.0
0.0
0.0
0.0
0.0
0.0
0.0
0.0
0.0
0.6025641025641026
0.0
0.0
0.0
0.0
0.6883116883116883
0.0
0.0
0.0
0.0
0.0
0.0
0.0
0.0
0.0
0.0
0.7101449275362319
0.0
0.0
0.0
0.0
0.0
0.0
0.0
0.0
0.0
0.0
0.0
0.0
0.0
0.0
0.0
0.0
0.0
0.6632653061224489
0.0
0.0
0.0
0.0
0.0
0.46478873239436624
0.0
0.0
0.0
0.0
0.0
0.0
0.0
0.0
0.0
0.0
0.0
0.0
0.0
0.0
0.0
0.0
0.0
0.0
0.0
0.0
0.0
0.0
0.0
0.0
0.0
0.0
0.75
0.0
0.0
0.0
0.0
0.0
0.0
0.0
0.7857142857142857
0.0
0.0
0.0
0.0
0.0
0.0
0.0
0.0
0.5517241379310345
0.0
0.0
0.0
0.0
0.0
0.0
0.0
0.0
0.0
0.0
0.0
0.0
0.0
0.0
0.75
0.0
0.0
0.0
0.0
0.0
0.0
0.0
0.04761904761904767
0.0
0.0
0.0
0.0
0.0
0.6923076923076923
0.0
0.0
0.0
0.0
0.0
0.0
0.0
0.0
0.0
0.0
0.0
0.0
0.0
0.0
0.0
0.0
0.0
0.0
0.0
0.6708860759493671
0.6883116883116883
0.0
0.0
0.875
0.0
0.0
0.0
0.0
0.0
0.0
0.0
0.0
0.0
0.0
0.0
0.0
0.0
0.0
0.0
0.0
0.0
0.0
0.0
0.0
0.0
0.0
0.9076923076923077
0.0
0.0
0.016949152542372836
0.0
0.0
0.9285714285714286
0.0
0.7674418604651163
0.0
0.0
0.0
0.0
0.0
0.0
0.6699999999999999
0.0
0.0
0.8978102189781022
0.0
0.0
0.0
0.0
0.0
0.0
0.0
0.0
0.0
0.0
0.0
0.0
0.0
0.0
0.0
0.0
0.0
0.0
0.7464788732394366
0.0
0.0
0.0
0.0
0.0
0.0
0.0
0.0
0.0
0.0
0.0
0.0
0.0
0.0
0.0
0.0
0.0
0.0
0.0
0.0
0.0
0.0
0.0
0.0
0.0
0.0
0.0
0.0
0.0
0.0
0.75
0.0
0.9076923076923077
0.0
0.0
0.0
0.0
0.0
0.0
0.8978102189781022
0.0
0.0
0.0
0.0
0.0
0.0
0.37142857142857144
0.0
0.0
0.0
0.0
0.0
0.0
0.0
0.0
0.0
0.0
0.0
0.0
0.0
0.0
0.0
0.0
0.0
0.0
0.0
0.0
0.0
0.0
0.0
0.0
0.28846153846153844
0.0
0.0
0.0
0.0
0.0
0.0
0.0
0.0
0.0
0.0
0.0
0.0
0.0
0.0
0.0
0.0
0.75
0.0
0.0
0.0
0.8978102189781022
0.0
0.0
0.0
0.9193548387096774
0.0
0.0
0.0
0.7674418604651163
0.0
0.6883116883116883
0.8978102189781022
0.0
0.0
0.0
0.0
0.7222222222222222
0.0
0.7674418604651163
0.0
0.0
0.0
0.0
0.0
0.0
0.0
0.0
0.0
0.0
0.0
0.0
0.0
0.0
0.0
0.0
0.0
0.0
0.0
0.0
0.0
0.0
0.0
0.32307692307692304
0.0
0.0
0.0
0.0
0.0
0.0
0.0
0.6632653061224489
0.0
0.0
0.0
0.0
0.0
0.0
0.0
0.0
0.0
0.0
0.0
0.0
0.0
0.0
0.0
0.845360824742268
0.0
0.0
0.0
0.0
0.0
0.8978102189781022
0.0
0.0
0.0
0.0
0.9285714285714286
0.0
0.0
0.0
0.6883116883116883
0.0
0.0
0.0
0.0
0.0
0.0
0.0
0.0
0.0
0.0
0.6046511627906976
0.0
0.0
0.0
0.75
0.0
0.0
0.0
0.0
0.5977011494252873
0.0
0.0
0.0
0.0
0.0
