0.7395833333333334
0.695364238410596
0.7168141592920354
0.6964285714285714
0.9050632911392406
0.0
0.7807017543859649
0.6904761904761905
0.0
0.5111111111111111
0.7833333333333333
0.8099415204678363
0.6872246696035242
0.5955056179775281
0.6210526315789474
0.7096774193548387
0.0
0.7681660899653979
0.7168141592920354
0.0
0.7833333333333333
0.9704142011834319
0.0
0.6936936936936937
0.5166666666666667
0.7862232779097387
0.6358024691358025
0.6698412698412698
0.8274111675126904
0.0
0.0
0.0
0.6210526315789474
0.5234741784037559
0.0
0.0
0.6210526315789474
0.7068965517241379
0.6210526315789474
0.7112299465240641
0.7915936952714536
0.7681660899653979
0.7264957264957265
0.6190476190476191
0.5488888888888889
0.0
0.6210526315789474
0.0
0.7068965517241379
0.7183908045977011
0.6872246696035242
0.0
0.9538904899135446
0.5988857938718662
0.7068965517241379
0.7040358744394619
0.7096774193548387
0.0
0.577922077922078
0.7547169811320755
0.5454545454545454
0.8808193668528864
0.6860068259385665
0.7168141592920354
0.7096774193548387
0.6991150442477876
0.7096774193548387
0.5844594594594594
0.6123853211009175
0.5695364238410596
0.632258064516129
0.1388888888888889
0.0
0.6058823529411764
0.237012987012987
0.8583162217659137
0.7686832740213523
0.0
0.7788104089219331
0.7750865051903114
0.0
0.8832116788321168
0.7151162790697675
0.0
0.8030942334739803
0.0
0.8162162162162162
0.7169117647058824
0.7151162790697675
0.0
0.6210526315789474
0.0
0.8298429319371727
0.868231046931408
0.7962382445141066
0.4954545454545455
0.7043478260869566
0.7098445595854922
0.09285714285714286
0.6872246696035242
0.8298429319371727
0.9031339031339032
0.6919060052219321
0.5575757575757576
0.0
0.0
0.8688524590163934
0.5739644970414202
0.8106508875739645
0.5200945626477541
0.5797872340425532
0.6059113300492611
0.0
0.9070422535211268
0.0
0.7843137254901961
0.6210526315789474
0.7709320695102686
0.0
0.782608695652174
0.6210526315789474
0.0
0.7913978494623656
0.6210526315789474
0.807909604519774
0.6902654867256637
0.7709320695102686
0.936
0.6
0.0
0.7096774193548387
