0.0
0.0
0.0
0.0
0.0
0.0
0.0
1.0
0.0
0.37333333333333335
0.0
0.0
0.5
0.0
0.0
0.0
0.0
0.7727272727272727
0.0
0.0
0.0
0.0
0.0
0.0
0.0
0.0
0.0
0.6025641025641025
0.0
0.0
0.4823529411764706
0.0
0.0
0.0
0.0
0.0
0.0
0.6883116883116883
0.0
0.0
0.0
0.0
0.0
0.0
0.3076923076923077
0.0
0.0
0.0
0.0
0.0
0.0
0.0
0.0
0.0
0.9285714285714286
0.0
0.0
0.0
0.0
0.0
0.0
0.0
0.0
0.0
0.0
0.0
0.0
0.0
0.0
0.0
0.0
0.0
0.0
0.0
0.0
0.0
0.0
0.0
0.0
0.0
0.0
0.0
0.0
0.0
0.0
0.0
0.0
0.0
0.0
0.0
0.0
0.0
0.0
0.0
0.0
0.0
0.0
0.0
0.0
0.0
0.0
0.0
0.0
0.0
0.0
0.0
0.0
0.0
0.0
0.0
0.0
0.0
0.4647887323943662
0.8978102189781022
0.0
0.0
0.0
0.0
0.0
0.0
0.0
0.0
0.0
0.0
0.0
0.0
0.0
0.0
0.0
0.0
0.0
0.0
0.0
0.0
0.0
0.7727272727272727
0.0
0.0
0.0
0.0
0.0
0.0
0.0
0.7142857142857143
0.0
0.0
0.0
0.0
0.0
0.0
0.0
0.0
0.0
0.0
0.0
0.0
0.0
0.0
0.0
0.0
0.6025641025641025
0.0
0.0
0.0
0.0
0.6883116883116883
0.0
0.0
0.0
0.0
0.0
0.0
0.0
0.0
0.0
0.0
0.7101449275362319
0.0
0.0
0.0
0.0
0.0
0.0
0.0
0.0
0.0
0.0
0.0
0.0
0.0
0.0
0.0
0.0
0.0
0.6632653061224489
0.0
0.0
0.0
0.0
0.0
0.4647887323943662
0.0
0.0
0.0
0.0
0.0
0.0
0.0
0.0
0.0
0.0
0.0
0.0
0.0
0.0
0.0
0.0
0.0
0.0
0.0
0.0
0.0
0.0
0.0
0.0
0.0
0.0
0.75
0.0
0.0
0.0
0.0
0.0
0.0
0.0
0.7857142857142857
0.0
0.0
0.0
0.0
0.0
0.0
0.0
0.0
0.5517241379310345
0.0
0.0
0.0
0.0
0.0
0.0
0.0
0.0
0.0
0.0
0.0
0.0
0.0
0.0
0.75
0.0
0.0
0.0
0.0
0.0
0.0
0.0
0.047619047619047616
0.0
0.0
0.0
0.0
0.0
0.6923076923076923
0.0
0.0
0.0
0.0
0.0
0.0
0.0
0.0
0.0
0.0
0.0
0.0
0.0
0.0
0.0
0.0
0.0
0.0
0.0
0.6708860759493671
0.6883116883116883
0.0
0.0
0.875
0.0
0.0
0.0
0.0
0.0
0.0
0.0
0.0
0.0
0.0
0.0
0.0
0.0
0.0
0.0
0.0
0.0
0.0
0.0
0.0
0.0
0.0
0.9076923076923077
0.0
0.0
0.01694915254237288
0.0
0.0
0.9285714285714286
0.0
0.7674418604651163
0.0
0.0
0.0
0.0
0.0
0.0
0.67
0.0
0.0
0.8978102189781022
0.0
0.0
0.0
0.0
0.0
0.0
0.0
0.0
0.0
0.0
0.0
0.0
0.0
0.0
0.0
0.0
0.0
0.0
0.7464788732394366
0.0
0.0
0.0
0.0
0.0
0.0
0.0
0.0
0.0
0.0
0.0
0.0
0.0
0.0
0.0
0.0
0.0
0.0
0.0
0.0
0.0
0.0
0.0
0.0
0.0
0.0
0.0
0.0
0.0
0.0
0.75
0.0
0.9076923076923077
0.0
0.0
0.0
0.0
0.0
0.0
0.8978102189781022
0.0
0.0
0.0
0.0
0.0
0.0
0.37142857142857144
0.0
0.0
0.0
0.0
0.0
0.0
0.0
0.0
0.0
0.0
0.0
0.0
0.0
0.0
0.0
0.0
0.0
0.0
0.0
0.0
0.0
0.0
0.0
0.0
0.28846153846153844
0.0
0.0
0.0
0.0
0.0
0.0
0.0
0.0
0.0
0.0
0.0
0.0
0.0
0.0
0.0
0.0
0.75
0.0
0.0
0.0
0.8978102189781022
0.0
0.0
0.0
0.9193548387096774
0.0
0.0
0.0
0.7674418604651163
0.0
0.6883116883116883
0.8978102189781022
0.0
0.0
0.0
0.0
0.7222222222222222
0.0
0.7674418604651163
0.0
0.0
0.0
0.0
0.0
0.0
0.0
0.0
0.0
0.0
0.0
0.0
0.0
0.0
0.0
0.0
0.0
0.0
0.0
0.0
0.0
0.0
0.0
0.3230769230769231
0.0
0.0
0.0
0.0
0.0
0.0
0.0
0.6632653061224489
0.0
0.0
0.0
0.0
0.0
0.0
0.0
0.0
0.0
0.0
0.0
0.0
0.0
0.0
0.0
0.845360824742268
0.0
0.0
0.0
0.0
0.0
0.8978102189781022
0.0
0.0
0.0
0.0
0.9285714285714286
0.0
0.0
0.0
0.6883116883116883
0.0
0.0
0.0
0.0
0.0
0.0
0.0
0.0
0.0
0.0
0.6046511627906976
0.0
0.0
0.0
0.75
0.0
0.0
0.0
0.0
0.5977011494252874
0.0
0.0
0.0
0.0
0.0
