0.5833333333333333
0.32352941176470584
0.030303030303030276
0.1707317073170732
0.8
0.0
0.6153846153846154
0.015151515151515138
0.0
0.17500000000000004
0.6408839779005524
0.644808743169399
0.5136986301369864
0.4049586776859504
0.4461538461538461
0.28
0.0
0.6127167630057804
0.030303030303030276
0.0
0.5962732919254659
0.9411764705882353
0.0
0.1282051282051282
0.19762845849802368
0.589041095890411
0.4380952380952381
0.40909090909090906
0.5342465753424658
0.0
0.0
0.0
0.4461538461538461
0.21621621621621623
0.0
0.0
0.4461538461538461
0.1282051282051282
0.4461538461538461
0.28
0.44651162790697674
0.6127167630057804
0.030303030303030276
0.4418604651162791
0.19762845849802368
0.0
0.4461538461538461
0.0
0.1282051282051282
0.46153846153846156
0.5136986301369864
0.0
0.6767676767676767
0.3571428571428571
0.1282051282051282
0.5319148936170213
0.28
0.0
0.2441860465116279
0.5608108108108107
0.19753086419753085
0.09859154929577463
0.4320987654320988
0.030303030303030276
0.28
0.19047619047619047
0.28
0.32417582417582413
0.4212328767123288
0.2696629213483146
0.4571428571428572
0.07185628742514971
0.0
0.3679245283018868
0.10305343511450382
0.2247191011235955
0.6012269938650308
0.0
0.34615384615384615
0.622093023255814
0.0
0.6701030927835052
0.449438202247191
0.0
0.527027027027027
0.0
0.5342465753424658
0.5389221556886228
0.449438202247191
0.0
0.4461538461538461
0.0
0.044117647058823484
0.7068273092369478
0.5962732919254659
0.155893536121673
0.1282051282051282
0.4509803921568627
0.04150943396226414
0.5136986301369864
0.044117647058823484
0.7235772357723578
0.5222672064777327
0.38655462184873945
0.0
0.0
0.5151515151515151
0.4
0.632183908045977
0.20703125
0.28181818181818186
0.357429718875502
0.0
0.7079646017699115
0.0
0.639344262295082
0.4461538461538461
0.4507575757575758
0.0
0.6408839779005524
0.4461538461538461
0.0
0.6548042704626335
0.4461538461538461
0.5277777777777778
0.16666666666666663
0.4507575757575758
0.6767676767676767
0.41463414634146345
0.0
0.28
