0.6296296296296297
0.6666666666666667
0.6538461538461539
0.0
0.5263157894736843
0.5263157894736843
0.5263157894736843
0.5263157894736843
0.6538461538461539
0.6666666666666667
0.5238095238095238
0.5263157894736843
0.0
0.55
0.0
0.0
0.4305555555555556
0.0
0.5
0.5263157894736843
0.5263157894736843
0.5263157894736843
0.6538461538461539
0.5
0.55
0.55
0.5263157894736843
0.5263157894736843
0.55
0.5238095238095238
0.55
0.0
0.0
0.0
0.5238095238095238
0.0
0.5263157894736843
0.5238095238095238
0.55
0.5263157894736843
0.55
0.0
0.0
0.5263157894736843
0.5263157894736843
0.5263157894736843
0.5
0.0
0.5238095238095238
0.5263157894736843
0.55
0.6666666666666667
0.6538461538461539
0.0
0.5263157894736843
0.5263157894736843
0.55
0.55
0.55
0.6538461538461539
0.0
0.0
0.0
0.0
0.0
0.0
0.6428571428571428
0.55
0.5263157894736843
0.5
0.0
0.6666666666666667
0.6666666666666667
0.0
0.0
0.55
0.5263157894736843
0.6296296296296297
0.55
0.0
0.55
0.6538461538461539
0.6538461538461539
0.6666666666666667
0.55
0.5263157894736843
0.55
0.5
0.5263157894736843
0.5
0.0
0.0
0.6538461538461539
0.6666666666666667
0.5263157894736843
0.0
0.0
0.0
0.6538461538461539
0.5263157894736843
0.6538461538461539
0.5
0.6538461538461539
0.0
0.5263157894736843
0.6666666666666667
0.6666666666666667
0.5263157894736843
0.5263157894736843
0.0
0.6666666666666667
0.6666666666666667
0.6538461538461539
0.6666666666666667
0.5263157894736843
0.5263157894736843
0.6538461538461539
0.0
0.55
0.55
0.55
0.6538461538461539
0.6538461538461539
0.38888888888888884
0.5263157894736843
0.6666666666666667
0.0
0.55
0.55
0.0
0.0
0.5263157894736843
0.6538461538461539
0.5263157894736843
0.0
0.0
0.55
0.5263157894736843
0.0
0.5263157894736843
0.5263157894736843
0.55
0.5238095238095238
0.6666666666666667
0.6666666666666667
0.5263157894736843
0.0
0.6666666666666667
0.5263157894736843
0.5
0.6538461538461539
0.55
0.6538461538461539
0.5238095238095238
0.6666666666666667
0.0
0.55
0.6538461538461539
0.55
0.6666666666666667
0.5263157894736843
0.5263157894736843
0.6666666666666667
0.6666666666666667
0.55
0.6666666666666667
0.55
0.55
0.0
0.6538461538461539
0.0
0.0
0.0
0.5263157894736843
0.5263157894736843
0.5263157894736843
0.5
0.0
0.5238095238095238
0.55
0.6428571428571428
0.55
0.5263157894736843
0.0
0.5263157894736843
0.6538461538461539
0.0
0.0
0.0
0.0
0.6666666666666667
0.5263157894736843
0.5263157894736843
0.5
0.5263157894736843
0.0
0.5263157894736843
0.5263157894736843
0.6538461538461539
0.5238095238095238
0.55
0.73109243697479
0.55
0.0
0.0
0.6538461538461539
0.6666666666666667
0.55
0.55
0.5263157894736843
0.5263157894736843
0.5263157894736843
0.0
0.6666666666666667
0.5263157894736843
0.0
0.0
0.0
0.5263157894736843
0.55
0.55
0.55
0.5263157894736843
0.303030303030303
0.0
0.5263157894736843
0.0
0.0
0.55
0.0
0.55
0.0
0.5263157894736843
0.21153846153846156
0.0
0.5238095238095238
0.5263157894736843
0.5
0.5263157894736843
0.5263157894736843
0.0
0.5263157894736843
0.0
0.0
0.0
0.6666666666666667
0.6538461538461539
0.6538461538461539
0.0
0.0
0.55
0.55
0.5263157894736843
0.6666666666666667
0.6538461538461539
0.0
0.55
0.6538461538461539
0.5263157894736843
0.6538461538461539
0.55
0.5263157894736843
0.0
0.6666666666666667
0.5263157894736843
0.5263157894736843
0.55
0.6666666666666667
0.55
0.5263157894736843
0.5263157894736843
0.55
0.7272727272727273
0.55
0.5
0.5263157894736843
0.0
0.6666666666666667
0.5238095238095238
0.55
0.8043478260869565
0.6666666666666667
0.5263157894736843
0.0
0.5263157894736843
0.5263157894736843
0.0
0.5263157894736843
0.0
0.6666666666666667
0.5263157894736843
0.6538461538461539
0.0
0.5238095238095238
0.0
0.38888888888888884
0.5263157894736843
0.5263157894736843
0.5263157894736843
0.6666666666666667
0.5263157894736843
0.6538461538461539
0.0
0.55
0.0
0.0
0.0
0.55
0.55
0.5263157894736843
0.6538461538461539
0.55
0.55
0.6538461538461539
0.6538461538461539
0.0
0.6538461538461539
0.0
0.6538461538461539
0.0
0.0
0.5263157894736843
0.55
0.5263157894736843
0.0
0.0
0.0
0.5263157894736843
0.55
0.55
0.0
0.55
0.0
0.55
0.0
0.6666666666666667
0.0
0.6538461538461539
0.0
0.55
0.5263157894736843
0.0
0.0
0.5263157894736843
0.0
0.55
0.5263157894736843
0.5263157894736843
0.5263157894736843
0.6538461538461539
0.6538461538461539
0.6666666666666667
0.6538461538461539
0.0
0.0
0.6666666666666667
0.55
0.5263157894736843
0.0
0.7272727272727273
0.5263157894736843
0.5263157894736843
0.0
0.0
0.55
0.6666666666666667
0.55
0.0
0.6538461538461539
0.5263157894736843
0.0
0.55
0.5263157894736843
0.5263157894736843
0.6538461538461539
0.55
0.6538461538461539
0.55
0.5263157894736843
0.0
0.5263157894736843
0.6666666666666667
0.5263157894736843
0.0
0.55
0.55
0.467741935483871
0.5263157894736843
0.5238095238095238
0.6538461538461539
0.6538461538461539
0.5
0.5263157894736843
0.6538461538461539
0.6666666666666667
0.5263157894736843
0.5263157894736843
0.5263157894736843
0.5263157894736843
0.5263157894736843
0.6538461538461539
0.6538461538461539
0.6666666666666667
0.0
0.6538461538461539
0.6538461538461539
0.6538461538461539
0.5263157894736843
0.5238095238095238
0.0
0.5238095238095238
0.5263157894736843
0.55
0.5263157894736843
0.6666666666666667
0.55
0.5263157894736843
0.0
0.6538461538461539
0.55
0.6538461538461539
0.0
0.55
0.55
0.0
0.6538461538461539
0.6538461538461539
0.4078947368421053
0.6666666666666667
0.6538461538461539
0.0
0.6666666666666667
0.6666666666666667
0.6666666666666667
0.6666666666666667
0.5263157894736843
0.5238095238095238
0.6666666666666667
0.5263157894736843
0.0
0.6666666666666667
0.5263157894736843
0.5263157894736843
0.5263157894736843
0.0
0.0
0.0
0.6538461538461539
0.55
0.0
0.0
0.0
0.5263157894736843
0.0
0.55
0.5
0.0
0.55
0.5263157894736843
0.6666666666666667
0.5
0.55
0.6538461538461539
0.5263157894736843
0.5263157894736843
0.0
0.6666666666666667
0.5
0.5263157894736843
0.7272727272727273
0.6666666666666667
0.5
0.0
0.6538461538461539
0.0
0.0
0.6538461538461539
0.6666666666666667
0.5238095238095238
0.6666666666666667
0.55
0.55
0.6538461538461539
0.6666666666666667
0.6859504132231404
0.6666666666666667
0.0
0.6538461538461539
0.5238095238095238
0.55
0.6296296296296297
0.0
0.0
0.55
0.6666666666666667
0.5263157894736843
0.55
0.0
0.0
0.6538461538461539
0.55
0.0
0.0
0.0
0.5263157894736843
0.55
0.5263157894736843
0.0
0.55
0.55
0.0
0.5263157894736843
0.0
0.0
0.6666666666666667
0.5263157894736843
0.6666666666666667
0.0
0.0
0.5263157894736843
0.6666666666666667
0.6666666666666667
0.55
0.6296296296296297
0.55
0.6538461538461539
0.6666666666666667
0.55
0.5263157894736843
0.55
0.6666666666666667
0.0
0.55
0.6538461538461539
0.0
0.6666666666666667
0.5263157894736843
0.55
0.5263157894736843
0.6538461538461539
0.5263157894736843
0.0
0.5
0.55
0.0
0.5
0.55
0.5
0.6666666666666667
0.5238095238095238
0.55
0.55
0.5263157894736843
0.55
0.55
0.5263157894736843
0.0
0.5263157894736843
0.5263157894736843
0.6666666666666667
0.6666666666666667
0.6666666666666667
0.55
0.5263157894736843
0.38888888888888884
0.55
0.6666666666666667
0.5263157894736843
0.5263157894736843
0.5
0.55
0.6538461538461539
0.5263157894736843
0.55
0.0
0.0
0.6666666666666667
0.55
0.5263157894736843
0.5263157894736843
0.5263157894736843
0.5263157894736843
0.0
0.6666666666666667
0.5263157894736843
0.5263157894736843
0.55
0.0
0.6666666666666667
0.55
0.0
0.55
0.0
0.6666666666666667
0.0
0.6538461538461539
0.6538461538461539
0.5
0.0
0.6666666666666667
0.55
0.55
0.55
0.0
0.5238095238095238
0.55
0.5263157894736843
0.6538461538461539
0.6666666666666667
0.5263157894736843
0.55
0.55
0.6666666666666667
0.55
0.0
0.55
0.6666666666666667
0.5263157894736843
0.5263157894736843
0.55
0.6666666666666667
0.55
0.5263157894736843
0.5263157894736843
0.0
0.0
0.0
0.6538461538461539
0.55
0.5263157894736843
0.0
0.0
0.6538461538461539
0.56
0.0
0.0
0.0
0.0
0.0
0.6538461538461539
0.0
0.5263157894736843
0.0
0.55
0.0
0.7272727272727273
0.5263157894736843
0.0
0.55
0.55
0.6538461538461539
0.5263157894736843
0.0
0.0
0.5263157894736843
0.0
0.0
0.5
0.6538461538461539
0.55
0.5
0.5
0.5263157894736843
0.5
0.6538461538461539
0.6666666666666667
0.7416666666666667
0.55
0.5263157894736843
0.55
0.6538461538461539
0.5263157894736843
0.5263157894736843
0.5263157894736843
0.5263157894736843
0.55
0.55
0.5263157894736843
0.6666666666666667
0.6666666666666667
0.5263157894736843
0.55
0.0
0.6666666666666667
0.6666666666666667
0.5263157894736843
0.6666666666666667
0.55
0.5263157894736843
0.5263157894736843
0.5238095238095238
0.5238095238095238
0.73109243697479
0.5263157894736843
0.6538461538461539
0.55
0.5
0.0
0.6666666666666667
0.55
0.6538461538461539
0.6428571428571428
0.6428571428571428
0.0
0.5263157894736843
0.6666666666666667
0.6538461538461539
0.5263157894736843
0.5263157894736843
0.0
0.0
0.55
0.5263157894736843
0.55
0.5
0.0
0.6538461538461539
0.5263157894736843
0.5238095238095238
0.5263157894736843
0.6538461538461539
0.5263157894736843
0.6538461538461539
0.6296296296296297
0.0
0.6538461538461539
0.0
0.0
0.5263157894736843
0.6538461538461539
0.0
0.5263157894736843
0.6538461538461539
0.55
0.6538461538461539
0.0
0.55
0.6538461538461539
0.6666666666666667
0.55
0.0
0.55
0.55
0.0
0.6666666666666667
0.0
0.6666666666666667
0.0
0.6666666666666667
0.7272727272727273
0.0
0.6666666666666667
0.0
0.5263157894736843
0.0
0.55
0.6666666666666667
0.5263157894736843
0.5263157894736843
0.55
0.7272727272727273
0.5263157894736843
0.0
0.6538461538461539
0.6538461538461539
0.0
0.0
0.6538461538461539
0.0
0.55
0.6666666666666667
0.55
0.6666666666666667
0.5263157894736843
0.5
0.0
0.6538461538461539
0.55
0.5263157894736843
0.55
0.5238095238095238
0.5263157894736843
0.6666666666666667
0.55
0.6666666666666667
0.0
0.6666666666666667
0.5263157894736843
0.5238095238095238
0.5263157894736843
0.6666666666666667
0.6666666666666667
0.6538461538461539
0.6666666666666667
0.6666666666666667
0.0
0.6666666666666667
0.6666666666666667
0.6666666666666667
0.5238095238095238
0.0
0.5263157894736843
0.55
0.6666666666666667
0.6666666666666667
0.5263157894736843
0.6666666666666667
0.5263157894736843
0.0
0.0
0.55
0.5263157894736843
0.55
0.5263157894736843
0.6666666666666667
0.55
0.0
0.55
0.55
0.55
0.55
0.6666666666666667
0.55
0.55
0.5263157894736843
0.5263157894736843
0.55
0.7416666666666667
0.5263157894736843
0.5
0.6666666666666667
0.55
0.0
0.0
0.5263157894736843
0.6538461538461539
0.5263157894736843
0.0
0.0
0.0
0.55
0.6666666666666667
0.6666666666666667
0.6666666666666667
0.5263157894736843
0.6666666666666667
0.0
0.6666666666666667
0.55
0.5263157894736843
0.5263157894736843
0.0
0.0
0.5263157894736843
0.5263157894736843
0.6666666666666667
0.0
0.0
0.55
0.746031746031746
0.0
0.6538461538461539
0.0
0.0
0.0
0.5263157894736843
0.55
0.0
0.55
0.7272727272727273
0.55
0.5263157894736843
0.7272727272727273
0.55
0.6666666666666667
0.5
0.0
0.5263157894736843
0.0
0.5263157894736843
0.55
0.0
0.55
0.6666666666666667
0.0
0.5263157894736843
0.6538461538461539
0.0
0.0
0.5263157894736843
0.6666666666666667
0.6666666666666667
0.55
0.5263157894736843
0.5238095238095238
0.6538461538461539
0.55
0.6666666666666667
0.0
0.55
0.5263157894736843
0.0
0.5263157894736843
0.5263157894736843
0.6666666666666667
0.55
0.55
0.6538461538461539
0.6538461538461539
0.38888888888888884
0.55
0.6538461538461539
0.0
0.55
0.55
0.5263157894736843
0.5238095238095238
0.5238095238095238
0.55
0.6538461538461539
0.0
0.6538461538461539
0.6666666666666667
0.0
0.6538461538461539
0.6538461538461539
0.0
0.0
0.0
0.5263157894736843
0.5263157894736843
0.55
0.55
0.6666666666666667
0.55
0.5263157894736843
0.6538461538461539
0.5263157894736843
0.6538461538461539
0.6538461538461539
0.5263157894736843
0.6538461538461539
0.746031746031746
0.55
0.6538461538461539
0.55
0.5263157894736843
0.55
0.5263157894736843
0.55
0.5263157894736843
0.55
0.5263157894736843
0.5263157894736843
0.5263157894736843
0.6666666666666667
0.0
0.55
0.6538461538461539
0.55
0.5263157894736843
0.6666666666666667
0.5263157894736843
0.5263157894736843
0.55
0.5238095238095238
0.5263157894736843
0.6666666666666667
0.5263157894736843
0.0
0.5
0.5263157894736843
0.6666666666666667
0.5
0.5
0.6538461538461539
0.5263157894736843
0.0
0.6666666666666667
0.5263157894736843
0.5263157894736843
0.0
0.55
0.6538461538461539
0.38888888888888884
0.0
0.0
0.6538461538461539
0.6666666666666667
0.6538461538461539
0.6538461538461539
0.0
0.73109243697479
0.5238095238095238
0.6538461538461539
0.6538461538461539
0.55
0.5263157894736843
0.5263157894736843
0.38888888888888884
0.5238095238095238
0.6538461538461539
0.6538461538461539
0.5263157894736843
0.6538461538461539
0.6538461538461539
0.5263157894736843
0.5263157894736843
0.55
0.6538461538461539
0.0
0.55
0.0
0.5238095238095238
0.5263157894736843
0.5263157894736843
0.6666666666666667
0.6538461538461539
0.55
0.5263157894736843
0.5263157894736843
0.5263157894736843
0.6666666666666667
0.0
0.5
0.0
0.6538461538461539
0.6538461538461539
0.6666666666666667
0.5
0.6538461538461539
0.0
0.0
0.6538461538461539
0.5263157894736843
0.0
0.0
0.6666666666666667
0.0
0.55
0.5263157894736843
0.6666666666666667
0.0
0.0
0.0
0.5
0.55
0.0
0.0
0.5263157894736843
0.5238095238095238
0.0
0.55
0.5263157894736843
0.36764705882352944
0.55
0.5263157894736843
0.0
0.5263157894736843
0.0
0.0
0.0
0.55
0.38888888888888884
0.55
0.6666666666666667
0.6666666666666667
0.55
0.8043478260869565
0.0
0.5238095238095238
0.6538461538461539
0.6538461538461539
0.0
0.6666666666666667
0.6666666666666667
0.6538461538461539
0.6538461538461539
0.0
0.6666666666666667
0.6666666666666667
0.6666666666666667
0.0
0.55
0.6538461538461539
0.5263157894736843
0.5263157894736843
0.5263157894736843
0.0
0.0
0.5263157894736843
0.5263157894736843
0.6666666666666667
0.6666666666666667
0.6538461538461539
0.6666666666666667
0.5263157894736843
0.6666666666666667
0.5263157894736843
0.5263157894736843
0.6666666666666667
0.38888888888888884
0.6666666666666667
0.0
0.0
0.5238095238095238
0.0
0.5263157894736843
0.5263157894736843
0.0
0.0
0.6666666666666667
0.6666666666666667
0.6666666666666667
0.6666666666666667
0.6428571428571428
0.55
0.0
0.5238095238095238
0.0
0.5263157894736843
0.6666666666666667
0.6666666666666667
0.5263157894736843
0.6666666666666667
0.55
0.5263157894736843
0.5263157894736843
0.55
0.73109243697479
0.55
0.0
0.5263157894736843
0.55
0.6538461538461539
0.6538461538461539
0.5263157894736843
0.55
0.55
0.6538461538461539
0.6538461538461539
0.0
0.55
0.0
0.0
0.55
0.55
0.6666666666666667
0.6666666666666667
0.5263157894736843
0.5263157894736843
0.5263157894736843
0.0
0.5263157894736843
0.55
0.0
0.0
0.0
0.5263157894736843
0.6538461538461539
0.6666666666666667
0.5263157894736843
0.5263157894736843
0.55
0.6538461538461539
0.6538461538461539
0.6666666666666667
0.5263157894736843
0.0
0.6666666666666667
0.5263157894736843
0.0
0.5263157894736843
0.6538461538461539
0.0
0.6538461538461539
0.5263157894736843
0.6666666666666667
0.6666666666666667
0.5263157894736843
0.0
0.6666666666666667
0.5263157894736843
0.55
0.6666666666666667
0.34285714285714286
0.55
0.0
0.55
0.5263157894736843
0.5263157894736843
0.55
0.0
0.55
0.0
0.0
0.0
0.55
0.0
0.6538461538461539
0.3970588235294118
0.6538461538461539
0.5263157894736843
0.6666666666666667
0.0
0.55
0.0
0.55
0.0
0.5263157894736843
0.0
0.5405405405405406
0.55
0.6666666666666667
0.6666666666666667
0.0
0.5263157894736843
0.6666666666666667
0.6666666666666667
0.5263157894736843
0.6538461538461539
0.5263157894736843
0.5263157894736843
0.55
0.0
0.55
0.55
0.6666666666666667
0.6666666666666667
0.6666666666666667
0.6538461538461539
0.55
