0.45945945945945943
0.5
0.48571428571428577
0.0
0.3571428571428571
0.3571428571428571
0.3571428571428571
0.3571428571428571
0.48571428571428577
0.5
0.3548387096774194
0.3571428571428571
0.0
0.3793103448275862
0.0
0.0
0.2743362831858407
0.0
0.33333333333333337
0.3571428571428571
0.3571428571428571
0.3571428571428571
0.48571428571428577
0.33333333333333337
0.3793103448275862
0.3793103448275862
0.3571428571428571
0.3571428571428571
0.3793103448275862
0.3548387096774194
0.3793103448275862
0.0
0.0
0.0
0.3548387096774194
0.0
0.3571428571428571
0.3548387096774194
0.3793103448275862
0.3571428571428571
0.3793103448275862
0.0
0.0
0.3571428571428571
0.3571428571428571
0.3571428571428571
0.33333333333333337
0.0
0.3548387096774194
0.3571428571428571
0.3793103448275862
0.5
0.48571428571428577
0.0
0.3571428571428571
0.3571428571428571
0.3793103448275862
0.3793103448275862
0.3793103448275862
0.48571428571428577
0.0
0.0
0.0
0.0
0.0
0.0
0.4736842105263158
0.3793103448275862
0.3571428571428571
0.33333333333333337
0.0
0.5
0.5
0.0
0.0
0.3793103448275862
0.3571428571428571
0.45945945945945943
0.3793103448275862
0.0
0.3793103448275862
0.48571428571428577
0.48571428571428577
0.5
0.3793103448275862
0.3571428571428571
0.3793103448275862
0.33333333333333337
0.3571428571428571
0.33333333333333337
0.0
0.0
0.48571428571428577
0.5
0.3571428571428571
0.0
0.0
0.0
0.48571428571428577
0.3571428571428571
0.48571428571428577
0.33333333333333337
0.48571428571428577
0.0
0.3571428571428571
0.5
0.5
0.3571428571428571
0.3571428571428571
0.0
0.5
0.5
0.48571428571428577
0.5
0.3571428571428571
0.3571428571428571
0.48571428571428577
0.0
0.3793103448275862
0.3793103448275862
0.3793103448275862
0.48571428571428577
0.48571428571428577
0.24137931034482762
0.3571428571428571
0.5
0.0
0.3793103448275862
0.3793103448275862
0.0
0.0
0.3571428571428571
0.48571428571428577
0.3571428571428571
0.0
0.0
0.3793103448275862
0.3571428571428571
0.0
0.3571428571428571
0.3571428571428571
0.3793103448275862
0.3548387096774194
0.5
0.5
0.3571428571428571
0.0
0.5
0.3571428571428571
0.33333333333333337
0.48571428571428577
0.3793103448275862
0.48571428571428577
0.3548387096774194
0.5
0.0
0.3793103448275862
0.48571428571428577
0.3793103448275862
0.5
0.3571428571428571
0.3571428571428571
0.5
0.5
0.3793103448275862
0.5
0.3793103448275862
0.3793103448275862
0.0
0.48571428571428577
0.0
0.0
0.0
0.3571428571428571
0.3571428571428571
0.3571428571428571
0.33333333333333337
0.0
0.3548387096774194
0.3793103448275862
0.4736842105263158
0.3793103448275862
0.3571428571428571
0.0
0.3571428571428571
0.48571428571428577
0.0
0.0
0.0
0.0
0.5
0.3571428571428571
0.3571428571428571
0.33333333333333337
0.3571428571428571
0.0
0.3571428571428571
0.3571428571428571
0.48571428571428577
0.3548387096774194
0.3793103448275862
0.576158940397351
0.3793103448275862
0.0
0.0
0.48571428571428577
0.5
0.3793103448275862
0.3793103448275862
0.3571428571428571
0.3571428571428571
0.3571428571428571
0.0
0.5
0.3571428571428571
0.0
0.0
0.0
0.3571428571428571
0.3793103448275862
0.3793103448275862
0.3793103448275862
0.3571428571428571
0.1785714285714286
0.0
0.3571428571428571
0.0
0.0
0.3793103448275862
0.0
0.3793103448275862
0.0
0.3571428571428571
0.11827956989247312
0.0
0.3548387096774194
0.3571428571428571
0.33333333333333337
0.3571428571428571
0.3571428571428571
0.0
0.3571428571428571
0.0
0.0
0.0
0.5
0.48571428571428577
0.48571428571428577
0.0
0.0
0.3793103448275862
0.3793103448275862
0.3571428571428571
0.5
0.48571428571428577
0.0
0.3793103448275862
0.48571428571428577
0.3571428571428571
0.48571428571428577
0.3793103448275862
0.3571428571428571
0.0
0.5
0.3571428571428571
0.3571428571428571
0.3793103448275862
0.5
0.3793103448275862
0.3571428571428571
0.3571428571428571
0.3793103448275862
0.5714285714285714
0.3793103448275862
0.33333333333333337
0.3571428571428571
0.0
0.5
0.3548387096774194
0.3793103448275862
0.6727272727272727
0.5
0.3571428571428571
0.0
0.3571428571428571
0.3571428571428571
0.0
0.3571428571428571
0.0
0.5
0.3571428571428571
0.48571428571428577
0.0
0.3548387096774194
0.0
0.24137931034482762
0.3571428571428571
0.3571428571428571
0.3571428571428571
0.5
0.3571428571428571
0.48571428571428577
0.0
0.3793103448275862
0.0
0.0
0.0
0.3793103448275862
0.3793103448275862
0.3571428571428571
0.48571428571428577
0.3793103448275862
0.3793103448275862
0.48571428571428577
0.48571428571428577
0.0
0.48571428571428577
0.0
0.48571428571428577
0.0
0.0
0.3571428571428571
0.3793103448275862
0.3571428571428571
0.0
0.0
0.0
0.3571428571428571
0.3793103448275862
0.3793103448275862
0.0
0.3793103448275862
0.0
0.3793103448275862
0.0
0.5
0.0
0.48571428571428577
0.0
0.3793103448275862
0.3571428571428571
0.0
0.0
0.3571428571428571
0.0
0.3793103448275862
0.3571428571428571
0.3571428571428571
0.3571428571428571
0.48571428571428577
0.48571428571428577
0.5
0.48571428571428577
0.0
0.0
0.5
0.3793103448275862
0.3571428571428571
0.0
0.5714285714285714
0.3571428571428571
0.3571428571428571
0.0
0.0
0.3793103448275862
0.5
0.3793103448275862
0.0
0.48571428571428577
0.3571428571428571
0.0
0.3793103448275862
0.3571428571428571
0.3571428571428571
0.48571428571428577
0.3793103448275862
0.48571428571428577
0.3793103448275862
0.3571428571428571
0.0
0.3571428571428571
0.5
0.3571428571428571
0.0
0.3793103448275862
0.3793103448275862
0.3052631578947368
0.3571428571428571
0.3548387096774194
0.48571428571428577
0.48571428571428577
0.33333333333333337
0.3571428571428571
0.48571428571428577
0.5
0.3571428571428571
0.3571428571428571
0.3571428571428571
0.3571428571428571
0.3571428571428571
0.48571428571428577
0.48571428571428577
0.5
0.0
0.48571428571428577
0.48571428571428577
0.48571428571428577
0.3571428571428571
0.3548387096774194
0.0
0.3548387096774194
0.3571428571428571
0.3793103448275862
0.3571428571428571
0.5
0.3793103448275862
0.3571428571428571
0.0
0.48571428571428577
0.3793103448275862
0.48571428571428577
0.0
0.3793103448275862
0.3793103448275862
0.0
0.48571428571428577
0.48571428571428577
0.25619834710743805
0.5
0.48571428571428577
0.0
0.5
0.5
0.5
0.5
0.3571428571428571
0.3548387096774194
0.5
0.3571428571428571
0.0
0.5
0.3571428571428571
0.3571428571428571
0.3571428571428571
0.0
0.0
0.0
0.48571428571428577
0.3793103448275862
0.0
0.0
0.0
0.3571428571428571
0.0
0.3793103448275862
0.33333333333333337
0.0
0.3793103448275862
0.3571428571428571
0.5
0.33333333333333337
0.3793103448275862
0.48571428571428577
0.3571428571428571
0.3571428571428571
0.0
0.5
0.33333333333333337
0.3571428571428571
0.5714285714285714
0.5
0.33333333333333337
0.0
0.48571428571428577
0.0
0.0
0.48571428571428577
0.5
0.3548387096774194
0.5
0.3793103448275862
0.3793103448275862
0.48571428571428577
0.5
0.5220125786163522
0.5
0.0
0.48571428571428577
0.3548387096774194
0.3793103448275862
0.45945945945945943
0.0
0.0
0.3793103448275862
0.5
0.3571428571428571
0.3793103448275862
0.0
0.0
0.48571428571428577
0.3793103448275862
0.0
0.0
0.0
0.3571428571428571
0.3793103448275862
0.3571428571428571
0.0
0.3793103448275862
0.3793103448275862
0.0
0.3571428571428571
0.0
0.0
0.5
0.3571428571428571
0.5
0.0
0.0
0.3571428571428571
0.5
0.5
0.3793103448275862
0.45945945945945943
0.3793103448275862
0.48571428571428577
0.5
0.3793103448275862
0.3571428571428571
0.3793103448275862
0.5
0.0
0.3793103448275862
0.48571428571428577
0.0
0.5
0.3571428571428571
0.3793103448275862
0.3571428571428571
0.48571428571428577
0.3571428571428571
0.0
0.33333333333333337
0.3793103448275862
0.0
0.33333333333333337
0.3793103448275862
0.33333333333333337
0.5
0.3548387096774194
0.3793103448275862
0.3793103448275862
0.3571428571428571
0.3793103448275862
0.3793103448275862
0.3571428571428571
0.0
0.3571428571428571
0.3571428571428571
0.5
0.5
0.5
0.3793103448275862
0.3571428571428571
0.24137931034482762
0.3793103448275862
0.5
0.3571428571428571
0.3571428571428571
0.33333333333333337
0.3793103448275862
0.48571428571428577
0.3571428571428571
0.3793103448275862
0.0
0.0
0.5
0.3793103448275862
0.3571428571428571
0.3571428571428571
0.3571428571428571
0.3571428571428571
0.0
0.5
0.3571428571428571
0.3571428571428571
0.3793103448275862
0.0
0.5
0.3793103448275862
0.0
0.3793103448275862
0.0
0.5
0.0
0.48571428571428577
0.48571428571428577
0.33333333333333337
0.0
0.5
0.3793103448275862
0.3793103448275862
0.3793103448275862
0.0
0.3548387096774194
0.3793103448275862
0.3571428571428571
0.48571428571428577
0.5
0.3571428571428571
0.3793103448275862
0.3793103448275862
0.5
0.3793103448275862
0.0
0.3793103448275862
0.5
0.3571428571428571
0.3571428571428571
0.3793103448275862
0.5
0.3793103448275862
0.3571428571428571
0.3571428571428571
0.0
0.0
0.0
0.48571428571428577
0.3793103448275862
0.3571428571428571
0.0
0.0
0.48571428571428577
0.38888888888888884
0.0
0.0
0.0
0.0
0.0
0.48571428571428577
0.0
0.3571428571428571
0.0
0.3793103448275862
0.0
0.5714285714285714
0.3571428571428571
0.0
0.3793103448275862
0.3793103448275862
0.48571428571428577
0.3571428571428571
0.0
0.0
0.3571428571428571
0.0
0.0
0.33333333333333337
0.48571428571428577
0.3793103448275862
0.33333333333333337
0.33333333333333337
0.3571428571428571
0.33333333333333337
0.48571428571428577
0.5
0.5894039735099338
0.3793103448275862
0.3571428571428571
0.3793103448275862
0.48571428571428577
0.3571428571428571
0.3571428571428571
0.3571428571428571
0.3571428571428571
0.3793103448275862
0.3793103448275862
0.3571428571428571
0.5
0.5
0.3571428571428571
0.3793103448275862
0.0
0.5
0.5
0.3571428571428571
0.5
0.3793103448275862
0.3571428571428571
0.3571428571428571
0.3548387096774194
0.3548387096774194
0.576158940397351
0.3571428571428571
0.48571428571428577
0.3793103448275862
0.33333333333333337
0.0
0.5
0.3793103448275862
0.48571428571428577
0.4736842105263158
0.4736842105263158
0.0
0.3571428571428571
0.5
0.48571428571428577
0.3571428571428571
0.3571428571428571
0.0
0.0
0.3793103448275862
0.3571428571428571
0.3793103448275862
0.33333333333333337
0.0
0.48571428571428577
0.3571428571428571
0.3548387096774194
0.3571428571428571
0.48571428571428577
0.3571428571428571
0.48571428571428577
0.45945945945945943
0.0
0.48571428571428577
0.0
0.0
0.3571428571428571
0.48571428571428577
0.0
0.3571428571428571
0.48571428571428577
0.3793103448275862
0.48571428571428577
0.0
0.3793103448275862
0.48571428571428577
0.5
0.3793103448275862
0.0
0.3793103448275862
0.3793103448275862
0.0
0.5
0.0
0.5
0.0
0.5
0.5714285714285714
0.0
0.5
0.0
0.3571428571428571
0.0
0.3793103448275862
0.5
0.3571428571428571
0.3571428571428571
0.3793103448275862
0.5714285714285714
0.3571428571428571
0.0
0.48571428571428577
0.48571428571428577
0.0
0.0
0.48571428571428577
0.0
0.3793103448275862
0.5
0.3793103448275862
0.5
0.3571428571428571
0.33333333333333337
0.0
0.48571428571428577
0.3793103448275862
0.3571428571428571
0.3793103448275862
0.3548387096774194
0.3571428571428571
0.5
0.3793103448275862
0.5
0.0
0.5
0.3571428571428571
0.3548387096774194
0.3571428571428571
0.5
0.5
0.48571428571428577
0.5
0.5
0.0
0.5
0.5
0.5
0.3548387096774194
0.0
0.3571428571428571
0.3793103448275862
0.5
0.5
0.3571428571428571
0.5
0.3571428571428571
0.0
0.0
0.3793103448275862
0.3571428571428571
0.3793103448275862
0.3571428571428571
0.5
0.3793103448275862
0.0
0.3793103448275862
0.3793103448275862
0.3793103448275862
0.3793103448275862
0.5
0.3793103448275862
0.3793103448275862
0.3571428571428571
0.3571428571428571
0.3793103448275862
0.5894039735099338
0.3571428571428571
0.33333333333333337
0.5
0.3793103448275862
0.0
0.0
0.3571428571428571
0.48571428571428577
0.3571428571428571
0.0
0.0
0.0
0.3793103448275862
0.5
0.5
0.5
0.3571428571428571
0.5
0.0
0.5
0.3793103448275862
0.3571428571428571
0.3571428571428571
0.0
0.0
0.3571428571428571
0.3571428571428571
0.5
0.0
0.0
0.3793103448275862
0.5949367088607596
0.0
0.48571428571428577
0.0
0.0
0.0
0.3571428571428571
0.3793103448275862
0.0
0.3793103448275862
0.5714285714285714
0.3793103448275862
0.3571428571428571
0.5714285714285714
0.3793103448275862
0.5
0.33333333333333337
0.0
0.3571428571428571
0.0
0.3571428571428571
0.3793103448275862
0.0
0.3793103448275862
0.5
0.0
0.3571428571428571
0.48571428571428577
0.0
0.0
0.3571428571428571
0.5
0.5
0.3793103448275862
0.3571428571428571
0.3548387096774194
0.48571428571428577
0.3793103448275862
0.5
0.0
0.3793103448275862
0.3571428571428571
0.0
0.3571428571428571
0.3571428571428571
0.5
0.3793103448275862
0.3793103448275862
0.48571428571428577
0.48571428571428577
0.24137931034482762
0.3793103448275862
0.48571428571428577
0.0
0.3793103448275862
0.3793103448275862
0.3571428571428571
0.3548387096774194
0.3548387096774194
0.3793103448275862
0.48571428571428577
0.0
0.48571428571428577
0.5
0.0
0.48571428571428577
0.48571428571428577
0.0
0.0
0.0
0.3571428571428571
0.3571428571428571
0.3793103448275862
0.3793103448275862
0.5
0.3793103448275862
0.3571428571428571
0.48571428571428577
0.3571428571428571
0.48571428571428577
0.48571428571428577
0.3571428571428571
0.48571428571428577
0.5949367088607596
0.3793103448275862
0.48571428571428577
0.3793103448275862
0.3571428571428571
0.3793103448275862
0.3571428571428571
0.3793103448275862
0.3571428571428571
0.3793103448275862
0.3571428571428571
0.3571428571428571
0.3571428571428571
0.5
0.0
0.3793103448275862
0.48571428571428577
0.3793103448275862
0.3571428571428571
0.5
0.3571428571428571
0.3571428571428571
0.3793103448275862
0.3548387096774194
0.3571428571428571
0.5
0.3571428571428571
0.0
0.33333333333333337
0.3571428571428571
0.5
0.33333333333333337
0.33333333333333337
0.48571428571428577
0.3571428571428571
0.0
0.5
0.3571428571428571
0.3571428571428571
0.0
0.3793103448275862
0.48571428571428577
0.24137931034482762
0.0
0.0
0.48571428571428577
0.5
0.48571428571428577
0.48571428571428577
0.0
0.576158940397351
0.3548387096774194
0.48571428571428577
0.48571428571428577
0.3793103448275862
0.3571428571428571
0.3571428571428571
0.24137931034482762
0.3548387096774194
0.48571428571428577
0.48571428571428577
0.3571428571428571
0.48571428571428577
0.48571428571428577
0.3571428571428571
0.3571428571428571
0.3793103448275862
0.48571428571428577
0.0
0.3793103448275862
0.0
0.3548387096774194
0.3571428571428571
0.3571428571428571
0.5
0.48571428571428577
0.3793103448275862
0.3571428571428571
0.3571428571428571
0.3571428571428571
0.5
0.0
0.33333333333333337
0.0
0.48571428571428577
0.48571428571428577
0.5
0.33333333333333337
0.48571428571428577
0.0
0.0
0.48571428571428577
0.3571428571428571
0.0
0.0
0.5
0.0
0.3793103448275862
0.3571428571428571
0.5
0.0
0.0
0.0
0.33333333333333337
0.3793103448275862
0.0
0.0
0.3571428571428571
0.3548387096774194
0.0
0.3793103448275862
0.3571428571428571
0.22522522522522526
0.3793103448275862
0.3571428571428571
0.0
0.3571428571428571
0.0
0.0
0.0
0.3793103448275862
0.24137931034482762
0.3793103448275862
0.5
0.5
0.3793103448275862
0.6727272727272727
0.0
0.3548387096774194
0.48571428571428577
0.48571428571428577
0.0
0.5
0.5
0.48571428571428577
0.48571428571428577
0.0
0.5
0.5
0.5
0.0
0.3793103448275862
0.48571428571428577
0.3571428571428571
0.3571428571428571
0.3571428571428571
0.0
0.0
0.3571428571428571
0.3571428571428571
0.5
0.5
0.48571428571428577
0.5
0.3571428571428571
0.5
0.3571428571428571
0.3571428571428571
0.5
0.24137931034482762
0.5
0.0
0.0
0.3548387096774194
0.0
0.3571428571428571
0.3571428571428571
0.0
0.0
0.5
0.5
0.5
0.5
0.4736842105263158
0.3793103448275862
0.0
0.3548387096774194
0.0
0.3571428571428571
0.5
0.5
0.3571428571428571
0.5
0.3793103448275862
0.3571428571428571
0.3571428571428571
0.3793103448275862
0.576158940397351
0.3793103448275862
0.0
0.3571428571428571
0.3793103448275862
0.48571428571428577
0.48571428571428577
0.3571428571428571
0.3793103448275862
0.3793103448275862
0.48571428571428577
0.48571428571428577
0.0
0.3793103448275862
0.0
0.0
0.3793103448275862
0.3793103448275862
0.5
0.5
0.3571428571428571
0.3571428571428571
0.3571428571428571
0.0
0.3571428571428571
0.3793103448275862
0.0
0.0
0.0
0.3571428571428571
0.48571428571428577
0.5
0.3571428571428571
0.3571428571428571
0.3793103448275862
0.48571428571428577
0.48571428571428577
0.5
0.3571428571428571
0.0
0.5
0.3571428571428571
0.0
0.3571428571428571
0.48571428571428577
0.0
0.48571428571428577
0.3571428571428571
0.5
0.5
0.3571428571428571
0.0
0.5
0.3571428571428571
0.3793103448275862
0.5
0.2068965517241379
0.3793103448275862
0.0
0.3793103448275862
0.3571428571428571
0.3571428571428571
0.3793103448275862
0.0
0.3793103448275862
0.0
0.0
0.0
0.3793103448275862
0.0
0.48571428571428577
0.24770642201834858
0.48571428571428577
0.3571428571428571
0.5
0.0
0.3793103448275862
0.0
0.3793103448275862
0.0
0.3571428571428571
0.0
0.37037037037037035
0.3793103448275862
0.5
0.5
0.0
0.3571428571428571
0.5
0.5
0.3571428571428571
0.48571428571428577
0.3571428571428571
0.3571428571428571
0.3793103448275862
0.0
0.3793103448275862
0.3793103448275862
0.5
0.5
0.5
0.48571428571428577
0.3793103448275862
