0.5867768595041323
0.532994923857868
0.5586206896551724
0.5342465753424658
0.8265895953757225
0.0
0.6402877697841727
0.5272727272727273
0.0
0.34328358208955223
0.6438356164383562
0.6805896805896806
0.5234899328859061
0.42400000000000004
0.45038167938931295
0.55
0.0
0.6235955056179776
0.5586206896551724
0.0
0.6438356164383562
0.9425287356321839
0.0
0.5310344827586206
0.348314606741573
0.6477495107632094
0.4660633484162896
0.5035799522673031
0.7056277056277056
0.0
0.0
0.0
0.45038167938931295
0.3545310015898251
0.0
0.0
0.45038167938931295
0.5466666666666666
0.45038167938931295
0.5518672199170125
0.655072463768116
0.6235955056179776
0.5704697986577181
0.4482758620689655
0.3782542113323124
0.0
0.45038167938931295
0.0
0.5466666666666666
0.5605381165919283
0.5234899328859061
0.0
0.9118457300275482
0.4274353876739563
0.5466666666666666
0.5432525951557093
0.55
0.0
0.406392694063927
0.6060606060606061
0.375
0.7870216306156406
0.5220779220779221
0.5586206896551724
0.55
0.5374149659863945
0.55
0.4128878281622912
0.4413223140495868
0.39814814814814814
0.46226415094339623
0.07462686567164178
0.0
0.4345991561181435
0.13443830570902393
0.7517985611510791
0.6242774566473989
0.0
0.6377473363774734
0.6327683615819208
0.0
0.7908496732026143
0.5565610859728507
0.0
0.6709753231492361
0.0
0.6894977168949772
0.5587392550143266
0.5565610859728507
0.0
0.45038167938931295
0.0
0.70917225950783
0.7671451355661882
0.6614583333333333
0.32930513595166166
0.5436241610738255
0.5502008032128514
0.048689138576779034
0.5234899328859061
0.70917225950783
0.8233766233766233
0.5289421157684631
0.38655462184873945
0.0
0.0
0.7681159420289855
0.4024896265560166
0.681592039800995
0.3514376996805112
0.40823970037453183
0.43462897526501765
0.0
0.8298969072164948
0.0
0.6451612903225806
0.45038167938931295
0.6272493573264781
0.0
0.6428571428571428
0.45038167938931295
0.0
0.6548042704626335
0.45038167938931295
0.6777251184834123
0.527027027027027
0.6272493573264781
0.8796992481203008
0.4285714285714286
0.0
0.55
