0.0
0.0
0.0
0.0
0.0
0.0
0.0
1.0
0.0
0.2295081967213115
0.0
0.0
0.33333333333333337
0.0
0.0
0.0
0.0
0.6296296296296297
0.0
0.0
0.0
0.0
0.0
0.0
0.0
0.0
0.0
0.4311926605504587
0.0
0.0
0.3178294573643411
0.0
0.0
0.0
0.0
0.0
0.0
0.5247524752475248
0.0
0.0
0.0
0.0
0.0
0.0
0.18181818181818177
0.0
0.0
0.0
0.0
0.0
0.0
0.0
0.0
0.0
0.8666666666666667
0.0
0.0
0.0
0.0
0.0
0.0
0.0
0.0
0.0
0.0
0.0
0.0
0.0
0.0
0.0
0.0
0.0
0.0
0.0
0.0
0.0
0.0
0.0
0.0
0.0
0.0
0.0
0.0
0.0
0.0
0.0
0.0
0.0
0.0
0.0
0.0
0.0
0.0
0.0
0.0
0.0
0.0
0.0
0.0
0.0
0.0
0.0
0.0
0.0
0.0
0.0
0.0
0.0
0.0
0.0
0.0
0.0
0.3027522935779816
0.814569536423841
0.0
0.0
0.0
0.0
0.0
0.0
0.0
0.0
0.0
0.0
0.0
0.0
0.0
0.0
0.0
0.0
0.0
0.0
0.0
0.0
0.0
0.6296296296296297
0.0
0.0
0.0
0.0
0.0
0.0
0.0
0.5555555555555556
0.0
0.0
0.0
0.0
0.0
0.0
0.0
0.0
0.0
0.0
0.0
0.0
0.0
0.0
0.0
0.0
0.4311926605504587
0.0
0.0
0.0
0.0
0.5247524752475248
0.0
0.0
0.0
0.0
0.0
0.0
0.0
0.0
0.0
0.0
0.550561797752809
0.0
0.0
0.0
0.0
0.0
0.0
0.0
0.0
0.0
0.0
0.0
0.0
0.0
0.0
0.0
0.0
0.0
0.4961832061068703
0.0
0.0
0.0
0.0
0.0
0.3027522935779816
0.0
0.0
0.0
0.0
0.0
0.0
0.0
0.0
0.0
0.0
0.0
0.0
0.0
0.0
0.0
0.0
0.0
0.0
0.0
0.0
0.0
0.0
0.0
0.0
0.0
0.0
0.6
0.0
0.0
0.0
0.0
0.0
0.0
0.0
0.6470588235294117
0.0
0.0
0.0
0.0
0.0
0.0
0.0
0.0
0.38095238095238093
0.0
0.0
0.0
0.0
0.0
0.0
0.0
0.0
0.0
0.0
0.0
0.0
0.0
0.0
0.6
0.0
0.0
0.0
0.0
0.0
0.0
0.0
0.024390243902439046
0.0
0.0
0.0
0.0
0.0
0.5294117647058824
0.0
0.0
0.0
0.0
0.0
0.0
0.0
0.0
0.0
0.0
0.0
0.0
0.0
0.0
0.0
0.0
0.0
0.0
0.0
0.5047619047619047
0.5247524752475248
0.0
0.0
0.7777777777777778
0.0
0.0
0.0
0.0
0.0
0.0
0.0
0.0
0.0
0.0
0.0
0.0
0.0
0.0
0.0
0.0
0.0
0.0
0.0
0.0
0.0
0.0
0.8309859154929577
0.0
0.0
0.008547008547008517
0.0
0.0
0.8666666666666667
0.0
0.6226415094339622
0.0
0.0
0.0
0.0
0.0
0.0
0.5037593984962406
0.0
0.0
0.814569536423841
0.0
0.0
0.0
0.0
0.0
0.0
0.0
0.0
0.0
0.0
0.0
0.0
0.0
0.0
0.0
0.0
0.0
0.0
0.5955056179775281
0.0
0.0
0.0
0.0
0.0
0.0
0.0
0.0
0.0
0.0
0.0
0.0
0.0
0.0
0.0
0.0
0.0
0.0
0.0
0.0
0.0
0.0
0.0
0.0
0.0
0.0
0.0
0.0
0.0
0.0
0.6
0.0
0.8309859154929577
0.0
0.0
0.0
0.0
0.0
0.0
0.814569536423841
0.0
0.0
0.0
0.0
0.0
0.0
0.22807017543859653
0.0
0.0
0.0
0.0
0.0
0.0
0.0
0.0
0.0
0.0
0.0
0.0
0.0
0.0
0.0
0.0
0.0
0.0
0.0
0.0
0.0
0.0
0.0
0.0
0.1685393258426966
0.0
0.0
0.0
0.0
0.0
0.0
0.0
0.0
0.0
0.0
0.0
0.0
0.0
0.0
0.0
0.0
0.6
0.0
0.0
0.0
0.814569536423841
0.0
0.0
0.0
0.8507462686567164
0.0
0.0
0.0
0.6226415094339622
0.0
0.5247524752475248
0.814569536423841
0.0
0.0
0.0
0.0
0.5652173913043479
0.0
0.6226415094339622
0.0
0.0
0.0
0.0
0.0
0.0
0.0
0.0
0.0
0.0
0.0
0.0
0.0
0.0
0.0
0.0
0.0
0.0
0.0
0.0
0.0
0.0
0.0
0.19266055045871555
0.0
0.0
0.0
0.0
0.0
0.0
0.0
0.4961832061068703
0.0
0.0
0.0
0.0
0.0
0.0
0.0
0.0
0.0
0.0
0.0
0.0
0.0
0.0
0.0
0.7321428571428572
0.0
0.0
0.0
0.0
0.0
0.814569536423841
0.0
0.0
0.0
0.0
0.8666666666666667
0.0
0.0
0.0
0.5247524752475248
0.0
0.0
0.0
0.0
0.0
0.0
0.0
0.0
0.0
0.0
0.43333333333333335
0.0
0.0
0.0
0.6
0.0
0.0
0.0
0.0
0.42622950819672134
0.0
0.0
0.0
0.0
0.0
