0.0
0.0
0.0
0.0
0.0
0.0
0.0
1.0
0.0
0.21666666666666667
0.0
0.0
0.24193548387096775
0.0
0.0
0.0
0.0
0.09090909090909094
0.0
0.0
0.0
0.0
0.0
0.0
0.0
0.0
0.0
0.3111111111111111
0.0
0.0
0.3125
0.0
0.0
0.0
0.0
0.0
0.0
0.1428571428571429
0.0
0.0
0.0
0.0
0.0
0.0
0.0847457627118644
0.0
0.0
0.0
0.0
0.0
0.0
0.0
0.0
0.0
0.8571428571428572
0.0
0.0
0.0
0.0
0.0
0.0
0.0
0.0
0.0
0.0
0.0
0.0
0.0
0.0
0.0
0.0
0.0
0.0
0.0
0.0
0.0
0.0
0.0
0.0
0.0
0.0
0.0
0.0
0.0
0.0
0.0
0.0
0.0
0.0
0.0
0.0
0.0
0.0
0.0
0.0
0.0
0.0
0.0
0.0
0.0
0.0
0.0
0.0
0.0
0.0
0.0
0.0
0.0
0.0
0.0
0.0
0.0
0.15555555555555556
0.7971014492753623
0.0
0.0
0.0
0.0
0.0
0.0
0.0
0.0
0.0
0.0
0.0
0.0
0.0
0.0
0.0
0.0
0.0
0.0
0.0
0.0
0.0
0.09090909090909094
0.0
0.0
0.0
0.0
0.0
0.0
0.0
0.4545454545454546
0.0
0.0
0.0
0.0
0.0
0.0
0.0
0.0
0.0
0.0
0.0
0.0
0.0
0.0
0.0
0.0
0.3111111111111111
0.0
0.0
0.0
0.0
0.1428571428571429
0.0
0.0
0.0
0.0
0.0
0.0
0.0
0.0
0.0
0.0
0.375
0.0
0.0
0.0
0.0
0.0
0.0
0.0
0.0
0.0
0.0
0.0
0.0
0.0
0.0
0.0
0.0
0.0
0.326530612244898
0.0
0.0
0.0
0.0
0.0
0.15555555555555556
0.0
0.0
0.0
0.0
0.0
0.0
0.0
0.0
0.0
0.0
0.0
0.0
0.0
0.0
0.0
0.0
0.0
0.0
0.0
0.0
0.0
0.0
0.0
0.0
0.0
0.0
0.0
0.0
0.0
0.0
0.0
0.0
0.0
0.0
0.625
0.0
0.0
0.0
0.0
0.0
0.0
0.0
0.0
0.360655737704918
0.0
0.0
0.0
0.0
0.0
0.0
0.0
0.0
0.0
0.0
0.0
0.0
0.0
0.0
0.0
0.0
0.0
0.0
0.0
0.0
0.0
0.0
0.016393442622950838
0.0
0.0
0.0
0.0
0.0
0.368421052631579
0.0
0.0
0.0
0.0
0.0
0.0
0.0
0.0
0.0
0.0
0.0
0.0
0.0
0.0
0.0
0.0
0.0
0.0
0.0
0.4901960784313726
0.1428571428571429
0.0
0.0
0.6428571428571428
0.0
0.0
0.0
0.0
0.0
0.0
0.0
0.0
0.0
0.0
0.0
0.0
0.0
0.0
0.0
0.0
0.0
0.0
0.0
0.0
0.0
0.0
0.8260869565217391
0.0
0.0
0.0
0.0
0.0
0.8571428571428572
0.0
0.4444444444444444
0.0
0.0
0.0
0.0
0.0
0.0
0.326530612244898
0.0
0.0
0.7971014492753623
0.0
0.0
0.0
0.0
0.0
0.0
0.0
0.0
0.0
0.0
0.0
0.0
0.0
0.0
0.0
0.0
0.0
0.0
0.48571428571428577
0.0
0.0
0.0
0.0
0.0
0.0
0.0
0.0
0.0
0.0
0.0
0.0
0.0
0.0
0.0
0.0
0.0
0.0
0.0
0.0
0.0
0.0
0.0
0.0
0.0
0.0
0.0
0.0
0.0
0.0
0.0
0.0
0.8260869565217391
0.0
0.0
0.0
0.0
0.0
0.0
0.7971014492753623
0.0
0.0
0.0
0.0
0.0
0.0
0.10204081632653061
0.0
0.0
0.0
0.0
0.0
0.0
0.0
0.0
0.0
0.0
0.0
0.0
0.0
0.0
0.0
0.0
0.0
0.0
0.0
0.0
0.0
0.0
0.0
0.0
0.09756097560975607
0.0
0.0
0.0
0.0
0.0
0.0
0.0
0.0
0.0
0.0
0.0
0.0
0.0
0.0
0.0
0.0
0.0
0.0
0.0
0.0
0.7971014492753623
0.0
0.0
0.0
0.7222222222222222
0.0
0.0
0.0
0.4444444444444444
0.0
0.1428571428571429
0.7971014492753623
0.0
0.0
0.0
0.0
0.4444444444444444
0.0
0.4444444444444444
0.0
0.0
0.0
0.0
0.0
0.0
0.0
0.0
0.0
0.0
0.0
0.0
0.0
0.0
0.0
0.0
0.0
0.0
0.0
0.0
0.0
0.0
0.0
0.0
0.0
0.0
0.0
0.0
0.0
0.0
0.0
0.326530612244898
0.0
0.0
0.0
0.0
0.0
0.0
0.0
0.0
0.0
0.0
0.0
0.0
0.0
0.0
0.0
0.6808510638297872
0.0
0.0
0.0
0.0
0.0
0.7971014492753623
0.0
0.0
0.0
0.0
0.8285714285714285
0.0
0.0
0.0
0.1428571428571429
0.0
0.0
0.0
0.0
0.0
0.0
0.0
0.0
0.0
0.0
0.38181818181818183
0.0
0.0
0.0
0.0
0.0
0.0
0.0
0.0
0.38596491228070173
0.0
0.0
0.0
0.0
0.0
