1.0
1.0
1.0
1.0
1.0
1.0
0.19999999999999996
1.0
0.2727272727272727
0.2727272727272727
1.0
1.0
0.2727272727272727
1.0
1.0
1.0
0.2727272727272727
0.19999999999999996
0.2727272727272727
0.19999999999999996
1.0
0.7333333333333334
0.8823529411764706
0.2727272727272727
0.2727272727272727
0.5384615384615384
0.19999999999999996
0.2727272727272727
1.0
1.0
0.7333333333333334
0.2727272727272727
0.5384615384615384
0.2727272727272727
0.7333333333333334
0.7333333333333334
0.2727272727272727
1.0
0.33333333333333337
0.2727272727272727
1.0
0.2727272727272727
1.0
0.5
0.7142857142857143
0.2727272727272727
0.2727272727272727
0.2727272727272727
1.0
0.2727272727272727
0.2727272727272727
0.2727272727272727
0.8823529411764706
0.2727272727272727
0.2727272727272727
0.2727272727272727
0.2727272727272727
0.8823529411764706
0.2727272727272727
0.5
1.0
0.875
1.0
1.0
0.2727272727272727
0.2727272727272727
0.5384615384615384
1.0
0.2727272727272727
0.2727272727272727
0.2727272727272727
0.19999999999999996
0.2727272727272727
1.0
1.0
0.2727272727272727
0.2727272727272727
0.7333333333333334
0.5384615384615384
0.2727272727272727
1.0
0.2727272727272727
0.2727272727272727
0.19999999999999996
0.2727272727272727
0.2727272727272727
0.5384615384615384
0.19999999999999996
1.0
0.19999999999999996
0.19999999999999996
0.19999999999999996
1.0
1.0
0.2727272727272727
1.0
0.2727272727272727
0.2727272727272727
0.2727272727272727
1.0
1.0
0.2727272727272727
1.0
0.2727272727272727
0.19999999999999996
0.19999999999999996
0.2727272727272727
0.2727272727272727
0.2727272727272727
0.2727272727272727
0.19999999999999996
0.19999999999999996
0.2727272727272727
1.0
0.2727272727272727
0.7142857142857143
0.2727272727272727
1.0
1.0
1.0
0.2727272727272727
0.2727272727272727
0.2727272727272727
0.2727272727272727
0.5384615384615384
1.0
0.2727272727272727
0.2727272727272727
0.5
1.0
1.0
0.2727272727272727
0.2727272727272727
0.2727272727272727
0.2727272727272727
0.2727272727272727
0.19999999999999996
1.0
0.5384615384615384
1.0
1.0
0.5384615384615384
1.0
0.2727272727272727
1.0
0.2727272727272727
1.0
0.2727272727272727
0.2727272727272727
0.2727272727272727
0.2727272727272727
0.19999999999999996
0.2727272727272727
0.2727272727272727
1.0
0.2727272727272727
0.5
0.2727272727272727
0.2727272727272727
0.2727272727272727
0.2727272727272727
0.2727272727272727
0.2727272727272727
0.2727272727272727
0.19999999999999996
0.2727272727272727
0.8823529411764706
0.19999999999999996
1.0
0.2727272727272727
0.19999999999999996
0.2727272727272727
1.0
0.2727272727272727
0.5384615384615384
0.2727272727272727
1.0
1.0
1.0
0.5384615384615384
