1.0
1.0
1.0
1.0
1.0
1.0
0.11111111111111116
1.0
0.1578947368421053
0.1578947368421053
1.0
1.0
0.1578947368421053
1.0
1.0
1.0
0.1578947368421053
0.11111111111111116
0.1578947368421053
0.11111111111111116
1.0
0.5789473684210527
0.7894736842105263
0.1578947368421053
0.1578947368421053
0.368421052631579
0.11111111111111116
0.1578947368421053
1.0
1.0
0.5789473684210527
0.1578947368421053
0.368421052631579
0.1578947368421053
0.5789473684210527
0.5789473684210527
0.1578947368421053
1.0
0.19999999999999996
0.1578947368421053
1.0
0.1578947368421053
1.0
0.33333333333333337
0.5555555555555556
0.1578947368421053
0.1578947368421053
0.1578947368421053
1.0
0.1578947368421053
0.1578947368421053
0.1578947368421053
0.7894736842105263
0.1578947368421053
0.1578947368421053
0.1578947368421053
0.1578947368421053
0.7894736842105263
0.1578947368421053
0.33333333333333337
1.0
0.7777777777777778
1.0
1.0
0.1578947368421053
0.1578947368421053
0.368421052631579
1.0
0.1578947368421053
0.1578947368421053
0.1578947368421053
0.11111111111111116
0.1578947368421053
1.0
1.0
0.1578947368421053
0.1578947368421053
0.5789473684210527
0.368421052631579
0.1578947368421053
1.0
0.1578947368421053
0.1578947368421053
0.11111111111111116
0.1578947368421053
0.1578947368421053
0.368421052631579
0.11111111111111116
1.0
0.11111111111111116
0.11111111111111116
0.11111111111111116
1.0
1.0
0.1578947368421053
1.0
0.1578947368421053
0.1578947368421053
0.1578947368421053
1.0
1.0
0.1578947368421053
1.0
0.1578947368421053
0.11111111111111116
0.11111111111111116
0.1578947368421053
0.1578947368421053
0.1578947368421053
0.1578947368421053
0.11111111111111116
0.11111111111111116
0.1578947368421053
1.0
0.1578947368421053
0.5555555555555556
0.1578947368421053
1.0
1.0
1.0
0.1578947368421053
0.1578947368421053
0.1578947368421053
0.1578947368421053
0.368421052631579
1.0
0.1578947368421053
0.1578947368421053
0.33333333333333337
1.0
1.0
0.1578947368421053
0.1578947368421053
0.1578947368421053
0.1578947368421053
0.1578947368421053
0.11111111111111116
1.0
0.368421052631579
1.0
1.0
0.368421052631579
1.0
0.1578947368421053
1.0
0.1578947368421053
1.0
0.1578947368421053
0.1578947368421053
0.1578947368421053
0.1578947368421053
0.11111111111111116
0.1578947368421053
0.1578947368421053
1.0
0.1578947368421053
0.33333333333333337
0.1578947368421053
0.1578947368421053
0.1578947368421053
0.1578947368421053
0.1578947368421053
0.1578947368421053
0.1578947368421053
0.11111111111111116
0.1578947368421053
0.7894736842105263
0.11111111111111116
1.0
0.1578947368421053
0.11111111111111116
0.1578947368421053
1.0
0.1578947368421053
0.368421052631579
0.1578947368421053
1.0
1.0
1.0
0.368421052631579
