0.0
0.1875
0.46031746031746035
0.0
0.0
0.33333333333333337
0.0
0.22666666666666668
0.22666666666666668
0.33333333333333337
0.2063492063492064
0.0
0.33333333333333337
0.4933333333333333
0.2063492063492064
0.21875
0.22666666666666668
0.0
0.2063492063492064
0.29230769230769227
0.2698412698412699
0.23684210526315785
0.33333333333333337
0.33333333333333337
0.2063492063492064
0.32307692307692304
0.0
0.0
0.0
0.0
0.33333333333333337
0.3421052631578947
0.15254237288135597
0.33333333333333337
0.34375
0.19999999999999996
0.1875
0.19354838709677424
0.33333333333333337
0.34375
0.1875
0.33333333333333337
0.2063492063492064
0.33333333333333337
0.2063492063492064
0.2063492063492064
0.2063492063492064
0.2063492063492064
0.33333333333333337
0.0
0.2063492063492064
0.33333333333333337
0.48484848484848486
0.71875
0.0
0.0
0.0
0.21875
0.0
0.2063492063492064
0.180327868852459
0.2063492063492064
0.33333333333333337
0.2063492063492064
0.2063492063492064
0.0
0.25373134328358204
0.22666666666666668
0.0
0.2063492063492064
0.46031746031746035
0.0
0.10447761194029848
0.22666666666666668
0.23684210526315785
0.0
0.2063492063492064
0.0
0.0
0.1875
0.21875
0.2063492063492064
0.21875
0.2063492063492064
0.0
0.0
0.3731343283582089
0.2063492063492064
0.0
0.0
0.2063492063492064
0.2063492063492064
0.2063492063492064
0.17460317460317465
0.0
0.180327868852459
0.2063492063492064
0.34375
0.22666666666666668
0.3421052631578947
0.2063492063492064
0.16923076923076918
0.2063492063492064
0.2063492063492064
0.2063492063492064
0.33333333333333337
0.2063492063492064
0.17460317460317465
0.28
0.2063492063492064
0.4509803921568627
0.3125
0.46031746031746035
0.0
0.21875
0.0
0.0
0.16923076923076918
0.2063492063492064
0.0
0.2063492063492064
0.33333333333333337
0.0
0.3421052631578947
0.0
0.0
0.0
0.0
0.0
0.2063492063492064
0.46031746031746035
0.33333333333333337
0.21875
0.0
0.0
0.33333333333333337
0.0
0.0
0.0
0.2063492063492064
0.0
0.4461538461538461
0.3421052631578947
0.22666666666666668
0.2063492063492064
0.0
0.22666666666666668
0.0
0.33333333333333337
0.2063492063492064
0.19999999999999996
0.2063492063492064
0.0
0.0
0.2063492063492064
0.0
0.0
0.16923076923076918
0.0
0.0
0.0
0.2063492063492064
0.0
0.0
0.2063492063492064
0.12121212121212122
0.0
0.2063492063492064
0.19999999999999996
0.0
0.1875
0.21875
0.0
0.2063492063492064
0.16923076923076918
0.19354838709677424
0.0
0.0
0.0
