0.0
0.3157894736842105
0.6304347826086957
0.0
0.0
0.5
0.0
0.3695652173913043
0.3695652173913043
0.5
0.34210526315789475
0.0
0.5
0.6607142857142857
0.34210526315789475
0.358974358974359
0.3695652173913043
0.0
0.34210526315789475
0.4523809523809524
0.425
0.3829787234042553
0.5
0.5
0.34210526315789475
0.4883720930232558
0.0
0.0
0.0
0.0
0.5
0.5098039215686274
0.2647058823529412
0.5
0.5116279069767442
0.3333333333333333
0.3157894736842105
0.32432432432432434
0.5
0.5116279069767442
0.3157894736842105
0.5
0.34210526315789475
0.5
0.34210526315789475
0.34210526315789475
0.34210526315789475
0.34210526315789475
0.5
0.0
0.34210526315789475
0.5
0.6530612244897959
0.8363636363636363
0.0
0.0
0.0
0.358974358974359
0.0
0.34210526315789475
0.3055555555555556
0.34210526315789475
0.5
0.34210526315789475
0.34210526315789475
0.0
0.40476190476190477
0.3695652173913043
0.0
0.34210526315789475
0.6304347826086957
0.0
0.1891891891891892
0.3695652173913043
0.3829787234042553
0.0
0.34210526315789475
0.0
0.0
0.3157894736842105
0.358974358974359
0.34210526315789475
0.358974358974359
0.34210526315789475
0.0
0.0
0.5434782608695652
0.34210526315789475
0.0
0.0
0.34210526315789475
0.34210526315789475
0.34210526315789475
0.2972972972972973
0.0
0.3055555555555556
0.34210526315789475
0.5116279069767442
0.3695652173913043
0.5098039215686274
0.34210526315789475
0.2894736842105263
0.34210526315789475
0.34210526315789475
0.34210526315789475
0.5
0.34210526315789475
0.2972972972972973
0.4375
0.34210526315789475
0.6216216216216216
0.47619047619047616
0.6304347826086957
0.0
0.358974358974359
0.0
0.0
0.2894736842105263
0.34210526315789475
0.0
0.34210526315789475
0.5
0.0
0.5098039215686274
0.0
0.0
0.0
0.0
0.0
0.34210526315789475
0.6304347826086957
0.5
0.358974358974359
0.0
0.0
0.5
0.0
0.0
0.0
0.34210526315789475
0.0
0.6170212765957447
0.5098039215686274
0.3695652173913043
0.34210526315789475
0.0
0.3695652173913043
0.0
0.5
0.34210526315789475
0.3333333333333333
0.34210526315789475
0.0
0.0
0.34210526315789475
0.0
0.0
0.2894736842105263
0.0
0.0
0.0
0.34210526315789475
0.0
0.0
0.34210526315789475
0.21621621621621623
0.0
0.34210526315789475
0.3333333333333333
0.0
0.3157894736842105
0.358974358974359
0.0
0.34210526315789475
0.2894736842105263
0.32432432432432434
0.0
0.0
0.0
