0.0
0.10344827586206895
0.3928571428571429
0.0
0.0
0.2857142857142857
0.0
0.17142857142857137
0.17142857142857137
0.25
0.1071428571428571
0.0
0.25
0.4571428571428572
0.1071428571428571
0.13793103448275867
0.17142857142857137
0.0
0.1071428571428571
0.23333333333333328
0.1785714285714286
0.19444444444444442
0.2857142857142857
0.2857142857142857
0.1071428571428571
0.24137931034482762
0.0
0.0
0.0
0.0
0.2857142857142857
0.3055555555555556
0.07407407407407407
0.2857142857142857
0.27586206896551724
0.10344827586206895
0.10344827586206895
0.07407407407407407
0.2857142857142857
0.27586206896551724
0.10344827586206895
0.2857142857142857
0.1071428571428571
0.25
0.1071428571428571
0.1071428571428571
0.1071428571428571
0.1071428571428571
0.25
0.0
0.1071428571428571
0.2857142857142857
0.4516129032258065
0.6896551724137931
0.0
0.0
0.0
0.13793103448275867
0.0
0.1071428571428571
0.1071428571428571
0.1071428571428571
0.2857142857142857
0.1071428571428571
0.1071428571428571
0.0
0.21875
0.17142857142857137
0.0
0.1071428571428571
0.3928571428571429
0.0
0.0625
0.17142857142857137
0.19444444444444442
0.0
0.1071428571428571
0.0
0.0
0.10344827586206895
0.13793103448275867
0.1071428571428571
0.13793103448275867
0.1071428571428571
0.0
0.0
0.34375
0.1071428571428571
0.0
0.0
0.1071428571428571
0.1071428571428571
0.1071428571428571
0.0714285714285714
0.0
0.1071428571428571
0.1071428571428571
0.27586206896551724
0.17142857142857137
0.3055555555555556
0.1071428571428571
0.06896551724137934
0.1071428571428571
0.1071428571428571
0.1071428571428571
0.25
0.1071428571428571
0.0714285714285714
0.22857142857142854
0.1071428571428571
0.3913043478260869
0.2142857142857143
0.3928571428571429
0.0
0.13793103448275867
0.0
0.0
0.06896551724137934
0.1071428571428571
0.0
0.1071428571428571
0.2857142857142857
0.0
0.3055555555555556
0.0
0.0
0.0
0.0
0.0
0.1071428571428571
0.3928571428571429
0.2857142857142857
0.13793103448275867
0.0
0.0
0.2857142857142857
0.0
0.0
0.0
0.1071428571428571
0.0
0.3793103448275862
0.3055555555555556
0.17142857142857137
0.1071428571428571
0.0
0.17142857142857137
0.0
0.2666666666666667
0.1071428571428571
0.10344827586206895
0.1071428571428571
0.0
0.0
0.1071428571428571
0.0
0.0
0.06896551724137934
0.0
0.0
0.0
0.1071428571428571
0.0
0.0
0.1071428571428571
0.06451612903225812
0.0
0.1071428571428571
0.10344827586206895
0.0
0.0714285714285714
0.1071428571428571
0.0
0.1071428571428571
0.06896551724137934
0.07407407407407407
0.0
0.0
0.0
