0.0
0.3157894736842105
0.6304347826086957
0.0
0.0
0.5
0.0
0.3695652173913043
0.3695652173913043
0.5
0.3421052631578947
0.0
0.5
0.6607142857142857
0.3421052631578947
0.3589743589743589
0.3695652173913043
0.0
0.3421052631578947
0.45238095238095233
0.42500000000000004
0.3829787234042553
0.5
0.5
0.3421052631578947
0.4883720930232558
0.0
0.0
0.0
0.0
0.5
0.5098039215686274
0.2647058823529411
0.5
0.5116279069767442
0.33333333333333337
0.3157894736842105
0.32432432432432434
0.5
0.5116279069767442
0.3157894736842105
0.5
0.3421052631578947
0.5
0.3421052631578947
0.3421052631578947
0.3421052631578947
0.3421052631578947
0.5
0.0
0.3421052631578947
0.5
0.653061224489796
0.8363636363636364
0.0
0.0
0.0
0.3589743589743589
0.0
0.3421052631578947
0.3055555555555556
0.3421052631578947
0.5
0.3421052631578947
0.3421052631578947
0.0
0.40476190476190477
0.3695652173913043
0.0
0.3421052631578947
0.6304347826086957
0.0
0.18918918918918914
0.3695652173913043
0.3829787234042553
0.0
0.3421052631578947
0.0
0.0
0.3157894736842105
0.3589743589743589
0.3421052631578947
0.3589743589743589
0.3421052631578947
0.0
0.0
0.5434782608695652
0.3421052631578947
0.0
0.0
0.3421052631578947
0.3421052631578947
0.3421052631578947
0.29729729729729726
0.0
0.3055555555555556
0.3421052631578947
0.5116279069767442
0.3695652173913043
0.5098039215686274
0.3421052631578947
0.2894736842105263
0.3421052631578947
0.3421052631578947
0.3421052631578947
0.5
0.3421052631578947
0.29729729729729726
0.4375
0.3421052631578947
0.6216216216216216
0.47619047619047616
0.6304347826086957
0.0
0.3589743589743589
0.0
0.0
0.2894736842105263
0.3421052631578947
0.0
0.3421052631578947
0.5
0.0
0.5098039215686274
0.0
0.0
0.0
0.0
0.0
0.3421052631578947
0.6304347826086957
0.5
0.3589743589743589
0.0
0.0
0.5
0.0
0.0
0.0
0.3421052631578947
0.0
0.6170212765957447
0.5098039215686274
0.3695652173913043
0.3421052631578947
0.0
0.3695652173913043
0.0
0.5
0.3421052631578947
0.33333333333333337
0.3421052631578947
0.0
0.0
0.3421052631578947
0.0
0.0
0.2894736842105263
0.0
0.0
0.0
0.3421052631578947
0.0
0.0
0.3421052631578947
0.21621621621621623
0.0
0.3421052631578947
0.33333333333333337
0.0
0.3157894736842105
0.3589743589743589
0.0
0.3421052631578947
0.2894736842105263
0.32432432432432434
0.0
0.0
0.0
