0.02857142857142858
0.0
0.0
0.0
0.0
0.0
0.0
0.02857142857142858
0.0
0.052631578947368474
0.02857142857142858
0.05555555555555558
0.02857142857142858
0.10526315789473684
0.0
0.02857142857142858
0.0
0.02857142857142858
0.02857142857142858
0.0
0.02857142857142858
0.05555555555555558
0.08108108108108103
0.0
0.08108108108108103
0.05555555555555558
0.02857142857142858
0.0
0.0
0.0
0.05555555555555558
0.05555555555555558
0.05555555555555558
0.02857142857142858
0.05555555555555558
0.0
0.07692307692307687
0.02857142857142858
0.0
0.05555555555555558
0.02857142857142858
0.05555555555555558
0.02857142857142858
0.0
0.02857142857142858
0.05555555555555558
0.0
0.05555555555555558
0.0
0.0
0.08108108108108103
0.0
0.02857142857142858
0.0
0.05555555555555558
0.0
0.02857142857142858
0.05555555555555558
0.08108108108108103
0.02857142857142858
0.02857142857142858
0.0
0.05555555555555558
0.05555555555555558
0.0
0.0
0.05555555555555558
0.08108108108108103
0.0
0.08108108108108103
0.0
0.05555555555555558
0.02857142857142858
0.02857142857142858
0.0
0.02857142857142858
0.0
0.0
0.052631578947368474
0.05555555555555558
0.05555555555555558
0.05555555555555558
0.0
0.027027027027026973
0.027027027027026973
0.05555555555555558
0.02857142857142858
0.05555555555555558
0.02857142857142858
0.02857142857142858
0.05555555555555558
0.02857142857142858
0.08108108108108103
0.02857142857142858
0.05555555555555558
0.0
0.0
0.0
0.02857142857142858
0.0
0.05555555555555558
0.0
0.0
0.10526315789473684
0.0
0.05555555555555558
0.02857142857142858
0.02857142857142858
0.0
0.0
0.0
0.02857142857142858
0.02857142857142858
0.05555555555555558
0.02857142857142858
0.0
0.02857142857142858
0.05555555555555558
0.0
0.05555555555555558
0.0
0.0
0.0
0.0
0.05555555555555558
0.0
0.0
0.0
0.02857142857142858
0.08108108108108103
0.02857142857142858
0.02857142857142858
0.0
0.02857142857142858
0.05555555555555558
0.05555555555555558
0.02857142857142858
0.0
0.11111111111111116
0.05555555555555558
0.030303030303030276
0.02857142857142858
0.02857142857142858
0.0
0.02857142857142858
