0.27358490566037735
0.27358490566037735
0.04
0.04
0.04
0.04
0.04
0.04
0.04
0.04
0.0
0.04
0.27358490566037735
0.27358490566037735
0.27358490566037735
0.04
0.04
0.04
0.27358490566037735
0.27358490566037735
0.27358490566037735
0.27358490566037735
0.27358490566037735
0.27358490566037735
0.27358490566037735
0.27358490566037735
0.27358490566037735
0.27358490566037735
0.27358490566037735
0.27358490566037735
0.27358490566037735
0.27358490566037735
0.27358490566037735
0.27358490566037735
0.27358490566037735
0.27358490566037735
0.27358490566037735
0.27358490566037735
0.27358490566037735
0.27358490566037735
0.27358490566037735
0.27358490566037735
0.27358490566037735
0.27358490566037735
0.27358490566037735
0.27358490566037735
0.27358490566037735
0.27358490566037735
0.27358490566037735
0.27358490566037735
0.27358490566037735
0.27358490566037735
0.27358490566037735
0.27358490566037735
0.27358490566037735
0.27358490566037735
0.27358490566037735
0.27358490566037735
0.27358490566037735
0.27358490566037735
0.27358490566037735
0.27358490566037735
0.27358490566037735
0.27358490566037735
0.27358490566037735
0.27358490566037735
0.04
0.27358490566037735
0.27358490566037735
0.27358490566037735
0.27358490566037735
0.27358490566037735
0.27358490566037735
0.27358490566037735
0.27358490566037735
0.27358490566037735
0.27358490566037735
0.27358490566037735
0.27358490566037735
0.04
0.27358490566037735
0.27358490566037735
0.27358490566037735
0.0196078431372549
0.0196078431372549
0.27358490566037735
0.04
0.04
0.27358490566037735
0.27358490566037735
0.27358490566037735
0.27358490566037735
0.27358490566037735
0.27358490566037735
0.27358490566037735
0.27358490566037735
0.27358490566037735
0.27358490566037735
0.04
0.04
0.04
0.04
0.27358490566037735
0.27358490566037735
0.27358490566037735
0.27358490566037735
0.27358490566037735
0.04
0.27358490566037735
0.27358490566037735
0.27358490566037735
0.27358490566037735
0.04
0.04
0.27358490566037735
0.27358490566037735
0.27358490566037735
0.27358490566037735
0.04
0.27358490566037735
0.27358490566037735
0.04
0.27358490566037735
0.27358490566037735
0.27358490566037735
0.27358490566037735
0.27358490566037735
0.27358490566037735
0.27358490566037735
0.04
0.27358490566037735
0.27358490566037735
0.27358490566037735
0.27358490566037735
0.27358490566037735
0.27358490566037735
0.27358490566037735
0.27358490566037735
0.27358490566037735
0.27358490566037735
0.0
0.25675675675675674
0.25675675675675674
0.25
0.27358490566037735
0.0196078431372549
0.25842696629213485
0.27358490566037735
0.27358490566037735
0.27358490566037735
0.27358490566037735
