0.15384615384615385
0.15384615384615385
0.0
0.0
0.0
0.0
0.0
0.0
0.0
0.0
0.0
0.0
0.15384615384615385
0.15384615384615385
0.15384615384615385
0.0
0.0
0.0
0.15384615384615385
0.15384615384615385
0.15384615384615385
0.15384615384615385
0.15384615384615385
0.15384615384615385
0.15384615384615385
0.15384615384615385
0.15384615384615385
0.15384615384615385
0.15384615384615385
0.15384615384615385
0.15384615384615385
0.15384615384615385
0.15384615384615385
0.15384615384615385
0.15384615384615385
0.15384615384615385
0.15384615384615385
0.15384615384615385
0.15384615384615385
0.15384615384615385
0.15384615384615385
0.15384615384615385
0.15384615384615385
0.15384615384615385
0.15384615384615385
0.15384615384615385
0.15384615384615385
0.15384615384615385
0.15384615384615385
0.15384615384615385
0.15384615384615385
0.15384615384615385
0.15384615384615385
0.15384615384615385
0.15384615384615385
0.15384615384615385
0.15384615384615385
0.15384615384615385
0.15384615384615385
0.15384615384615385
0.15384615384615385
0.15384615384615385
0.15384615384615385
0.15384615384615385
0.15384615384615385
0.15384615384615385
0.0
0.15384615384615385
0.15384615384615385
0.15384615384615385
0.15384615384615385
0.15384615384615385
0.15384615384615385
0.15384615384615385
0.15384615384615385
0.15384615384615385
0.15384615384615385
0.15384615384615385
0.15384615384615385
0.0
0.15384615384615385
0.15384615384615385
0.15384615384615385
0.0
0.0
0.15384615384615385
0.0
0.0
0.15384615384615385
0.15384615384615385
0.15384615384615385
0.15384615384615385
0.15384615384615385
0.15384615384615385
0.15384615384615385
0.15384615384615385
0.15384615384615385
0.15384615384615385
0.0
0.0
0.0
0.0
0.15384615384615385
0.15384615384615385
0.15384615384615385
0.15384615384615385
0.15384615384615385
0.0
0.15384615384615385
0.15384615384615385
0.15384615384615385
0.15384615384615385
0.0
0.0
0.15384615384615385
0.15384615384615385
0.15384615384615385
0.15384615384615385
0.0
0.15384615384615385
0.15384615384615385
0.0
0.15384615384615385
0.15384615384615385
0.15384615384615385
0.15384615384615385
0.15384615384615385
0.15384615384615385
0.15384615384615385
0.0
0.15384615384615385
0.15384615384615385
0.15384615384615385
0.15384615384615385
0.15384615384615385
0.15384615384615385
0.15384615384615385
0.15384615384615385
0.15384615384615385
0.15384615384615385
0.0
0.09836065573770492
0.09836065573770492
0.09999999999999998
0.15384615384615385
0.0
0.13157894736842102
0.15384615384615385
0.15384615384615385
0.15384615384615385
0.15384615384615385
