0.05555555555555555
0.0
0.0
0.0
0.0
0.0
0.0
0.05555555555555555
0.0
0.1
0.05555555555555555
0.10526315789473684
0.05555555555555555
0.19047619047619047
0.0
0.05555555555555555
0.0
0.05555555555555555
0.05555555555555555
0.0
0.05555555555555555
0.10526315789473684
0.15
0.0
0.15
0.10526315789473684
0.05555555555555555
0.0
0.0
0.0
0.10526315789473684
0.10526315789473684
0.10526315789473684
0.05555555555555555
0.10526315789473684
0.0
0.14285714285714285
0.05555555555555555
0.0
0.10526315789473684
0.05555555555555555
0.10526315789473684
0.05555555555555555
0.0
0.05555555555555555
0.10526315789473684
0.0
0.10526315789473684
0.0
0.0
0.15
0.0
0.05555555555555555
0.0
0.10526315789473684
0.0
0.05555555555555555
0.10526315789473684
0.15
0.05555555555555555
0.05555555555555555
0.0
0.10526315789473684
0.10526315789473684
0.0
0.0
0.10526315789473684
0.15
0.0
0.15
0.0
0.10526315789473684
0.05555555555555555
0.05555555555555555
0.0
0.05555555555555555
0.0
0.0
0.1
0.10526315789473684
0.10526315789473684
0.10526315789473684
0.0
0.05263157894736842
0.05263157894736842
0.10526315789473684
0.05555555555555555
0.10526315789473684
0.05555555555555555
0.05555555555555555
0.10526315789473684
0.05555555555555555
0.15
0.05555555555555555
0.10526315789473684
0.0
0.0
0.0
0.05555555555555555
0.0
0.10526315789473684
0.0
0.0
0.19047619047619047
0.0
0.10526315789473684
0.05555555555555555
0.05555555555555555
0.0
0.0
0.0
0.05555555555555555
0.05555555555555555
0.10526315789473684
0.05555555555555555
0.0
0.05555555555555555
0.10526315789473684
0.0
0.10526315789473684
0.0
0.0
0.0
0.0
0.10526315789473684
0.0
0.0
0.0
0.05555555555555555
0.15
0.05555555555555555
0.05555555555555555
0.0
0.05555555555555555
0.10526315789473684
0.10526315789473684
0.05555555555555555
0.0
0.2
0.10526315789473684
0.058823529411764705
0.05555555555555555
0.05555555555555555
0.0
0.05555555555555555
