0.5074626865671642
0.7
0.5147058823529411
0.5
0.7555555555555555
0.5
0.5546875
0.5869565217391305
0.6016260162601627
0.5581395348837209
0.5074626865671642
0.5367647058823529
0.5869565217391305
0.5869565217391305
0.6902173913043478
0.7178217821782178
0.5869565217391305
0.5546875
0.525
0.8333333333333334
0.5074626865671642
0.5074626865671642
0.5869565217391305
0.5074626865671642
0.5869565217391305
0.5074626865671642
0.5074626865671642
0.5074626865671642
0.5074626865671642
0.5074626865671642
0.5074626865671642
0.5
0.5074626865671642
0.5074626865671642
0.5
0.5
0.5074626865671642
0.5074626865671642
0.5074626865671642
0.5074626865671642
0.5074626865671642
0.5074626865671642
0.5074626865671642
0.5
0.5074626865671642
0.5074626865671642
0.5074626865671642
0.5074626865671642
0.5074626865671642
0.5074626865671642
0.5074626865671642
0.5074626865671642
0.5074626865671642
0.5074626865671642
0.5074626865671642
0.5074626865671642
0.5147058823529411
0.5147058823529411
0.5147058823529411
0.5147058823529411
0.5147058823529411
0.5147058823529411
0.5147058823529411
0.5147058823529411
0.5147058823529411
0.5147058823529411
0.5147058823529411
0.5147058823529411
0.5147058823529411
0.5147058823529411
0.5147058823529411
0.5147058823529411
0.5147058823529411
0.5147058823529411
0.5147058823529411
0.5147058823529411
0.5147058823529411
0.5147058823529411
0.5147058823529411
0.5074626865671642
0.5074626865671642
0.7
0.7014218009478673
0.5074626865671642
0.5
0.5
0.5074626865671642
0.5
0.5074626865671642
0.7149321266968326
0.7162162162162162
0.6985645933014354
0.7014218009478673
0.7014218009478673
0.5663716814159292
0.5663716814159292
0.6301369863013698
0.625
0.625
0.6301369863013698
0.6301369863013698
0.6301369863013698
0.6351351351351351
0.64
0.5714285714285714
0.5752212389380531
0.5663716814159292
0.8252427184466019
0.6301369863013698
0.5663716814159292
0.5663716814159292
0.5752212389380531
0.5752212389380531
0.5663716814159292
0.5663716814159292
0.5663716814159292
0.5752212389380531
0.5663716814159292
0.5663716814159292
0.5663716814159292
0.5663716814159292
0.5752212389380531
0.5752212389380531
0.5663716814159292
0.5196078431372549
0.5294117647058824
0.5663716814159292
0.5752212389380531
0.5339805825242718
0.5196078431372549
0.5663716814159292
0.5288461538461539
0.5242718446601942
0.5242718446601942
0.5739130434782609
0.5739130434782609
0.6470588235294118
0.6417910447761194
0.5752212389380531
0.5789473684210527
0.5789473684210527
0.5294117647058824
0.52
0.5294117647058824
0.52
0.5294117647058824
0.5789473684210527
0.5663716814159292
0.5663716814159292
0.5663716814159292
0.5663716814159292
0.5196078431372549
0.5242718446601942
0.5789473684210527
0.5789473684210527
0.5247524752475248
0.5294117647058824
0.5789473684210527
0.6301369863013698
0.5196078431372549
0.5826086956521739
0.52
0.7073170731707317
0.5869565217391305
0.5294117647058824
0.6301369863013698
0.6301369863013698
0.5663716814159292
0.6397058823529411
0.5752212389380531
0.5789473684210527
0.5752212389380531
0.5789473684210527
0.6397058823529411
0.6444444444444445
0.5294117647058824
0.5074626865671642
0.5074626865671642
0.5074626865671642
0.5074626865671642
0.5074626865671642
0.5
0.5074626865671642
0.5074626865671642
0.5074626865671642
0.5074626865671642
0.5074626865671642
0.5074626865671642
0.5074626865671642
0.5074626865671642
0.5074626865671642
0.5074626865671642
0.5074626865671642
0.5074626865671642
0.5074626865671642
0.5074626865671642
0.5074626865671642
0.5074626865671642
0.5074626865671642
0.5074626865671642
0.5
0.5
0.4925373134328358
0.4925373134328358
0.5
0.5
0.5
0.5
0.5
0.5
0.5
0.5
0.5
0.5
0.5
0.5
0.5
0.5
0.5
0.5
0.5
0.5
0.5
0.5
0.5
0.5
0.5
0.5869565217391305
0.5869565217391305
0.5869565217391305
0.5869565217391305
0.5869565217391305
0.5869565217391305
0.5869565217391305
0.5074626865671642
0.5869565217391305
0.5581395348837209
0.5869565217391305
0.5869565217391305
0.5869565217391305
0.5869565217391305
0.5869565217391305
0.5869565217391305
0.5869565217391305
0.5869565217391305
0.5869565217391305
0.5869565217391305
0.5869565217391305
0.5869565217391305
0.5869565217391305
0.5869565217391305
0.5869565217391305
0.5869565217391305
0.5869565217391305
0.5869565217391305
0.5869565217391305
0.5869565217391305
0.5869565217391305
0.5869565217391305
0.5869565217391305
0.5869565217391305
0.5869565217391305
0.5869565217391305
0.5869565217391305
0.5869565217391305
0.5869565217391305
0.5869565217391305
0.5869565217391305
0.5869565217391305
0.5869565217391305
0.5869565217391305
0.5869565217391305
0.5869565217391305
0.5869565217391305
0.5869565217391305
0.5869565217391305
0.6568627450980392
0.6351351351351351
0.6351351351351351
0.6351351351351351
0.5663716814159292
0.5663716814159292
0.5663716814159292
0.5663716814159292
0.5826086956521739
0.5663716814159292
0.5294117647058824
0.6470588235294118
0.5
0.5
0.5869565217391305
0.5869565217391305
0.5869565217391305
0.5869565217391305
0.5869565217391305
0.5869565217391305
0.5869565217391305
0.5869565217391305
0.5869565217391305
0.5869565217391305
0.5869565217391305
0.5869565217391305
0.5869565217391305
0.5869565217391305
0.5869565217391305
0.5869565217391305
0.5869565217391305
0.5869565217391305
0.5869565217391305
0.5869565217391305
0.5869565217391305
0.5869565217391305
0.5869565217391305
0.5869565217391305
0.5869565217391305
0.5869565217391305
0.5869565217391305
0.5869565217391305
0.5869565217391305
0.5869565217391305
0.5869565217391305
0.5869565217391305
0.5869565217391305
0.5869565217391305
0.6301369863013698
0.5752212389380531
0.5752212389380531
0.5789473684210527
0.52
0.5
0.5546875
0.5546875
0.5546875
0.5546875
0.5546875
0.5546875
0.5546875
0.5546875
0.5546875
0.5546875
0.5546875
0.5546875
0.5546875
0.5546875
0.5546875
0.5546875
0.5546875
0.5546875
0.5546875
0.5546875
0.5546875
0.5546875
0.5546875
0.5546875
0.5546875
0.5546875
0.5546875
0.5546875
0.5546875
0.5546875
0.5546875
0.5546875
0.5546875
0.5546875
0.5546875
0.5546875
0.5546875
0.5546875
0.5546875
0.5546875
0.5546875
0.5546875
0.5546875
0.5546875
0.5546875
0.5546875
0.5546875
0.5546875
0.5546875
0.5546875
0.5546875
0.5546875
0.5546875
0.5546875
0.5546875
0.5546875
0.5546875
0.5546875
0.5546875
0.5546875
0.5546875
0.5546875
0.5546875
0.5546875
0.5546875
0.5546875
0.5546875
0.5546875
0.5546875
0.5546875
0.5546875
0.5546875
0.5546875
0.5546875
0.5546875
0.5546875
0.5546875
0.5546875
0.5546875
0.5546875
0.5546875
0.5546875
0.5546875
0.5546875
0.5546875
0.5546875
0.5546875
0.5546875
0.5546875
0.5546875
0.5546875
0.5546875
0.5546875
0.5546875
0.5546875
0.5546875
0.5546875
0.5546875
0.5546875
0.5546875
0.5546875
0.5546875
0.5546875
0.5546875
0.5546875
0.5546875
0.5546875
0.5546875
0.5546875
0.5546875
0.5546875
0.5546875
0.5546875
0.5546875
0.6351351351351351
0.5752212389380531
0.5294117647058824
0.6301369863013698
0.5663716814159292
0.5294117647058824
0.5663716814159292
0.5074626865671642
0.5
0.5
0.5
0.5
0.5869565217391305
0.6474820143884892
0.5869565217391305
0.5869565217391305
0.5869565217391305
0.5869565217391305
0.5869565217391305
0.5869565217391305
0.5869565217391305
0.5869565217391305
0.5869565217391305
0.5869565217391305
0.5869565217391305
0.5869565217391305
0.5869565217391305
0.5869565217391305
0.5869565217391305
0.5869565217391305
0.5869565217391305
0.5869565217391305
0.5869565217391305
0.5869565217391305
0.5869565217391305
0.5869565217391305
0.5869565217391305
0.5869565217391305
0.5869565217391305
0.5869565217391305
0.5869565217391305
0.5663716814159292
0.5074626865671642
0.5074626865671642
0.5074626865671642
0.5074626865671642
0.5
0.5869565217391305
0.5869565217391305
0.5869565217391305
0.5869565217391305
0.5869565217391305
0.5869565217391305
0.5869565217391305
0.5869565217391305
0.5869565217391305
0.5869565217391305
0.5869565217391305
0.5869565217391305
0.5869565217391305
0.5869565217391305
0.5869565217391305
0.5869565217391305
0.5869565217391305
0.5869565217391305
0.5869565217391305
0.6521739130434783
0.5950413223140496
0.5054347826086957
0.656441717791411
0.656441717791411
0.656441717791411
0.6521739130434783
0.656441717791411
0.5869565217391305
0.6298701298701299
0.6606060606060606
0.39751552795031053
0.656441717791411
0.6606060606060606
0.5054347826086957
0.6298701298701299
0.6521739130434783
0.5950413223140496
0.5950413223140496
0.6298701298701299
0.4947916666666667
0.6298701298701299
0.6294117647058823
0.6294117647058823
0.5869565217391305
0.5869565217391305
0.5869565217391305
0.5869565217391305
0.5869565217391305
0.5869565217391305
0.5869565217391305
0.5869565217391305
0.5869565217391305
0.5869565217391305
0.5869565217391305
0.5869565217391305
0.5869565217391305
0.5869565217391305
0.5869565217391305
0.5869565217391305
0.6474820143884892
0.6308724832214765
0.6474820143884892
0.5743243243243243
0.5869565217391305
0.5869565217391305
0.5869565217391305
0.5869565217391305
0.5869565217391305
0.5869565217391305
0.5869565217391305
0.5869565217391305
0.5869565217391305
0.6370370370370371
0.5864661654135338
0.6474820143884892
0.6474820143884892
0.6474820143884892
0.6474820143884892
0.6474820143884892
0.6474820143884892
0.5615384615384615
0.5615384615384615
0.5615384615384615
0.5681818181818182
0.6474820143884892
0.6308724832214765
0.6474820143884892
0.6474820143884892
0.6474820143884892
0.5869565217391305
0.5869565217391305
0.5743243243243243
0.631578947368421
0.631578947368421
0.6474820143884892
0.6308724832214765
0.6259541984732825
0.6259541984732825
0.5869565217391305
0.5869565217391305
0.6474820143884892
0.6474820143884892
0.5869565217391305
0.5869565217391305
0.6474820143884892
0.6474820143884892
0.5743243243243243
0.5869565217391305
0.5869565217391305
0.631578947368421
0.5869565217391305
0.6259541984732825
0.6259541984732825
0.6259541984732825
0.6259541984732825
0.6259541984732825
0.6259541984732825
0.6259541984732825
0.6259541984732825
0.6308724832214765
0.6308724832214765
0.5743243243243243
0.5743243243243243
0.5743243243243243
0.6308724832214765
0.6308724832214765
0.6474820143884892
0.6474820143884892
0.6474820143884892
0.5869565217391305
0.5869565217391305
0.5869565217391305
0.6474820143884892
0.5681818181818182
0.5681818181818182
0.6474820143884892
0.6474820143884892
0.6474820143884892
0.5681818181818182
0.631578947368421
0.5681818181818182
0.5681818181818182
0.5681818181818182
0.6474820143884892
0.6474820143884892
0.6308724832214765
0.5801526717557252
0.5801526717557252
0.5743243243243243
0.5869565217391305
0.5869565217391305
0.631578947368421
0.631578947368421
0.6474820143884892
0.6474820143884892
0.5869565217391305
0.5869565217391305
0.5869565217391305
0.5869565217391305
0.5869565217391305
0.5869565217391305
0.5869565217391305
0.5869565217391305
0.5869565217391305
0.5869565217391305
0.5869565217391305
0.5869565217391305
0.5869565217391305
0.4925373134328358
0.5
0.5
0.4925373134328358
0.4925373134328358
0.4925373134328358
0.5
0.5546875
0.5
0.5546875
0.5546875
0.5546875
0.5546875
0.5546875
0.5546875
0.5546875
0.5546875
0.5869565217391305
0.5546875
0.5546875
0.5546875
0.5546875
0.5546875
0.5546875
0.5546875
0.5546875
0.5546875
0.5546875
0.5869565217391305
0.5869565217391305
0.5869565217391305
0.5869565217391305
0.5869565217391305
0.5869565217391305
0.5869565217391305
0.5869565217391305
0.5869565217391305
0.5869565217391305
0.5869565217391305
0.5869565217391305
0.5869565217391305
0.5869565217391305
0.5869565217391305
0.5869565217391305
0.5869565217391305
0.5869565217391305
0.5869565217391305
0.5869565217391305
0.5869565217391305
0.5869565217391305
0.5869565217391305
0.5869565217391305
0.5869565217391305
0.5869565217391305
0.5869565217391305
0.5869565217391305
0.5869565217391305
0.5869565217391305
0.5869565217391305
0.5869565217391305
0.5869565217391305
0.5869565217391305
0.5869565217391305
0.5869565217391305
0.5869565217391305
0.5869565217391305
0.5869565217391305
0.5869565217391305
0.5869565217391305
0.5869565217391305
0.5869565217391305
0.5869565217391305
0.5869565217391305
0.5869565217391305
0.5869565217391305
0.5869565217391305
0.5869565217391305
0.5869565217391305
0.5869565217391305
0.5869565217391305
0.5869565217391305
0.5869565217391305
0.5869565217391305
0.5869565217391305
0.5869565217391305
0.5869565217391305
0.5869565217391305
0.5869565217391305
0.5869565217391305
0.5869565217391305
0.5869565217391305
0.5869565217391305
0.5869565217391305
0.4925373134328358
0.4925373134328358
0.5546875
0.5546875
0.5869565217391305
0.5869565217391305
0.5869565217391305
0.5869565217391305
0.5
0.5
0.5546875
0.5869565217391305
0.5869565217391305
0.5869565217391305
0.5869565217391305
0.5869565217391305
0.5869565217391305
0.5869565217391305
0.5869565217391305
0.5
0.5
0.5869565217391305
0.5869565217391305
0.5869565217391305
0.5869565217391305
0.5869565217391305
0.5869565217391305
0.5869565217391305
0.5869565217391305
0.5869565217391305
0.4925373134328358
0.5869565217391305
0.5869565217391305
0.4925373134328358
0.5869565217391305
0.5869565217391305
0.5869565217391305
0.5869565217391305
0.5869565217391305
0.5869565217391305
0.5869565217391305
0.5869565217391305
0.5869565217391305
0.5869565217391305
0.5869565217391305
0.5869565217391305
0.5869565217391305
0.5869565217391305
0.5074626865671642
0.5869565217391305
0.5869565217391305
0.5869565217391305
0.5869565217391305
0.5869565217391305
0.5869565217391305
0.5869565217391305
0.5869565217391305
0.5869565217391305
0.5869565217391305
0.5869565217391305
0.5869565217391305
0.5869565217391305
0.5869565217391305
0.5869565217391305
0.5869565217391305
0.5869565217391305
0.5869565217391305
0.5869565217391305
0.5869565217391305
0.5869565217391305
0.5869565217391305
0.5869565217391305
0.5869565217391305
0.5869565217391305
0.5869565217391305
0.5869565217391305
0.5869565217391305
0.5869565217391305
0.5869565217391305
0.5869565217391305
0.5869565217391305
0.5869565217391305
0.5869565217391305
0.5869565217391305
0.5869565217391305
0.5869565217391305
0.5869565217391305
0.5869565217391305
0.5869565217391305
0.5869565217391305
0.5869565217391305
0.5869565217391305
0.5869565217391305
0.5869565217391305
0.5869565217391305
0.5869565217391305
0.5869565217391305
0.5869565217391305
0.5869565217391305
0.5869565217391305
0.5869565217391305
0.5869565217391305
0.5869565217391305
0.5869565217391305
0.5869565217391305
0.5869565217391305
0.5869565217391305
0.5869565217391305
0.5869565217391305
0.5869565217391305
0.5869565217391305
0.5869565217391305
0.5869565217391305
0.5869565217391305
0.5869565217391305
0.5869565217391305
0.5869565217391305
0.5869565217391305
0.5869565217391305
0.5869565217391305
0.5869565217391305
0.5869565217391305
0.5869565217391305
0.5869565217391305
0.5869565217391305
0.5869565217391305
0.5
0.5869565217391305
0.5869565217391305
0.5869565217391305
0.5869565217391305
0.5869565217391305
0.5869565217391305
0.5869565217391305
0.5869565217391305
0.5869565217391305
0.5869565217391305
0.5869565217391305
0.5869565217391305
0.5869565217391305
0.5869565217391305
0.5869565217391305
0.5869565217391305
0.5869565217391305
0.5869565217391305
0.5869565217391305
0.4925373134328358
0.5869565217391305
0.5869565217391305
0.5869565217391305
0.5869565217391305
0.5869565217391305
0.5869565217391305
0.4925373134328358
0.5869565217391305
0.5869565217391305
0.6308724832214765
0.6308724832214765
0.5869565217391305
0.5869565217391305
0.5869565217391305
0.5615384615384615
0.5615384615384615
0.5546875
0.5546875
0.5546875
0.5546875
0.5546875
0.5546875
0.5546875
0.5546875
0.5546875
0.5546875
0.5546875
0.5546875
0.5546875
0.5546875
0.5546875
0.5546875
0.5546875
0.5546875
0.5546875
0.5546875
0.5546875
0.5546875
0.5546875
0.5546875
0.5546875
0.5546875
0.5546875
0.5546875
0.5546875
0.5546875
0.5546875
0.5546875
0.5546875
0.5546875
0.5546875
0.5546875
0.5546875
0.5546875
0.5546875
0.5546875
0.5546875
0.5546875
0.5546875
0.5546875
0.5546875
0.5546875
0.5546875
0.5546875
0.5546875
0.5546875
0.5546875
0.5546875
0.5546875
0.5546875
0.5546875
0.5546875
0.5546875
0.5546875
0.5546875
0.5546875
0.5546875
0.5074626865671642
0.5869565217391305
0.7205882352941176
0.5869565217391305
0.5
0.5869565217391305
0.4925373134328358
0.5
0.4925373134328358
0.5
0.5
0.5
0.5
0.5
0.5
0.4925373134328358
0.5
0.5
0.5
0.5
0.5
0.5
0.5
0.4925373134328358
0.4925373134328358
0.4925373134328358
0.5
0.5
0.5
0.5
0.5
0.5
0.5
0.5
0.5
0.4925373134328358
0.5
0.5
0.6686046511627907
0.4925373134328358
0.6686046511627907
0.5869565217391305
0.6902173913043478
0.525
0.525
0.525
0.525
0.6902173913043478
0.6902173913043478
0.6902173913043478
0.6902173913043478
0.5869565217391305
0.5869565217391305
0.5869565217391305
0.5869565217391305
0.6902173913043478
0.6902173913043478
0.5869565217391305
0.5869565217391305
0.5869565217391305
0.5869565217391305
0.5869565217391305
0.6902173913043478
0.6902173913043478
0.525
0.525
0.525
0.525
0.525
0.525
0.525
0.525
0.525
0.525
0.6902173913043478
0.525
0.525
0.525
0.525
0.525
0.525
0.525
0.525
0.525
0.525
0.525
0.525
0.525
0.525
0.525
0.6902173913043478
0.525
0.525
0.6902173913043478
0.6902173913043478
0.6902173913043478
0.6902173913043478
0.6902173913043478
0.6902173913043478
0.6902173913043478
0.6902173913043478
0.6902173913043478
0.6902173913043478
0.6902173913043478
0.6902173913043478
0.6902173913043478
0.6902173913043478
0.6902173913043478
0.6902173913043478
0.6902173913043478
0.6902173913043478
0.6902173913043478
0.5
0.5
0.5
0.5
0.5
0.5
0.6474820143884892
0.5504587155963303
0.6033057851239669
0.7
0.5869565217391305
0.5869565217391305
0.5
0.5247524752475248
0.5701754385964912
0.5701754385964912
0.5701754385964912
0.5701754385964912
0.5701754385964912
0.5869565217391305
0.5869565217391305
0.5869565217391305
0.5869565217391305
0.5546875
0.5546875
0.5546875
0.5546875
0.5546875
0.5869565217391305
0.525
0.7282608695652174
0.6902173913043478
0.6902173913043478
0.5546875
0.5546875
0.5546875
0.5546875
0.5546875
0.5752212389380531
0.4925373134328358
0.5581395348837209
0.5074626865671642
0.5581395348837209
0.5869565217391305
0.7571428571428571
0.5869565217391305
0.5869565217391305
0.5869565217391305
0.5869565217391305
0.5869565217391305
0.5869565217391305
0.5869565217391305
0.5743243243243243
0.5
0.5714285714285714
0.5074626865671642
0.5546875
0.5615384615384615
0.5546875
0.5546875
0.5546875
0.5546875
0.5546875
0.5546875
0.5546875
0.5074626865671642
0.5546875
0.5546875
0.5950413223140496
0.7282608695652174
0.6298701298701299
0.6298701298701299
0.6298701298701299
0.7297297297297297
0.5054347826086957
0.7282608695652174
0.7282608695652174
0.7282608695652174
0.7282608695652174
0.7282608695652174
0.7282608695652174
0.7282608695652174
0.7282608695652174
0.7282608695652174
0.7282608695652174
0.7282608695652174
0.7282608695652174
0.7282608695652174
0.7282608695652174
0.7282608695652174
0.7282608695652174
0.7282608695652174
0.7282608695652174
0.7282608695652174
0.7282608695652174
0.7282608695652174
0.7282608695652174
0.7282608695652174
0.7282608695652174
0.7282608695652174
0.7282608695652174
0.7282608695652174
0.7282608695652174
0.7282608695652174
0.7282608695652174
0.7282608695652174
0.7282608695652174
0.5950413223140496
0.5950413223140496
0.5950413223140496
0.5054347826086957
0.5054347826086957
0.7282608695652174
0.7282608695652174
0.7282608695652174
0.7282608695652174
0.7282608695652174
0.5546875
0.5869565217391305
0.5615384615384615
0.5869565217391305
0.5869565217391305
0.5546875
0.5546875
0.7282608695652174
0.5869565217391305
0.5869565217391305
0.5869565217391305
0.5546875
0.5663716814159292
0.5546875
0.5546875
0.6474820143884892
0.5869565217391305
0.6521739130434783
0.5869565217391305
0.525
0.5869565217391305
0.5950413223140496
0.6298701298701299
0.5950413223140496
0.5950413223140496
0.5950413223140496
0.5950413223140496
0.5950413223140496
0.5950413223140496
0.5950413223140496
0.6298701298701299
0.6298701298701299
0.5950413223140496
0.5950413223140496
0.5950413223140496
0.6298701298701299
0.6298701298701299
0.5950413223140496
0.6298701298701299
0.6298701298701299
0.6298701298701299
0.6298701298701299
0.5950413223140496
0.5
0.5869565217391305
0.525
0.5869565217391305
0.7282608695652174
0.7282608695652174
0.7282608695652174
0.7282608695652174
0.5950413223140496
0.7282608695652174
0.7282608695652174
0.7282608695652174
0.7282608695652174
0.7282608695652174
0.7282608695652174
0.6902173913043478
0.525
0.6902173913043478
0.6902173913043478
0.5869565217391305
0.5869565217391305
0.5869565217391305
0.5546875
0.5869565217391305
0.525
0.525
0.6373626373626373
0.6373626373626373
0.5
0.5546875
0.5869565217391305
0.5950413223140496
0.5869565217391305
0.5869565217391305
0.5869565217391305
0.5869565217391305
0.5869565217391305
0.5869565217391305
0.5869565217391305
0.5869565217391305
0.5869565217391305
0.5869565217391305
0.5869565217391305
0.5869565217391305
0.5869565217391305
0.5869565217391305
0.5869565217391305
0.5869565217391305
0.5869565217391305
0.5869565217391305
0.5869565217391305
0.5869565217391305
0.5869565217391305
0.5869565217391305
0.5869565217391305
0.5869565217391305
0.5869565217391305
0.5928571428571429
0.5869565217391305
0.5869565217391305
0.5869565217391305
0.5869565217391305
0.5869565217391305
0.5869565217391305
0.5869565217391305
0.5869565217391305
0.5869565217391305
0.5869565217391305
0.5869565217391305
0.5869565217391305
0.5869565217391305
0.5869565217391305
0.5869565217391305
0.5869565217391305
0.5869565217391305
0.5869565217391305
0.5869565217391305
0.5869565217391305
0.5869565217391305
0.5869565217391305
0.5869565217391305
0.5869565217391305
0.5869565217391305
0.5869565217391305
0.5869565217391305
0.5869565217391305
0.5869565217391305
0.5869565217391305
0.5869565217391305
0.5869565217391305
0.5869565217391305
0.5869565217391305
0.5869565217391305
0.5869565217391305
0.5869565217391305
0.5869565217391305
0.5869565217391305
0.5869565217391305
0.5869565217391305
0.5869565217391305
0.5869565217391305
0.5869565217391305
0.5869565217391305
0.5869565217391305
0.5869565217391305
0.5869565217391305
0.5869565217391305
0.5869565217391305
0.5869565217391305
0.5869565217391305
0.5869565217391305
0.5869565217391305
0.5869565217391305
0.5869565217391305
0.5869565217391305
0.5869565217391305
0.5869565217391305
0.5869565217391305
0.5869565217391305
0.5869565217391305
0.5869565217391305
0.5869565217391305
0.5869565217391305
0.5869565217391305
0.5869565217391305
0.5
0.5869565217391305
0.5869565217391305
0.5869565217391305
0.5869565217391305
0.5869565217391305
0.5869565217391305
0.5869565217391305
0.5869565217391305
0.5869565217391305
0.5869565217391305
0.5869565217391305
0.5869565217391305
0.5869565217391305
0.5869565217391305
0.5869565217391305
0.5869565217391305
0.5869565217391305
0.5869565217391305
0.5869565217391305
0.5869565217391305
0.5869565217391305
0.4925373134328358
0.5546875
0.7536231884057971
0.6538461538461539
0.5074626865671642
0.5869565217391305
0.6373626373626373
0.5
0.5054347826086957
0.5869565217391305
0.5869565217391305
0.5869565217391305
0.5869565217391305
0.5327868852459017
0.5950413223140496
0.5681818181818182
0.5615384615384615
0.5
0.5546875
0.5546875
0.5869565217391305
0.7205882352941176
0.5869565217391305
0.5546875
0.5074626865671642
0.5074626865671642
0.5074626865671642
0.5869565217391305
0.5869565217391305
0.5869565217391305
0.5869565217391305
0.5869565217391305
0.5869565217391305
0.5869565217391305
0.5869565217391305
0.5950413223140496
0.5869565217391305
0.5869565217391305
0.5869565217391305
0.5869565217391305
0.5615384615384615
0.5615384615384615
0.5681818181818182
0.5615384615384615
0.5869565217391305
0.6761904761904762
0.5869565217391305
0.5546875
0.5869565217391305
0.6033057851239669
0.5869565217391305
0.5869565217391305
0.5869565217391305
0.5869565217391305
0.5869565217391305
0.5869565217391305
0.5869565217391305
0.5899280575539568
0.5
0.5950413223140496
0.6474820143884892
0.6474820143884892
0.5950413223140496
0.6474820143884892
0.6474820143884892
0.5869565217391305
0.6209677419354839
0.6209677419354839
0.6016260162601627
0.6016260162601627
0.6016260162601627
0.6016260162601627
0.525
0.525
0.5869565217391305
0.5869565217391305
0.5327868852459017
0.5327868852459017
0.5950413223140496
0.5950413223140496
0.5074626865671642
0.5714285714285714
0.5752212389380531
0.5247524752475248
0.5950413223140496
0.5869565217391305
0.525
0.6474820143884892
0.5869565217391305
0.525
0.5950413223140496
0.5869565217391305
0.5869565217391305
0.6016260162601627
0.5546875
0.5074626865671642
0.5869565217391305
0.5869565217391305
0.5074626865671642
0.5074626865671642
0.5074626865671642
0.5869565217391305
0.5074626865671642
0.5869565217391305
