0.4
0.4
0.4
0.4
0.4
0.4
0.4
0.4
0.4
0.4
0.4
0.0
0.4
0.0
0.4375
0.4
0.4
0.4
0.4
0.4
0.4
0.4
0.4
0.4
0.4
0.4
0.4
0.4
0.4
0.4
0.4
0.4
0.4
0.4
0.4
0.4
0.4
0.0
0.4
0.4
0.4
0.4
0.4
0.4
0.4
0.5
0.5
0.5
0.5
0.5
0.5
0.0
0.5
0.0
0.5
0.0
0.5
0.5
0.5
0.5
0.0
0.5
0.5
0.0
0.5
0.4
0.0
0.4
0.4
0.4
0.4
0.5
0.0
0.0
0.5
0.5
0.5
0.5
0.4
0.4
0.5
0.5
0.5263157894736843
0.4
0.5
0.4
0.4
0.4
0.4
0.5
0.5
0.5
0.5
0.0
0.5
0.5
0.5
0.4
0.4
0.4
0.4
0.4
0.4
0.4
0.4
0.0
0.4375
0.4
0.4
0.5
0.5
0.4
0.4
0.4
0.4
0.5
0.5
0.4
0.4
0.5
0.4
0.4
0.4
0.5
0.4
0.4
0.4
0.4
0.4
0.5384615384615384
0.4
0.4
0.4
0.4
0.4
0.4
0.4
0.4
0.4
0.0
0.0
0.0
0.5
0.4
0.5
0.4
0.4
0.0
0.5
