0.33999999999999997
0.5384615384615384
0.3465346534653465
0.33333333333333337
0.6071428571428572
0.33333333333333337
0.38378378378378375
0.41538461538461535
0.43023255813953487
0.3870967741935484
0.33999999999999997
0.3668341708542714
0.41538461538461535
0.41538461538461535
0.5269709543568465
0.5598455598455598
0.41538461538461535
0.38378378378378375
0.35593220338983056
0.7142857142857143
0.33999999999999997
0.33999999999999997
0.41538461538461535
0.33999999999999997
0.41538461538461535
0.33999999999999997
0.33999999999999997
0.33999999999999997
0.33999999999999997
0.33999999999999997
0.33999999999999997
0.33333333333333337
0.33999999999999997
0.33999999999999997
0.33333333333333337
0.33333333333333337
0.33999999999999997
0.33999999999999997
0.33999999999999997
0.33999999999999997
0.33999999999999997
0.33999999999999997
0.33999999999999997
0.33333333333333337
0.33999999999999997
0.33999999999999997
0.33999999999999997
0.33999999999999997
0.33999999999999997
0.33999999999999997
0.33999999999999997
0.33999999999999997
0.33999999999999997
0.33999999999999997
0.33999999999999997
0.33999999999999997
0.3465346534653465
0.3465346534653465
0.3465346534653465
0.3465346534653465
0.3465346534653465
0.3465346534653465
0.3465346534653465
0.3465346534653465
0.3465346534653465
0.3465346534653465
0.3465346534653465
0.3465346534653465
0.3465346534653465
0.3465346534653465
0.3465346534653465
0.3465346534653465
0.3465346534653465
0.3465346534653465
0.3465346534653465
0.3465346534653465
0.3465346534653465
0.3465346534653465
0.3465346534653465
0.33999999999999997
0.33999999999999997
0.5384615384615384
0.5401459854014599
0.33999999999999997
0.33333333333333337
0.33333333333333337
0.33999999999999997
0.33333333333333337
0.33999999999999997
0.556338028169014
0.5578947368421052
0.5367647058823529
0.5401459854014599
0.5401459854014599
0.3950617283950617
0.3950617283950617
0.45999999999999996
0.4545454545454546
0.4545454545454546
0.45999999999999996
0.45999999999999996
0.45999999999999996
0.4653465346534653
0.47058823529411764
0.4
0.40372670807453415
0.3950617283950617
0.7024793388429752
0.45999999999999996
0.3950617283950617
0.3950617283950617
0.40372670807453415
0.40372670807453415
0.3950617283950617
0.3950617283950617
0.3950617283950617
0.40372670807453415
0.3950617283950617
0.3950617283950617
0.3950617283950617
0.3950617283950617
0.40372670807453415
0.40372670807453415
0.3950617283950617
0.3509933774834437
0.36
0.3950617283950617
0.40372670807453415
0.36423841059602646
0.3509933774834437
0.3950617283950617
0.3594771241830066
0.35526315789473684
0.35526315789473684
0.4024390243902439
0.4024390243902439
0.4782608695652174
0.4725274725274725
0.40372670807453415
0.40740740740740744
0.40740740740740744
0.36
0.3513513513513513
0.36
0.3513513513513513
0.36
0.40740740740740744
0.3950617283950617
0.3950617283950617
0.3950617283950617
0.3950617283950617
0.3509933774834437
0.35526315789473684
0.40740740740740744
0.40740740740740744
0.3557046979865772
0.36
0.40740740740740744
0.45999999999999996
0.3509933774834437
0.41104294478527603
0.3513513513513513
0.5471698113207547
0.41538461538461535
0.36
0.45999999999999996
0.45999999999999996
0.3950617283950617
0.47027027027027024
0.40372670807453415
0.40740740740740744
0.40372670807453415
0.40740740740740744
0.47027027027027024
0.47540983606557374
0.36
0.33999999999999997
0.33999999999999997
0.33999999999999997
0.33999999999999997
0.33999999999999997
0.33333333333333337
0.33999999999999997
0.33999999999999997
0.33999999999999997
0.33999999999999997
0.33999999999999997
0.33999999999999997
0.33999999999999997
0.33999999999999997
0.33999999999999997
0.33999999999999997
0.33999999999999997
0.33999999999999997
0.33999999999999997
0.33999999999999997
0.33999999999999997
0.33999999999999997
0.33999999999999997
0.33999999999999997
0.33333333333333337
0.33333333333333337
0.3267326732673267
0.3267326732673267
0.33333333333333337
0.33333333333333337
0.33333333333333337
0.33333333333333337
0.33333333333333337
0.33333333333333337
0.33333333333333337
0.33333333333333337
0.33333333333333337
0.33333333333333337
0.33333333333333337
0.33333333333333337
0.33333333333333337
0.33333333333333337
0.33333333333333337
0.33333333333333337
0.33333333333333337
0.33333333333333337
0.33333333333333337
0.33333333333333337
0.33333333333333337
0.33333333333333337
0.33333333333333337
0.41538461538461535
0.41538461538461535
0.41538461538461535
0.41538461538461535
0.41538461538461535
0.41538461538461535
0.41538461538461535
0.33999999999999997
0.41538461538461535
0.3870967741935484
0.41538461538461535
0.41538461538461535
0.41538461538461535
0.41538461538461535
0.41538461538461535
0.41538461538461535
0.41538461538461535
0.41538461538461535
0.41538461538461535
0.41538461538461535
0.41538461538461535
0.41538461538461535
0.41538461538461535
0.41538461538461535
0.41538461538461535
0.41538461538461535
0.41538461538461535
0.41538461538461535
0.41538461538461535
0.41538461538461535
0.41538461538461535
0.41538461538461535
0.41538461538461535
0.41538461538461535
0.41538461538461535
0.41538461538461535
0.41538461538461535
0.41538461538461535
0.41538461538461535
0.41538461538461535
0.41538461538461535
0.41538461538461535
0.41538461538461535
0.41538461538461535
0.41538461538461535
0.41538461538461535
0.41538461538461535
0.41538461538461535
0.41538461538461535
0.4890510948905109
0.4653465346534653
0.4653465346534653
0.4653465346534653
0.3950617283950617
0.3950617283950617
0.3950617283950617
0.3950617283950617
0.41104294478527603
0.3950617283950617
0.36
0.4782608695652174
0.33333333333333337
0.33333333333333337
0.41538461538461535
0.41538461538461535
0.41538461538461535
0.41538461538461535
0.41538461538461535
0.41538461538461535
0.41538461538461535
0.41538461538461535
0.41538461538461535
0.41538461538461535
0.41538461538461535
0.41538461538461535
0.41538461538461535
0.41538461538461535
0.41538461538461535
0.41538461538461535
0.41538461538461535
0.41538461538461535
0.41538461538461535
0.41538461538461535
0.41538461538461535
0.41538461538461535
0.41538461538461535
0.41538461538461535
0.41538461538461535
0.41538461538461535
0.41538461538461535
0.41538461538461535
0.41538461538461535
0.41538461538461535
0.41538461538461535
0.41538461538461535
0.41538461538461535
0.41538461538461535
0.45999999999999996
0.40372670807453415
0.40372670807453415
0.40740740740740744
0.3513513513513513
0.33333333333333337
0.38378378378378375
0.38378378378378375
0.38378378378378375
0.38378378378378375
0.38378378378378375
0.38378378378378375
0.38378378378378375
0.38378378378378375
0.38378378378378375
0.38378378378378375
0.38378378378378375
0.38378378378378375
0.38378378378378375
0.38378378378378375
0.38378378378378375
0.38378378378378375
0.38378378378378375
0.38378378378378375
0.38378378378378375
0.38378378378378375
0.38378378378378375
0.38378378378378375
0.38378378378378375
0.38378378378378375
0.38378378378378375
0.38378378378378375
0.38378378378378375
0.38378378378378375
0.38378378378378375
0.38378378378378375
0.38378378378378375
0.38378378378378375
0.38378378378378375
0.38378378378378375
0.38378378378378375
0.38378378378378375
0.38378378378378375
0.38378378378378375
0.38378378378378375
0.38378378378378375
0.38378378378378375
0.38378378378378375
0.38378378378378375
0.38378378378378375
0.38378378378378375
0.38378378378378375
0.38378378378378375
0.38378378378378375
0.38378378378378375
0.38378378378378375
0.38378378378378375
0.38378378378378375
0.38378378378378375
0.38378378378378375
0.38378378378378375
0.38378378378378375
0.38378378378378375
0.38378378378378375
0.38378378378378375
0.38378378378378375
0.38378378378378375
0.38378378378378375
0.38378378378378375
0.38378378378378375
0.38378378378378375
0.38378378378378375
0.38378378378378375
0.38378378378378375
0.38378378378378375
0.38378378378378375
0.38378378378378375
0.38378378378378375
0.38378378378378375
0.38378378378378375
0.38378378378378375
0.38378378378378375
0.38378378378378375
0.38378378378378375
0.38378378378378375
0.38378378378378375
0.38378378378378375
0.38378378378378375
0.38378378378378375
0.38378378378378375
0.38378378378378375
0.38378378378378375
0.38378378378378375
0.38378378378378375
0.38378378378378375
0.38378378378378375
0.38378378378378375
0.38378378378378375
0.38378378378378375
0.38378378378378375
0.38378378378378375
0.38378378378378375
0.38378378378378375
0.38378378378378375
0.38378378378378375
0.38378378378378375
0.38378378378378375
0.38378378378378375
0.38378378378378375
0.38378378378378375
0.38378378378378375
0.38378378378378375
0.38378378378378375
0.38378378378378375
0.38378378378378375
0.38378378378378375
0.38378378378378375
0.38378378378378375
0.38378378378378375
0.38378378378378375
0.4653465346534653
0.40372670807453415
0.36
0.45999999999999996
0.3950617283950617
0.36
0.3950617283950617
0.33999999999999997
0.33333333333333337
0.33333333333333337
0.33333333333333337
0.33333333333333337
0.41538461538461535
0.4787234042553191
0.41538461538461535
0.41538461538461535
0.41538461538461535
0.41538461538461535
0.41538461538461535
0.41538461538461535
0.41538461538461535
0.41538461538461535
0.41538461538461535
0.41538461538461535
0.41538461538461535
0.41538461538461535
0.41538461538461535
0.41538461538461535
0.41538461538461535
0.41538461538461535
0.41538461538461535
0.41538461538461535
0.41538461538461535
0.41538461538461535
0.41538461538461535
0.41538461538461535
0.41538461538461535
0.41538461538461535
0.41538461538461535
0.41538461538461535
0.41538461538461535
0.3950617283950617
0.33999999999999997
0.33999999999999997
0.33999999999999997
0.33999999999999997
0.33333333333333337
0.41538461538461535
0.41538461538461535
0.41538461538461535
0.41538461538461535
0.41538461538461535
0.41538461538461535
0.41538461538461535
0.41538461538461535
0.41538461538461535
0.41538461538461535
0.41538461538461535
0.41538461538461535
0.41538461538461535
0.41538461538461535
0.41538461538461535
0.41538461538461535
0.41538461538461535
0.41538461538461535
0.41538461538461535
0.4838709677419355
0.42352941176470593
0.33818181818181814
0.4885844748858448
0.4885844748858448
0.4885844748858448
0.4838709677419355
0.4885844748858448
0.41538461538461535
0.4597156398104265
0.49321266968325794
0.24806201550387597
0.4885844748858448
0.49321266968325794
0.33818181818181814
0.4597156398104265
0.4838709677419355
0.42352941176470593
0.42352941176470593
0.4597156398104265
0.32871972318339104
0.4597156398104265
0.45922746781115875
0.45922746781115875
0.41538461538461535
0.41538461538461535
0.41538461538461535
0.41538461538461535
0.41538461538461535
0.41538461538461535
0.41538461538461535
0.41538461538461535
0.41538461538461535
0.41538461538461535
0.41538461538461535
0.41538461538461535
0.41538461538461535
0.41538461538461535
0.41538461538461535
0.41538461538461535
0.4787234042553191
0.4607843137254902
0.4787234042553191
0.40284360189573465
0.41538461538461535
0.41538461538461535
0.41538461538461535
0.41538461538461535
0.41538461538461535
0.41538461538461535
0.41538461538461535
0.41538461538461535
0.41538461538461535
0.46739130434782605
0.4148936170212766
0.4787234042553191
0.4787234042553191
0.4787234042553191
0.4787234042553191
0.4787234042553191
0.4787234042553191
0.39037433155080214
0.39037433155080214
0.39037433155080214
0.39682539682539686
0.4787234042553191
0.4607843137254902
0.4787234042553191
0.4787234042553191
0.4787234042553191
0.41538461538461535
0.41538461538461535
0.40284360189573465
0.46153846153846156
0.46153846153846156
0.4787234042553191
0.4607843137254902
0.4555555555555556
0.4555555555555556
0.41538461538461535
0.41538461538461535
0.4787234042553191
0.4787234042553191
0.41538461538461535
0.41538461538461535
0.4787234042553191
0.4787234042553191
0.40284360189573465
0.41538461538461535
0.41538461538461535
0.46153846153846156
0.41538461538461535
0.4555555555555556
0.4555555555555556
0.4555555555555556
0.4555555555555556
0.4555555555555556
0.4555555555555556
0.4555555555555556
0.4555555555555556
0.4607843137254902
0.4607843137254902
0.40284360189573465
0.40284360189573465
0.40284360189573465
0.4607843137254902
0.4607843137254902
0.4787234042553191
0.4787234042553191
0.4787234042553191
0.41538461538461535
0.41538461538461535
0.41538461538461535
0.4787234042553191
0.39682539682539686
0.39682539682539686
0.4787234042553191
0.4787234042553191
0.4787234042553191
0.39682539682539686
0.46153846153846156
0.39682539682539686
0.39682539682539686
0.39682539682539686
0.4787234042553191
0.4787234042553191
0.4607843137254902
0.4086021505376344
0.4086021505376344
0.40284360189573465
0.41538461538461535
0.41538461538461535
0.46153846153846156
0.46153846153846156
0.4787234042553191
0.4787234042553191
0.41538461538461535
0.41538461538461535
0.41538461538461535
0.41538461538461535
0.41538461538461535
0.41538461538461535
0.41538461538461535
0.41538461538461535
0.41538461538461535
0.41538461538461535
0.41538461538461535
0.41538461538461535
0.41538461538461535
0.3267326732673267
0.33333333333333337
0.33333333333333337
0.3267326732673267
0.3267326732673267
0.3267326732673267
0.33333333333333337
0.38378378378378375
0.33333333333333337
0.38378378378378375
0.38378378378378375
0.38378378378378375
0.38378378378378375
0.38378378378378375
0.38378378378378375
0.38378378378378375
0.38378378378378375
0.41538461538461535
0.38378378378378375
0.38378378378378375
0.38378378378378375
0.38378378378378375
0.38378378378378375
0.38378378378378375
0.38378378378378375
0.38378378378378375
0.38378378378378375
0.38378378378378375
0.41538461538461535
0.41538461538461535
0.41538461538461535
0.41538461538461535
0.41538461538461535
0.41538461538461535
0.41538461538461535
0.41538461538461535
0.41538461538461535
0.41538461538461535
0.41538461538461535
0.41538461538461535
0.41538461538461535
0.41538461538461535
0.41538461538461535
0.41538461538461535
0.41538461538461535
0.41538461538461535
0.41538461538461535
0.41538461538461535
0.41538461538461535
0.41538461538461535
0.41538461538461535
0.41538461538461535
0.41538461538461535
0.41538461538461535
0.41538461538461535
0.41538461538461535
0.41538461538461535
0.41538461538461535
0.41538461538461535
0.41538461538461535
0.41538461538461535
0.41538461538461535
0.41538461538461535
0.41538461538461535
0.41538461538461535
0.41538461538461535
0.41538461538461535
0.41538461538461535
0.41538461538461535
0.41538461538461535
0.41538461538461535
0.41538461538461535
0.41538461538461535
0.41538461538461535
0.41538461538461535
0.41538461538461535
0.41538461538461535
0.41538461538461535
0.41538461538461535
0.41538461538461535
0.41538461538461535
0.41538461538461535
0.41538461538461535
0.41538461538461535
0.41538461538461535
0.41538461538461535
0.41538461538461535
0.41538461538461535
0.41538461538461535
0.41538461538461535
0.41538461538461535
0.41538461538461535
0.41538461538461535
0.3267326732673267
0.3267326732673267
0.38378378378378375
0.38378378378378375
0.41538461538461535
0.41538461538461535
0.41538461538461535
0.41538461538461535
0.33333333333333337
0.33333333333333337
0.38378378378378375
0.41538461538461535
0.41538461538461535
0.41538461538461535
0.41538461538461535
0.41538461538461535
0.41538461538461535
0.41538461538461535
0.41538461538461535
0.33333333333333337
0.33333333333333337
0.41538461538461535
0.41538461538461535
0.41538461538461535
0.41538461538461535
0.41538461538461535
0.41538461538461535
0.41538461538461535
0.41538461538461535
0.41538461538461535
0.3267326732673267
0.41538461538461535
0.41538461538461535
0.3267326732673267
0.41538461538461535
0.41538461538461535
0.41538461538461535
0.41538461538461535
0.41538461538461535
0.41538461538461535
0.41538461538461535
0.41538461538461535
0.41538461538461535
0.41538461538461535
0.41538461538461535
0.41538461538461535
0.41538461538461535
0.41538461538461535
0.33999999999999997
0.41538461538461535
0.41538461538461535
0.41538461538461535
0.41538461538461535
0.41538461538461535
0.41538461538461535
0.41538461538461535
0.41538461538461535
0.41538461538461535
0.41538461538461535
0.41538461538461535
0.41538461538461535
0.41538461538461535
0.41538461538461535
0.41538461538461535
0.41538461538461535
0.41538461538461535
0.41538461538461535
0.41538461538461535
0.41538461538461535
0.41538461538461535
0.41538461538461535
0.41538461538461535
0.41538461538461535
0.41538461538461535
0.41538461538461535
0.41538461538461535
0.41538461538461535
0.41538461538461535
0.41538461538461535
0.41538461538461535
0.41538461538461535
0.41538461538461535
0.41538461538461535
0.41538461538461535
0.41538461538461535
0.41538461538461535
0.41538461538461535
0.41538461538461535
0.41538461538461535
0.41538461538461535
0.41538461538461535
0.41538461538461535
0.41538461538461535
0.41538461538461535
0.41538461538461535
0.41538461538461535
0.41538461538461535
0.41538461538461535
0.41538461538461535
0.41538461538461535
0.41538461538461535
0.41538461538461535
0.41538461538461535
0.41538461538461535
0.41538461538461535
0.41538461538461535
0.41538461538461535
0.41538461538461535
0.41538461538461535
0.41538461538461535
0.41538461538461535
0.41538461538461535
0.41538461538461535
0.41538461538461535
0.41538461538461535
0.41538461538461535
0.41538461538461535
0.41538461538461535
0.41538461538461535
0.41538461538461535
0.41538461538461535
0.41538461538461535
0.41538461538461535
0.41538461538461535
0.41538461538461535
0.41538461538461535
0.33333333333333337
0.41538461538461535
0.41538461538461535
0.41538461538461535
0.41538461538461535
0.41538461538461535
0.41538461538461535
0.41538461538461535
0.41538461538461535
0.41538461538461535
0.41538461538461535
0.41538461538461535
0.41538461538461535
0.41538461538461535
0.41538461538461535
0.41538461538461535
0.41538461538461535
0.41538461538461535
0.41538461538461535
0.41538461538461535
0.3267326732673267
0.41538461538461535
0.41538461538461535
0.41538461538461535
0.41538461538461535
0.41538461538461535
0.41538461538461535
0.3267326732673267
0.41538461538461535
0.41538461538461535
0.4607843137254902
0.4607843137254902
0.41538461538461535
0.41538461538461535
0.41538461538461535
0.39037433155080214
0.39037433155080214
0.38378378378378375
0.38378378378378375
0.38378378378378375
0.38378378378378375
0.38378378378378375
0.38378378378378375
0.38378378378378375
0.38378378378378375
0.38378378378378375
0.38378378378378375
0.38378378378378375
0.38378378378378375
0.38378378378378375
0.38378378378378375
0.38378378378378375
0.38378378378378375
0.38378378378378375
0.38378378378378375
0.38378378378378375
0.38378378378378375
0.38378378378378375
0.38378378378378375
0.38378378378378375
0.38378378378378375
0.38378378378378375
0.38378378378378375
0.38378378378378375
0.38378378378378375
0.38378378378378375
0.38378378378378375
0.38378378378378375
0.38378378378378375
0.38378378378378375
0.38378378378378375
0.38378378378378375
0.38378378378378375
0.38378378378378375
0.38378378378378375
0.38378378378378375
0.38378378378378375
0.38378378378378375
0.38378378378378375
0.38378378378378375
0.38378378378378375
0.38378378378378375
0.38378378378378375
0.38378378378378375
0.38378378378378375
0.38378378378378375
0.38378378378378375
0.38378378378378375
0.38378378378378375
0.38378378378378375
0.38378378378378375
0.38378378378378375
0.38378378378378375
0.38378378378378375
0.38378378378378375
0.38378378378378375
0.38378378378378375
0.38378378378378375
0.33999999999999997
0.41538461538461535
0.5632183908045977
0.41538461538461535
0.33333333333333337
0.41538461538461535
0.3267326732673267
0.33333333333333337
0.3267326732673267
0.33333333333333337
0.33333333333333337
0.33333333333333337
0.33333333333333337
0.33333333333333337
0.33333333333333337
0.3267326732673267
0.33333333333333337
0.33333333333333337
0.33333333333333337
0.33333333333333337
0.33333333333333337
0.33333333333333337
0.33333333333333337
0.3267326732673267
0.3267326732673267
0.3267326732673267
0.33333333333333337
0.33333333333333337
0.33333333333333337
0.33333333333333337
0.33333333333333337
0.33333333333333337
0.33333333333333337
0.33333333333333337
0.33333333333333337
0.3267326732673267
0.33333333333333337
0.33333333333333337
0.5021834061135371
0.3267326732673267
0.5021834061135371
0.41538461538461535
0.5269709543568465
0.35593220338983056
0.35593220338983056
0.35593220338983056
0.35593220338983056
0.5269709543568465
0.5269709543568465
0.5269709543568465
0.5269709543568465
0.41538461538461535
0.41538461538461535
0.41538461538461535
0.41538461538461535
0.5269709543568465
0.5269709543568465
0.41538461538461535
0.41538461538461535
0.41538461538461535
0.41538461538461535
0.41538461538461535
0.5269709543568465
0.5269709543568465
0.35593220338983056
0.35593220338983056
0.35593220338983056
0.35593220338983056
0.35593220338983056
0.35593220338983056
0.35593220338983056
0.35593220338983056
0.35593220338983056
0.35593220338983056
0.5269709543568465
0.35593220338983056
0.35593220338983056
0.35593220338983056
0.35593220338983056
0.35593220338983056
0.35593220338983056
0.35593220338983056
0.35593220338983056
0.35593220338983056
0.35593220338983056
0.35593220338983056
0.35593220338983056
0.35593220338983056
0.35593220338983056
0.35593220338983056
0.5269709543568465
0.35593220338983056
0.35593220338983056
0.5269709543568465
0.5269709543568465
0.5269709543568465
0.5269709543568465
0.5269709543568465
0.5269709543568465
0.5269709543568465
0.5269709543568465
0.5269709543568465
0.5269709543568465
0.5269709543568465
0.5269709543568465
0.5269709543568465
0.5269709543568465
0.5269709543568465
0.5269709543568465
0.5269709543568465
0.5269709543568465
0.5269709543568465
0.33333333333333337
0.33333333333333337
0.33333333333333337
0.33333333333333337
0.33333333333333337
0.33333333333333337
0.4787234042553191
0.379746835443038
0.4319526627218935
0.5384615384615384
0.41538461538461535
0.41538461538461535
0.33333333333333337
0.3557046979865772
0.39877300613496935
0.39877300613496935
0.39877300613496935
0.39877300613496935
0.39877300613496935
0.41538461538461535
0.41538461538461535
0.41538461538461535
0.41538461538461535
0.38378378378378375
0.38378378378378375
0.38378378378378375
0.38378378378378375
0.38378378378378375
0.41538461538461535
0.35593220338983056
0.5726495726495726
0.5269709543568465
0.5269709543568465
0.38378378378378375
0.38378378378378375
0.38378378378378375
0.38378378378378375
0.38378378378378375
0.40372670807453415
0.3267326732673267
0.3870967741935484
0.33999999999999997
0.3870967741935484
0.41538461538461535
0.6091954022988506
0.41538461538461535
0.41538461538461535
0.41538461538461535
0.41538461538461535
0.41538461538461535
0.41538461538461535
0.41538461538461535
0.40284360189573465
0.33333333333333337
0.4
0.33999999999999997
0.38378378378378375
0.39037433155080214
0.38378378378378375
0.38378378378378375
0.38378378378378375
0.38378378378378375
0.38378378378378375
0.38378378378378375
0.38378378378378375
0.33999999999999997
0.38378378378378375
0.38378378378378375
0.42352941176470593
0.5726495726495726
0.4597156398104265
0.4597156398104265
0.4597156398104265
0.574468085106383
0.33818181818181814
0.5726495726495726
0.5726495726495726
0.5726495726495726
0.5726495726495726
0.5726495726495726
0.5726495726495726
0.5726495726495726
0.5726495726495726
0.5726495726495726
0.5726495726495726
0.5726495726495726
0.5726495726495726
0.5726495726495726
0.5726495726495726
0.5726495726495726
0.5726495726495726
0.5726495726495726
0.5726495726495726
0.5726495726495726
0.5726495726495726
0.5726495726495726
0.5726495726495726
0.5726495726495726
0.5726495726495726
0.5726495726495726
0.5726495726495726
0.5726495726495726
0.5726495726495726
0.5726495726495726
0.5726495726495726
0.5726495726495726
0.5726495726495726
0.42352941176470593
0.42352941176470593
0.42352941176470593
0.33818181818181814
0.33818181818181814
0.5726495726495726
0.5726495726495726
0.5726495726495726
0.5726495726495726
0.5726495726495726
0.38378378378378375
0.41538461538461535
0.39037433155080214
0.41538461538461535
0.41538461538461535
0.38378378378378375
0.38378378378378375
0.5726495726495726
0.41538461538461535
0.41538461538461535
0.41538461538461535
0.38378378378378375
0.3950617283950617
0.38378378378378375
0.38378378378378375
0.4787234042553191
0.41538461538461535
0.4838709677419355
0.41538461538461535
0.35593220338983056
0.41538461538461535
0.42352941176470593
0.4597156398104265
0.42352941176470593
0.42352941176470593
0.42352941176470593
0.42352941176470593
0.42352941176470593
0.42352941176470593
0.42352941176470593
0.4597156398104265
0.4597156398104265
0.42352941176470593
0.42352941176470593
0.42352941176470593
0.4597156398104265
0.4597156398104265
0.42352941176470593
0.4597156398104265
0.4597156398104265
0.4597156398104265
0.4597156398104265
0.42352941176470593
0.33333333333333337
0.41538461538461535
0.35593220338983056
0.41538461538461535
0.5726495726495726
0.5726495726495726
0.5726495726495726
0.5726495726495726
0.42352941176470593
0.5726495726495726
0.5726495726495726
0.5726495726495726
0.5726495726495726
0.5726495726495726
0.5726495726495726
0.5269709543568465
0.35593220338983056
0.5269709543568465
0.5269709543568465
0.41538461538461535
0.41538461538461535
0.41538461538461535
0.38378378378378375
0.41538461538461535
0.35593220338983056
0.35593220338983056
0.467741935483871
0.467741935483871
0.33333333333333337
0.38378378378378375
0.41538461538461535
0.42352941176470593
0.41538461538461535
0.41538461538461535
0.41538461538461535
0.41538461538461535
0.41538461538461535
0.41538461538461535
0.41538461538461535
0.41538461538461535
0.41538461538461535
0.41538461538461535
0.41538461538461535
0.41538461538461535
0.41538461538461535
0.41538461538461535
0.41538461538461535
0.41538461538461535
0.41538461538461535
0.41538461538461535
0.41538461538461535
0.41538461538461535
0.41538461538461535
0.41538461538461535
0.41538461538461535
0.41538461538461535
0.41538461538461535
0.42131979695431476
0.41538461538461535
0.41538461538461535
0.41538461538461535
0.41538461538461535
0.41538461538461535
0.41538461538461535
0.41538461538461535
0.41538461538461535
0.41538461538461535
0.41538461538461535
0.41538461538461535
0.41538461538461535
0.41538461538461535
0.41538461538461535
0.41538461538461535
0.41538461538461535
0.41538461538461535
0.41538461538461535
0.41538461538461535
0.41538461538461535
0.41538461538461535
0.41538461538461535
0.41538461538461535
0.41538461538461535
0.41538461538461535
0.41538461538461535
0.41538461538461535
0.41538461538461535
0.41538461538461535
0.41538461538461535
0.41538461538461535
0.41538461538461535
0.41538461538461535
0.41538461538461535
0.41538461538461535
0.41538461538461535
0.41538461538461535
0.41538461538461535
0.41538461538461535
0.41538461538461535
0.41538461538461535
0.41538461538461535
0.41538461538461535
0.41538461538461535
0.41538461538461535
0.41538461538461535
0.41538461538461535
0.41538461538461535
0.41538461538461535
0.41538461538461535
0.41538461538461535
0.41538461538461535
0.41538461538461535
0.41538461538461535
0.41538461538461535
0.41538461538461535
0.41538461538461535
0.41538461538461535
0.41538461538461535
0.41538461538461535
0.41538461538461535
0.41538461538461535
0.41538461538461535
0.41538461538461535
0.41538461538461535
0.41538461538461535
0.41538461538461535
0.33333333333333337
0.41538461538461535
0.41538461538461535
0.41538461538461535
0.41538461538461535
0.41538461538461535
0.41538461538461535
0.41538461538461535
0.41538461538461535
0.41538461538461535
0.41538461538461535
0.41538461538461535
0.41538461538461535
0.41538461538461535
0.41538461538461535
0.41538461538461535
0.41538461538461535
0.41538461538461535
0.41538461538461535
0.41538461538461535
0.41538461538461535
0.41538461538461535
0.3267326732673267
0.38378378378378375
0.6046511627906976
0.48571428571428577
0.33999999999999997
0.41538461538461535
0.467741935483871
0.33333333333333337
0.33818181818181814
0.41538461538461535
0.41538461538461535
0.41538461538461535
0.41538461538461535
0.36312849162011174
0.42352941176470593
0.39682539682539686
0.39037433155080214
0.33333333333333337
0.38378378378378375
0.38378378378378375
0.41538461538461535
0.5632183908045977
0.41538461538461535
0.38378378378378375
0.33999999999999997
0.33999999999999997
0.33999999999999997
0.41538461538461535
0.41538461538461535
0.41538461538461535
0.41538461538461535
0.41538461538461535
0.41538461538461535
0.41538461538461535
0.41538461538461535
0.42352941176470593
0.41538461538461535
0.41538461538461535
0.41538461538461535
0.41538461538461535
0.39037433155080214
0.39037433155080214
0.39682539682539686
0.39037433155080214
0.41538461538461535
0.5107913669064748
0.41538461538461535
0.38378378378378375
0.41538461538461535
0.4319526627218935
0.41538461538461535
0.41538461538461535
0.41538461538461535
0.41538461538461535
0.41538461538461535
0.41538461538461535
0.41538461538461535
0.41836734693877553
0.33333333333333337
0.42352941176470593
0.4787234042553191
0.4787234042553191
0.42352941176470593
0.4787234042553191
0.4787234042553191
0.41538461538461535
0.45029239766081874
0.45029239766081874
0.43023255813953487
0.43023255813953487
0.43023255813953487
0.43023255813953487
0.35593220338983056
0.35593220338983056
0.41538461538461535
0.41538461538461535
0.36312849162011174
0.36312849162011174
0.42352941176470593
0.42352941176470593
0.33999999999999997
0.4
0.40372670807453415
0.3557046979865772
0.42352941176470593
0.41538461538461535
0.35593220338983056
0.4787234042553191
0.41538461538461535
0.35593220338983056
0.42352941176470593
0.41538461538461535
0.41538461538461535
0.43023255813953487
0.38378378378378375
0.33999999999999997
0.41538461538461535
0.41538461538461535
0.33999999999999997
0.33999999999999997
0.33999999999999997
0.41538461538461535
0.33999999999999997
0.41538461538461535
