0.505443234836703
0.505443234836703
0.21287128712871284
0.523076923076923
0.5285285285285286
0.20297029702970293
0.21287128712871284
0.5178849144634525
0.5186335403726707
0.5186335403726707
0.5062111801242236
0.5062111801242236
0.5124223602484472
0.20792079207920788
0.47
0.20297029702970293
0.20792079207920788
0.5062111801242236
0.20297029702970293
0.20297029702970293
0.505443234836703
0.20297029702970293
0.505443234836703
0.20297029702970293
0.505443234836703
0.505443234836703
0.20297029702970293
0.20297029702970293
0.505443234836703
0.505443234836703
0.20297029702970293
0.5587761674718197
0.505443234836703
0.20297029702970293
0.505443234836703
0.5691823899371069
0.25093632958801493
0.5691823899371069
0.25093632958801493
0.5691823899371069
0.5691823899371069
0.5691823899371069
0.5691823899371069
0.25093632958801493
0.4935304990757856
0.25093632958801493
0.4925925925925926
0.4935304990757856
0.5745341614906831
0.25
0.4925925925925926
0.25
0.25
0.4925925925925926
0.4935304990757856
0.4925925925925926
0.4935304990757856
0.4935304990757856
0.4925925925925926
0.25
0.25
0.4925925925925926
0.4925925925925926
0.4935304990757856
0.25
0.5594855305466238
0.5594855305466238
0.20297029702970293
0.20297029702970293
0.505443234836703
0.25093632958801493
0.4925925925925926
0.25
0.4925925925925926
0.4925925925925926
0.4925925925925926
0.4925925925925926
0.25
0.5124223602484472
0.5691823899371069
0.25
0.25
0.4925925925925926
0.23664122137404575
0.5594855305466238
0.20297029702970293
0.25
0.4935304990757856
0.4925925925925926
0.4935304990757856
0.4972477064220183
0.25
0.25
0.25
0.4935304990757856
0.6465324384787472
0.5062111801242236
0.20297029702970293
0.5124223602484472
0.5691823899371069
0.25
0.505443234836703
0.505443234836703
0.25
0.5400593471810089
0.20297029702970293
0.20297029702970293
0.4925925925925926
0.4925925925925926
0.23664122137404575
0.5124223602484472
0.5062111801242236
0.20297029702970293
0.4935304990757856
0.4925925925925926
0.2019826517967782
0.505443234836703
0.4935304990757856
0.20297029702970293
0.20297029702970293
0.23664122137404575
0.25
0.20297029702970293
0.25093632958801493
0.25
0.25
0.2019826517967782
0.25
0.20297029702970293
0.505443234836703
0.505443234836703
0.20297029702970293
0.20297029702970293
0.20297029702970293
0.24752475247524752
0.2019826517967782
0.24752475247524752
0.5230524642289348
0.5230524642289348
0.5691823899371069
0.20349563046192265
0.20792079207920788
0.20297029702970293
0.4935304990757856
0.4935304990757856
