0.671487603305785
0.671487603305785
0.3510204081632653
0.6868686868686869
0.6915520628683693
0.3374485596707819
0.3510204081632653
0.6823770491803278
0.6830265848670757
0.6830265848670757
0.6721649484536083
0.6721649484536083
0.677618069815195
0.34426229508196726
0.6394557823129252
0.3374485596707819
0.34426229508196726
0.6721649484536083
0.3374485596707819
0.3374485596707819
0.671487603305785
0.3374485596707819
0.671487603305785
0.3374485596707819
0.671487603305785
0.671487603305785
0.3374485596707819
0.3374485596707819
0.671487603305785
0.671487603305785
0.3374485596707819
0.7169421487603306
0.671487603305785
0.3374485596707819
0.671487603305785
0.7254509018036073
0.4011976047904192
0.7254509018036073
0.4011976047904192
0.7254509018036073
0.7254509018036073
0.7254509018036073
0.7254509018036073
0.4011976047904192
0.6608910891089108
0.4011976047904192
0.6600496277915633
0.6608910891089108
0.7297830374753451
0.4
0.6600496277915633
0.4
0.4
0.6600496277915633
0.6608910891089108
0.6600496277915633
0.6608910891089108
0.6608910891089108
0.6600496277915633
0.4
0.4
0.6600496277915633
0.6600496277915633
0.6608910891089108
0.4
0.7175257731958763
0.7175257731958763
0.3374485596707819
0.3374485596707819
0.671487603305785
0.4011976047904192
0.6600496277915633
0.4
0.6600496277915633
0.6600496277915633
0.6600496277915633
0.6600496277915633
0.4
0.677618069815195
0.7254509018036073
0.4
0.4
0.6600496277915633
0.3827160493827161
0.7175257731958763
0.3374485596707819
0.4
0.6608910891089108
0.6600496277915633
0.6608910891089108
0.6642156862745099
0.4
0.4
0.4
0.6608910891089108
0.7853260869565217
0.6721649484536083
0.3374485596707819
0.677618069815195
0.7254509018036073
0.4
0.671487603305785
0.671487603305785
0.4
0.7013487475915221
0.3374485596707819
0.3374485596707819
0.6600496277915633
0.6600496277915633
0.3827160493827161
0.677618069815195
0.6721649484536083
0.3374485596707819
0.6608910891089108
0.6600496277915633
0.33608247422680415
0.671487603305785
0.6608910891089108
0.3374485596707819
0.3374485596707819
0.3827160493827161
0.4
0.3374485596707819
0.4011976047904192
0.4
0.4
0.33608247422680415
0.4
0.3374485596707819
0.671487603305785
0.671487603305785
0.3374485596707819
0.3374485596707819
0.3374485596707819
0.39682539682539686
0.33608247422680415
0.39682539682539686
0.686847599164927
0.686847599164927
0.7254509018036073
0.3381742738589212
0.34426229508196726
0.3374485596707819
0.6608910891089108
0.6608910891089108
