0.5504885993485342
0.4658590308370044
0.59500693481276
0.6145169200588524
0.6144223693892568
0.6251604621309371
0.6023128814648249
0.5941828254847645
0.59500693481276
0.59500693481276
0.5729511209114296
0.5737946264262054
0.5729511209114296
0.5737946264262054
0.5991678224687933
0.5958333333333333
0.5737946264262054
0.6001381215469613
0.6001381215469613
0.6001381215469613
0.6001381215469613
0.5704757670075589
0.5697104677060134
0.5697104677060134
0.5697104677060134
0.5697104677060134
0.5504885993485342
0.5504885993485342
0.5504885993485342
0.5504885993485342
0.5504885993485342
0.46703296703296704
0.46703296703296704
0.4658590308370044
0.4658590308370044
0.4658590308370044
0.4658590308370044
0.4658590308370044
0.4658590308370044
0.4658590308370044
0.4658590308370044
0.4658590308370044
0.4658590308370044
0.4658590308370044
0.4658590308370044
0.4658590308370044
0.4658590308370044
0.4658590308370044
0.4658590308370044
0.4658590308370044
0.4658590308370044
0.4658590308370044
0.4658590308370044
0.4658590308370044
0.4658590308370044
0.4658590308370044
0.4658590308370044
0.4658590308370044
0.4658590308370044
0.4658590308370044
0.4658590308370044
0.4658590308370044
0.4658590308370044
0.4658590308370044
0.5958333333333333
0.5737946264262054
0.6001381215469613
0.4658590308370044
0.46703296703296704
0.4658590308370044
0.4658590308370044
0.4658590308370044
0.4658590308370044
0.4658590308370044
0.4658590308370044
0.4658590308370044
0.4658590308370044
0.5958333333333333
0.4658590308370044
0.4658590308370044
0.4658590308370044
0.4658590308370044
0.5958333333333333
0.5958333333333333
0.5737946264262054
0.4658590308370044
0.4658590308370044
0.4658590308370044
0.4658590308370044
1.0
0.4658590308370044
0.4658590308370044
0.4658590308370044
0.4658590308370044
0.628056628056628
0.5796733212341199
0.5814627081824765
0.4658590308370044
0.4658590308370044
0.46703296703296704
0.46703296703296704
0.4658590308370044
0.46703296703296704
0.46703296703296704
0.4658590308370044
0.4658590308370044
0.5958333333333333
0.5958333333333333
0.6001381215469613
0.6001381215469613
0.4658590308370044
0.4658590308370044
0.5737946264262054
0.6001381215469613
0.4658590308370044
0.5958333333333333
0.46703296703296704
0.46703296703296704
0.4658590308370044
0.4658590308370044
0.4658590308370044
0.4658590308370044
0.4658590308370044
0.5724923346473938
0.4658590308370044
0.5504885993485342
0.5504885993485342
0.5504885993485342
0.5504885993485342
0.5504885993485342
0.5504885993485342
0.5656370656370656
0.5704757670075589
0.5821826280623608
0.523102310231023
0.5346534653465347
0.46703296703296704
0.49369747899159666
0.5704757670075589
0.46703296703296704
0.4658590308370044
0.4658590308370044
