0.02941176470588236
0.25
0.02941176470588236
0.0
0.5
0.0
0.12307692307692308
0.24
0.05769230769230771
0.13636363636363635
0.0
0.08695652173913049
0.24
0.24
0.0
0.24
0.24
0.12307692307692308
0.0
0.0
0.02941176470588236
0.02941176470588236
0.24
0.02941176470588236
0.24
0.02941176470588236
0.02941176470588236
0.02941176470588236
0.02941176470588236
0.02941176470588236
0.02941176470588236
0.02857142857142858
0.02941176470588236
0.02941176470588236
0.02857142857142858
0.02857142857142858
0.02941176470588236
0.02941176470588236
0.02941176470588236
0.02941176470588236
0.02941176470588236
0.02941176470588236
0.02941176470588236
0.02857142857142858
0.02941176470588236
0.02941176470588236
0.02941176470588236
0.02941176470588236
0.02941176470588236
0.02941176470588236
0.02941176470588236
0.02941176470588236
0.02941176470588236
0.02941176470588236
0.02941176470588236
0.02941176470588236
0.02941176470588236
0.02941176470588236
0.02941176470588236
0.02941176470588236
0.02941176470588236
0.02941176470588236
0.02941176470588236
0.02941176470588236
0.02941176470588236
0.02941176470588236
0.02941176470588236
0.02941176470588236
0.02941176470588236
0.02941176470588236
0.02941176470588236
0.02941176470588236
0.02941176470588236
0.02941176470588236
0.02941176470588236
0.02941176470588236
0.02941176470588236
0.02941176470588236
0.02941176470588236
0.02941176470588236
0.02941176470588236
0.25
0.25
0.0
0.0
0.0
0.0
0.0
0.0
0.2222222222222222
0.2222222222222222
0.25
0.25
0.25
0.0
0.0
0.0
0.0
0.0
0.0
0.0
0.0
0.0
0.0
0.0
0.0
0.0
0.5
0.0
0.0
0.0
0.0
0.0
0.0
0.0
0.0
0.0
0.0
0.0
0.0
0.0
0.0
0.0
0.0
0.0
0.0
0.0
0.0
0.0
0.0
0.0
0.0
0.0
0.0
0.0
0.0
0.0
0.0
0.0
0.0
0.0
0.0
0.0
0.0
0.0
0.0
0.0
0.0
0.0
0.0
0.0
0.0
0.0
0.0
0.0
0.0
0.0
0.0
0.0
0.0
0.0
0.0
0.4782608695652174
0.24
0.0
0.0
0.0
0.0
0.0
0.0
0.0
0.0
0.0
0.0
0.0
0.0
0.0
0.0
0.0
0.0
0.02941176470588236
0.0
0.0
0.0
0.0
0.0
0.0
0.0
0.0
0.0
0.0
0.0
0.0
0.0
0.0
0.0
0.0
0.0
0.0
0.0
0.0
0.0
0.0
0.0
0.0
0.0
0.0
0.0
0.0
0.0
0.0
0.0
0.0
0.0
0.0
0.0
0.0
0.0
0.0
0.0
0.0
0.0
0.0
0.0
0.0
0.0
0.0
0.24
0.24
0.24
0.24
0.24
0.24
0.24
0.02941176470588236
0.24
0.13636363636363635
0.24
0.24
0.24
0.24
0.24
0.24
0.24
0.24
0.24
0.24
0.24
0.24
0.24
0.24
0.24
0.24
0.24
0.24
0.24
0.24
0.24
0.24
0.24
0.24
0.24
0.24
0.24
0.24
0.24
0.24
0.24
0.24
0.24
0.24
0.24
0.24
0.24
0.24
0.24
0.339622641509434
0.0
0.0
0.0
0.0
0.0
0.0
0.0
0.0
0.0
0.0
0.0
0.0
0.0
0.24
0.24
0.24
0.24
0.24
0.24
0.24
0.24
0.24
0.24
0.24
0.24
0.24
0.24
0.24
0.24
0.24
0.24
0.24
0.24
0.24
0.24
0.24
0.24
0.24
0.24
0.24
0.24
0.24
0.24
0.24
0.24
0.24
0.24
0.0
0.0
0.0
0.0
0.0
0.0
0.12307692307692308
0.12307692307692308
0.12307692307692308
0.12307692307692308
0.12307692307692308
0.12307692307692308
0.12307692307692308
0.12307692307692308
0.12307692307692308
0.12307692307692308
0.12307692307692308
0.12307692307692308
0.12307692307692308
0.12307692307692308
0.12307692307692308
0.12307692307692308
0.12307692307692308
0.12307692307692308
0.12307692307692308
0.12307692307692308
0.12307692307692308
0.12307692307692308
0.12307692307692308
0.12307692307692308
0.12307692307692308
0.12307692307692308
0.12307692307692308
0.12307692307692308
0.12307692307692308
0.12307692307692308
0.12307692307692308
0.12307692307692308
0.12307692307692308
0.12307692307692308
0.12307692307692308
0.12307692307692308
0.12307692307692308
0.12307692307692308
0.12307692307692308
0.12307692307692308
0.12307692307692308
0.12307692307692308
0.12307692307692308
0.12307692307692308
0.12307692307692308
0.12307692307692308
0.12307692307692308
0.12307692307692308
0.12307692307692308
0.12307692307692308
0.12307692307692308
0.12307692307692308
0.12307692307692308
0.12307692307692308
0.12307692307692308
0.12307692307692308
0.12307692307692308
0.12307692307692308
0.12307692307692308
0.12307692307692308
0.12307692307692308
0.12307692307692308
0.12307692307692308
0.12307692307692308
0.12307692307692308
0.12307692307692308
0.12307692307692308
0.12307692307692308
0.12307692307692308
0.12307692307692308
0.12307692307692308
0.12307692307692308
0.12307692307692308
0.12307692307692308
0.12307692307692308
0.12307692307692308
0.12307692307692308
0.12307692307692308
0.12307692307692308
0.12307692307692308
0.12307692307692308
0.12307692307692308
0.12307692307692308
0.12307692307692308
0.12307692307692308
0.12307692307692308
0.12307692307692308
0.12307692307692308
0.12307692307692308
0.12307692307692308
0.12307692307692308
0.12307692307692308
0.12307692307692308
0.12307692307692308
0.12307692307692308
0.12307692307692308
0.12307692307692308
0.12307692307692308
0.12307692307692308
0.12307692307692308
0.12307692307692308
0.12307692307692308
0.12307692307692308
0.12307692307692308
0.12307692307692308
0.12307692307692308
0.12307692307692308
0.12307692307692308
0.12307692307692308
0.12307692307692308
0.12307692307692308
0.12307692307692308
0.12307692307692308
0.12307692307692308
0.0
0.0
0.0
0.0
0.0
0.0
0.0
0.02941176470588236
0.0
0.0
0.0
0.0
0.24
0.27941176470588236
0.24
0.24
0.24
0.24
0.24
0.24
0.24
0.24
0.24
0.24
0.24
0.24
0.24
0.24
0.24
0.24
0.24
0.24
0.24
0.24
0.24
0.24
0.24
0.24
0.24
0.24
0.24
0.0
0.0
0.0
0.0
0.0
0.02857142857142858
0.24
0.24
0.24
0.24
0.24
0.24
0.24
0.24
0.24
0.24
0.24
0.24
0.24
0.24
0.24
0.24
0.24
0.24
0.24
0.0
0.020000000000000018
0.0
0.0
0.0
0.0
0.0
0.0
0.24
0.37362637362637363
0.0
0.0
0.0
0.0
0.0
0.37362637362637363
0.0
0.020000000000000018
0.020000000000000018
0.37362637362637363
0.0
0.37362637362637363
0.35051546391752575
0.35051546391752575
0.24
0.24
0.24
0.24
0.24
0.24
0.24
0.24
0.24
0.24
0.24
0.24
0.24
0.24
0.24
0.24
0.27941176470588236
0.2567567567567568
0.27941176470588236
0.2222222222222222
0.24
0.24
0.24
0.24
0.24
0.24
0.24
0.24
0.24
0.234375
0.051724137931034475
0.27941176470588236
0.27941176470588236
0.27941176470588236
0.27941176470588236
0.27941176470588236
0.27941176470588236
0.14925373134328357
0.14925373134328357
0.14925373134328357
0.17391304347826086
0.27941176470588236
0.2567567567567568
0.27941176470588236
0.27941176470588236
0.27941176470588236
0.24
0.24
0.2222222222222222
0.20967741935483875
0.20967741935483875
0.27941176470588236
0.2567567567567568
0.18333333333333335
0.18333333333333335
0.24
0.24
0.27941176470588236
0.27941176470588236
0.24
0.24
0.27941176470588236
0.27941176470588236
0.2222222222222222
0.24
0.24
0.20967741935483875
0.24
0.18333333333333335
0.18333333333333335
0.18333333333333335
0.18333333333333335
0.18333333333333335
0.18333333333333335
0.18333333333333335
0.18333333333333335
0.2567567567567568
0.2567567567567568
0.2222222222222222
0.2222222222222222
0.2222222222222222
0.2567567567567568
0.2567567567567568
0.27941176470588236
0.27941176470588236
0.27941176470588236
0.24
0.24
0.24
0.27941176470588236
0.17391304347826086
0.17391304347826086
0.27941176470588236
0.27941176470588236
0.27941176470588236
0.17391304347826086
0.20967741935483875
0.17391304347826086
0.17391304347826086
0.17391304347826086
0.27941176470588236
0.27941176470588236
0.2567567567567568
0.017857142857142905
0.017857142857142905
0.2222222222222222
0.24
0.24
0.20967741935483875
0.20967741935483875
0.27941176470588236
0.27941176470588236
0.24
0.24
0.24
0.24
0.24
0.24
0.24
0.24
0.24
0.24
0.24
0.24
0.24
0.0
0.0
0.0
0.0
0.0
0.0
0.0
0.12307692307692308
0.0
0.12307692307692308
0.12307692307692308
0.12307692307692308
0.12307692307692308
0.12307692307692308
0.12307692307692308
0.12307692307692308
0.12307692307692308
0.24
0.12307692307692308
0.12307692307692308
0.12307692307692308
0.12307692307692308
0.12307692307692308
0.12307692307692308
0.12307692307692308
0.12307692307692308
0.12307692307692308
0.12307692307692308
0.24
0.24
0.24
0.24
0.24
0.24
0.24
0.24
0.24
0.24
0.24
0.24
0.24
0.24
0.24
0.24
0.24
0.24
0.24
0.24
0.24
0.24
0.24
0.24
0.24
0.24
0.24
0.24
0.24
0.24
0.24
0.24
0.24
0.24
0.24
0.24
0.24
0.24
0.24
0.24
0.24
0.24
0.24
0.24
0.24
0.24
0.24
0.24
0.24
0.24
0.24
0.24
0.24
0.24
0.24
0.24
0.24
0.24
0.24
0.24
0.24
0.24
0.24
0.24
0.24
0.0
0.0
0.12307692307692308
0.12307692307692308
0.24
0.24
0.24
0.24
0.0
0.0
0.12307692307692308
0.24
0.24
0.24
0.24
0.24
0.24
0.24
0.24
0.0
0.0
0.24
0.24
0.24
0.24
0.24
0.24
0.24
0.24
0.24
0.0
0.24
0.24
0.0
0.24
0.24
0.24
0.24
0.24
0.24
0.24
0.24
0.24
0.24
0.24
0.24
0.24
0.24
0.0
0.24
0.24
0.24
0.24
0.24
0.24
0.24
0.24
0.24
0.24
0.24
0.24
0.24
0.24
0.24
0.24
0.24
0.24
0.24
0.24
0.24
0.24
0.24
0.24
0.24
0.24
0.24
0.24
0.24
0.24
0.24
0.24
0.24
0.24
0.24
0.24
0.24
0.24
0.24
0.24
0.24
0.24
0.24
0.24
0.24
0.24
0.24
0.24
0.24
0.24
0.24
0.24
0.24
0.24
0.24
0.24
0.24
0.24
0.24
0.24
0.24
0.24
0.24
0.24
0.24
0.24
0.24
0.24
0.24
0.24
0.24
0.24
0.24
0.24
0.24
0.24
0.24
0.0
0.24
0.24
0.24
0.24
0.24
0.24
0.24
0.24
0.24
0.24
0.24
0.24
0.24
0.24
0.24
0.24
0.24
0.24
0.24
0.0
0.24
0.24
0.24
0.24
0.24
0.24
0.0
0.24
0.24
0.2567567567567568
0.2567567567567568
0.24
0.24
0.24
0.14925373134328357
0.14925373134328357
0.12307692307692308
0.12307692307692308
0.12307692307692308
0.12307692307692308
0.12307692307692308
0.12307692307692308
0.12307692307692308
0.12307692307692308
0.12307692307692308
0.12307692307692308
0.12307692307692308
0.12307692307692308
0.12307692307692308
0.12307692307692308
0.12307692307692308
0.12307692307692308
0.12307692307692308
0.12307692307692308
0.12307692307692308
0.12307692307692308
0.12307692307692308
0.12307692307692308
0.12307692307692308
0.12307692307692308
0.12307692307692308
0.12307692307692308
0.12307692307692308
0.12307692307692308
0.12307692307692308
0.12307692307692308
0.12307692307692308
0.12307692307692308
0.12307692307692308
0.12307692307692308
0.12307692307692308
0.12307692307692308
0.12307692307692308
0.12307692307692308
0.12307692307692308
0.12307692307692308
0.12307692307692308
0.12307692307692308
0.12307692307692308
0.12307692307692308
0.12307692307692308
0.12307692307692308
0.12307692307692308
0.12307692307692308
0.12307692307692308
0.12307692307692308
0.12307692307692308
0.12307692307692308
0.12307692307692308
0.12307692307692308
0.12307692307692308
0.12307692307692308
0.12307692307692308
0.12307692307692308
0.12307692307692308
0.12307692307692308
0.12307692307692308
0.02941176470588236
0.24
0.24
0.24
0.0
0.24
0.0
0.0
0.0
0.0
0.0
0.0
0.0
0.0
0.0
0.0
0.0
0.0
0.0
0.0
0.0
0.0
0.0
0.0
0.0
0.0
0.0
0.0
0.0
0.0
0.0
0.0
0.0
0.0
0.0
0.0
0.0
0.0
0.47706422018348627
0.0
0.47706422018348627
0.24
0.0
0.0
0.0
0.0
0.0
0.0
0.0
0.0
0.0
0.24
0.24
0.24
0.24
0.0
0.0
0.24
0.24
0.24
0.24
0.24
0.0
0.0
0.0
0.0
0.0
0.0
0.0
0.0
0.0
0.0
0.0
0.0
0.0
0.0
0.0
0.0
0.0
0.0
0.0
0.0
0.0
0.0
0.0
0.0
0.0
0.0
0.0
0.0
0.0
0.0
0.0
0.0
0.0
0.0
0.0
0.0
0.0
0.0
0.0
0.0
0.0
0.0
0.0
0.0
0.0
0.0
0.0
0.0
0.0
0.0
0.0
0.0
0.0
0.0
0.0
0.0
0.27941176470588236
0.0
0.0
0.0
0.24
0.24
0.0
0.0
0.0
0.0
0.0
0.0
0.0
0.24
0.24
0.24
0.24
0.12307692307692308
0.12307692307692308
0.12307692307692308
0.12307692307692308
0.12307692307692308
0.24
0.0
0.0
0.0
0.0
0.12307692307692308
0.12307692307692308
0.12307692307692308
0.12307692307692308
0.12307692307692308
0.0
0.0
0.13636363636363635
0.02941176470588236
0.13636363636363635
0.24
0.15000000000000002
0.24
0.24
0.24
0.24
0.24
0.24
0.24
0.2222222222222222
0.0
0.0
0.02941176470588236
0.12307692307692308
0.24
0.12307692307692308
0.12307692307692308
0.12307692307692308
0.12307692307692308
0.12307692307692308
0.12307692307692308
0.12307692307692308
0.02941176470588236
0.12307692307692308
0.12307692307692308
0.020000000000000018
0.0
0.37362637362637363
0.37362637362637363
0.37362637362637363
0.0
0.0
0.0
0.0
0.0
0.0
0.0
0.0
0.0
0.0
0.0
0.0
0.0
0.0
0.0
0.0
0.0
0.0
0.0
0.0
0.0
0.0
0.0
0.0
0.0
0.0
0.0
0.0
0.0
0.0
0.0
0.0
0.0
0.0
0.020000000000000018
0.020000000000000018
0.020000000000000018
0.0
0.0
0.0
0.0
0.0
0.0
0.0
0.12307692307692308
0.24
0.14925373134328357
0.24
0.24
0.12307692307692308
0.12307692307692308
0.0
0.24
0.24
0.24
0.12307692307692308
0.0
0.12307692307692308
0.12307692307692308
0.27941176470588236
0.24
0.0
0.24
0.0
0.24
0.020000000000000018
0.37362637362637363
0.020000000000000018
0.020000000000000018
0.020000000000000018
0.020000000000000018
0.020000000000000018
0.020000000000000018
0.020000000000000018
0.37362637362637363
0.37362637362637363
0.020000000000000018
0.020000000000000018
0.020000000000000018
0.37362637362637363
0.37362637362637363
0.020000000000000018
0.37362637362637363
0.37362637362637363
0.37362637362637363
0.37362637362637363
0.020000000000000018
0.02857142857142858
0.24
0.0
0.24
0.0
0.0
0.0
0.0
0.020000000000000018
0.0
0.0
0.0
0.0
0.0
0.0
0.0
0.0
0.0
0.0
0.24
0.24
0.24
0.12307692307692308
0.24
0.0
0.0
0.02941176470588236
0.02941176470588236
0.0
0.12307692307692308
0.24
0.020000000000000018
0.24
0.24
0.24
0.24
0.24
0.24
0.24
0.24
0.24
0.24
0.24
0.24
0.24
0.24
0.24
0.24
0.24
0.24
0.24
0.24
0.24
0.24
0.24
0.24
0.24
0.2597402597402597
0.24
0.24
0.24
0.24
0.24
0.24
0.24
0.24
0.24
0.24
0.24
0.24
0.24
0.24
0.24
0.24
0.24
0.24
0.24
0.24
0.24
0.24
0.24
0.24
0.24
0.24
0.24
0.24
0.24
0.24
0.24
0.24
0.24
0.24
0.24
0.24
0.24
0.24
0.24
0.24
0.24
0.24
0.24
0.24
0.24
0.24
0.24
0.24
0.24
0.24
0.24
0.24
0.24
0.24
0.24
0.24
0.24
0.24
0.24
0.24
0.24
0.24
0.24
0.24
0.24
0.24
0.24
0.0
0.24
0.24
0.24
0.24
0.24
0.24
0.24
0.24
0.24
0.24
0.24
0.24
0.24
0.24
0.24
0.24
0.24
0.24
0.24
0.24
0.24
0.0
0.12307692307692308
0.15000000000000002
0.4521739130434783
0.02941176470588236
0.24
0.0
0.02857142857142858
0.0
0.24
0.24
0.24
0.24
0.03389830508474578
0.020000000000000018
0.24
0.24
0.02857142857142858
0.12307692307692308
0.12307692307692308
0.24
0.24
0.24
0.12307692307692308
0.02941176470588236
0.02941176470588236
0.02941176470588236
0.24
0.24
0.24
0.24
0.24
0.24
0.24
0.24
0.020000000000000018
0.24
0.24
0.24
0.24
0.24
0.24
0.24
0.24
0.24
0.0
0.24
0.12307692307692308
0.24
0.0
0.24
0.24
0.24
0.24
0.24
0.24
0.24
0.25
0.02857142857142858
0.020000000000000018
0.27941176470588236
0.27941176470588236
0.020000000000000018
0.27941176470588236
0.27941176470588236
0.24
0.27692307692307694
0.27692307692307694
0.05769230769230771
0.05769230769230771
0.05769230769230771
0.05769230769230771
0.0
0.0
0.24
0.24
0.03389830508474578
0.03389830508474578
0.020000000000000018
0.020000000000000018
0.02941176470588236
0.0
0.0
0.0
0.020000000000000018
0.24
0.0
0.27941176470588236
0.24
0.0
0.020000000000000018
0.24
0.24
0.05769230769230771
0.12307692307692308
0.02941176470588236
0.24
0.24
0.02941176470588236
0.02941176470588236
0.02941176470588236
0.24
0.02941176470588236
0.24
