0.5062111801242236
0.5062111801242236
0.0
0.5062111801242236
0.5062111801242236
0.0
0.0
0.5062111801242236
0.5062111801242236
0.5062111801242236
0.5062111801242236
0.5062111801242236
0.5062111801242236
0.0
0.030487804878048808
0.0
0.0
0.5062111801242236
0.0
0.0
0.5062111801242236
0.0
0.5062111801242236
0.0
0.5062111801242236
0.5062111801242236
0.0
0.0
0.5062111801242236
0.5062111801242236
0.0
0.5062111801242236
0.5062111801242236
0.0
0.5062111801242236
0.5062111801242236
0.0
0.5062111801242236
0.0
0.5062111801242236
0.5062111801242236
0.5062111801242236
0.5062111801242236
0.0
0.5062111801242236
0.0
0.5062111801242236
0.5062111801242236
0.5062111801242236
0.0
0.5062111801242236
0.0
0.0
0.5062111801242236
0.5062111801242236
0.5062111801242236
0.5062111801242236
0.5062111801242236
0.5062111801242236
0.0
0.0
0.5062111801242236
0.5062111801242236
0.5062111801242236
0.0
0.5062111801242236
0.5062111801242236
0.0
0.0
0.5062111801242236
0.0
0.5062111801242236
0.0
0.5062111801242236
0.5062111801242236
0.5062111801242236
0.5062111801242236
0.0
0.5062111801242236
0.5062111801242236
0.0
0.0
0.5062111801242236
0.0
0.5062111801242236
0.0
0.0
0.5062111801242236
0.5062111801242236
0.5062111801242236
0.5062111801242236
0.0
0.0
0.0
0.5062111801242236
0.45517241379310347
0.5062111801242236
0.0
0.5062111801242236
0.5062111801242236
0.0
0.5062111801242236
0.5062111801242236
0.0
0.16315789473684206
0.0
0.0
0.5062111801242236
0.5062111801242236
0.0
0.5062111801242236
0.5062111801242236
0.0
0.5062111801242236
0.5062111801242236
0.0
0.5062111801242236
0.5062111801242236
0.0
0.0
0.0
0.0
0.0
0.0
0.0
0.0
0.0
0.0
0.0
0.5062111801242236
0.5062111801242236
0.0
0.0
0.0
0.012422360248447228
0.0
0.0
0.0
0.04347826086956519
0.5062111801242236
0.0031250000000000444
0.0
0.0
0.5062111801242236
0.5062111801242236
