0.0
0.0
0.0
0.0
0.0
0.0
0.0
0.0
0.0
0.052631578947368474
0.0
0.05555555555555558
0.0
0.05555555555555558
0.0
0.0
0.0
0.0
0.0
0.0
0.0
0.0
0.0
0.0
0.05555555555555558
0.05555555555555558
0.0
0.0
0.0
0.0
0.0
0.0
0.05555555555555558
0.0
0.05555555555555558
0.0
0.052631578947368474
0.0
0.0
0.0
0.0
0.05555555555555558
0.0
0.0
0.0
0.0
0.0
0.0
0.0
0.0
0.05555555555555558
0.0
0.0
0.0
0.0
0.0
0.0
0.0
0.0
0.0
0.0
0.0
0.05555555555555558
0.05555555555555558
0.0
0.0
0.05555555555555558
0.0
0.0
0.05555555555555558
0.0
0.05555555555555558
0.0
0.0
0.0
0.0
0.0
0.0
0.0
0.0
0.05555555555555558
0.0
0.0
0.0
0.0
0.05555555555555558
0.0
0.05555555555555558
0.0
0.0
0.05555555555555558
0.0
0.0
0.0
0.05555555555555558
0.0
0.0
0.0
0.0
0.0
0.05555555555555558
0.0
0.0
0.05555555555555558
0.0
0.05555555555555558
0.0
0.0
0.0
0.0
0.0
0.0
0.0
0.0
0.0
0.0
0.0
0.05555555555555558
0.0
0.0
0.0
0.0
0.0
0.0
0.0
0.0
0.0
0.0
0.0
0.0
0.0
0.0
0.0
0.0
0.05555555555555558
0.05555555555555558
0.0
0.0
0.11111111111111116
0.0
0.0
0.0
0.0
0.0
0.0
