0.6714876033057852
0.6714876033057852
0.3510204081632653
0.6868686868686869
0.6915520628683693
0.3374485596707819
0.3510204081632653
0.6823770491803278
0.6830265848670757
0.6830265848670757
0.6721649484536083
0.6721649484536083
0.6776180698151951
0.3442622950819672
0.6394557823129252
0.3374485596707819
0.3442622950819672
0.6721649484536083
0.3374485596707819
0.3374485596707819
0.6714876033057852
0.3374485596707819
0.6714876033057852
0.3374485596707819
0.6714876033057852
0.6714876033057852
0.3374485596707819
0.3374485596707819
0.6714876033057852
0.6714876033057852
0.3374485596707819
0.7169421487603306
0.6714876033057852
0.3374485596707819
0.6714876033057852
0.7254509018036072
0.40119760479041916
0.7254509018036072
0.40119760479041916
0.7254509018036072
0.7254509018036072
0.7254509018036072
0.7254509018036072
0.40119760479041916
0.6608910891089109
0.40119760479041916
0.6600496277915633
0.6608910891089109
0.7297830374753451
0.4
0.6600496277915633
0.4
0.4
0.6600496277915633
0.6608910891089109
0.6600496277915633
0.6608910891089109
0.6608910891089109
0.6600496277915633
0.4
0.4
0.6600496277915633
0.6600496277915633
0.6608910891089109
0.4
0.7175257731958763
0.7175257731958763
0.3374485596707819
0.3374485596707819
0.6714876033057852
0.40119760479041916
0.6600496277915633
0.4
0.6600496277915633
0.6600496277915633
0.6600496277915633
0.6600496277915633
0.4
0.6776180698151951
0.7254509018036072
0.4
0.4
0.6600496277915633
0.38271604938271603
0.7175257731958763
0.3374485596707819
0.4
0.6608910891089109
0.6600496277915633
0.6608910891089109
0.6642156862745098
0.4
0.4
0.4
0.6608910891089109
0.7853260869565217
0.6721649484536083
0.3374485596707819
0.6776180698151951
0.7254509018036072
0.4
0.6714876033057852
0.6714876033057852
0.4
0.7013487475915221
0.3374485596707819
0.3374485596707819
0.6600496277915633
0.6600496277915633
0.38271604938271603
0.6776180698151951
0.6721649484536083
0.3374485596707819
0.6608910891089109
0.6600496277915633
0.33608247422680415
0.6714876033057852
0.6608910891089109
0.3374485596707819
0.3374485596707819
0.38271604938271603
0.4
0.3374485596707819
0.40119760479041916
0.4
0.4
0.33608247422680415
0.4
0.3374485596707819
0.6714876033057852
0.6714876033057852
0.3374485596707819
0.3374485596707819
0.3374485596707819
0.3968253968253968
0.33608247422680415
0.3968253968253968
0.6868475991649269
0.6868475991649269
0.7254509018036072
0.3381742738589212
0.3442622950819672
0.3374485596707819
0.6608910891089109
0.6608910891089109
