0.33999999999999997
0.33999999999999997
0.33333333333333337
0.6071428571428572
0.33333333333333337
0.38378378378378375
0.41538461538461535
0.43023255813953487
0.3870967741935484
0.33333333333333337
0.3668341708542714
0.41538461538461535
0.5269709543568465
0.5598455598455598
0.41538461538461535
0.38378378378378375
0.35593220338983056
0.7142857142857143
0.33999999999999997
0.33999999999999997
0.41538461538461535
0.33999999999999997
0.41538461538461535
0.33999999999999997
0.33999999999999997
0.33999999999999997
0.33999999999999997
0.33999999999999997
0.33999999999999997
0.3398058252427184
0.33999999999999997
0.33999999999999997
0.33333333333333337
0.33333333333333337
0.3398058252427184
0.33999999999999997
0.33999999999999997
0.33999999999999997
0.33999999999999997
0.33999999999999997
0.33999999999999997
0.33999999999999997
0.33999999999999997
0.33333333333333337
0.33999999999999997
0.33999999999999997
0.33999999999999997
0.33999999999999997
0.33999999999999997
0.33999999999999997
0.33999999999999997
0.33999999999999997
0.33999999999999997
0.33999999999999997
0.33999999999999997
0.33999999999999997
0.33999999999999997
0.33999999999999997
0.33999999999999997
0.33999999999999997
0.33999999999999997
0.33999999999999997
0.33999999999999997
0.33999999999999997
0.33999999999999997
0.33999999999999997
0.33999999999999997
0.33999999999999997
0.33999999999999997
0.33999999999999997
0.33999999999999997
0.33999999999999997
0.33999999999999997
0.33999999999999997
0.33999999999999997
0.33999999999999997
0.33999999999999997
0.33999999999999997
0.33999999999999997
0.33999999999999997
0.33999999999999997
0.33999999999999997
0.41538461538461535
0.33999999999999997
0.33999999999999997
0.33999999999999997
0.5384615384615384
0.5401459854014599
0.33999999999999997
0.33999999999999997
0.33999999999999997
0.33333333333333337
0.33999999999999997
0.33333333333333337
0.33999999999999997
0.5384615384615384
0.5578947368421052
0.556338028169014
0.5578947368421052
0.5401459854014599
0.5401459854014599
0.5434782608695652
0.5434782608695652
0.41666666666666663
0.41666666666666663
0.49056603773584906
0.49056603773584906
0.49056603773584906
0.49056603773584906
0.49056603773584906
0.49056603773584906
0.4953271028037384
0.5
0.5
0.42168674698795183
0.4251497005988024
0.41666666666666663
0.6756756756756757
0.4953271028037384
0.4953271028037384
0.41666666666666663
0.41666666666666663
0.4251497005988024
0.4251497005988024
0.41666666666666663
0.4251497005988024
0.41666666666666663
0.4251497005988024
0.41666666666666663
0.41666666666666663
0.41666666666666663
0.41666666666666663
0.4251497005988024
0.4251497005988024
0.41666666666666663
0.41666666666666663
0.41666666666666663
0.41666666666666663
0.4251497005988024
0.4285714285714286
0.41666666666666663
0.41666666666666663
0.41666666666666663
0.41666666666666663
0.41666666666666663
0.41666666666666663
0.41666666666666663
0.41666666666666663
0.41666666666666663
0.41666666666666663
0.4251497005988024
0.4181818181818182
0.42168674698795183
0.4181818181818182
0.42168674698795183
0.42168674698795183
0.42168674698795183
0.42168674698795183
0.42168674698795183
0.42168674698795183
0.42168674698795183
0.42168674698795183
0.42168674698795183
0.42168674698795183
0.4953271028037384
0.41666666666666663
0.41666666666666663
0.41666666666666663
0.41666666666666663
0.41666666666666663
0.42168674698795183
0.4251497005988024
0.4181818181818182
0.42168674698795183
0.42168674698795183
0.42168674698795183
0.4953271028037384
0.41666666666666663
0.4251497005988024
0.42168674698795183
0.5151515151515151
0.41538461538461535
0.42168674698795183
0.4953271028037384
0.4953271028037384
0.41666666666666663
0.41666666666666663
0.4181818181818182
0.4181818181818182
0.42168674698795183
0.42168674698795183
0.41666666666666663
0.42168674698795183
0.42168674698795183
0.42168674698795183
0.33333333333333337
0.33333333333333337
0.33333333333333337
0.33333333333333337
0.33333333333333337
0.33999999999999997
0.33333333333333337
0.3267326732673267
0.33333333333333337
0.33333333333333337
0.33333333333333337
0.33333333333333337
0.33333333333333337
0.33333333333333337
0.33333333333333337
0.33333333333333337
0.33333333333333337
0.33333333333333337
0.33333333333333337
0.33333333333333337
0.33333333333333337
0.33333333333333337
0.33333333333333337
0.33333333333333337
0.33333333333333337
0.33333333333333337
0.33333333333333337
0.33333333333333337
0.3267326732673267
0.33333333333333337
0.3267326732673267
0.33333333333333337
0.33333333333333337
0.33333333333333337
0.33333333333333337
0.33333333333333337
0.33333333333333337
0.33333333333333337
0.33333333333333337
0.33333333333333337
0.33333333333333337
0.33333333333333337
0.33333333333333337
0.33333333333333337
0.33333333333333337
0.33333333333333337
0.33333333333333337
0.33333333333333337
0.33333333333333337
0.33333333333333337
0.33333333333333337
0.33333333333333337
0.33333333333333337
0.33333333333333337
0.33333333333333337
0.41538461538461535
0.41538461538461535
0.41538461538461535
0.41538461538461535
0.41538461538461535
0.41538461538461535
0.41538461538461535
0.41538461538461535
0.33999999999999997
0.41538461538461535
0.41538461538461535
0.41538461538461535
0.41538461538461535
0.41538461538461535
0.41538461538461535
0.41538461538461535
0.41538461538461535
0.41538461538461535
0.41538461538461535
0.41538461538461535
0.41538461538461535
0.41538461538461535
0.41538461538461535
0.41538461538461535
0.41538461538461535
0.41538461538461535
0.41538461538461535
0.41538461538461535
0.41538461538461535
0.41538461538461535
0.41538461538461535
0.41538461538461535
0.41538461538461535
0.41538461538461535
0.41538461538461535
0.41538461538461535
0.41538461538461535
0.41538461538461535
0.41538461538461535
0.41538461538461535
0.41538461538461535
0.41538461538461535
0.41538461538461535
0.41538461538461535
0.41538461538461535
0.41538461538461535
0.41538461538461535
0.41538461538461535
0.41538461538461535
0.41538461538461535
0.41538461538461535
0.41538461538461535
0.41538461538461535
0.41538461538461535
0.41538461538461535
0.44881889763779526
0.4953271028037384
0.4953271028037384
0.4953271028037384
0.41666666666666663
0.41666666666666663
0.41666666666666663
0.41666666666666663
0.4251497005988024
0.6869565217391305
0.41666666666666663
0.41666666666666663
0.42168674698795183
0.42168674698795183
0.33333333333333337
0.33333333333333337
0.41538461538461535
0.41538461538461535
0.41538461538461535
0.41538461538461535
0.41538461538461535
0.41538461538461535
0.41538461538461535
0.41538461538461535
0.41538461538461535
0.41538461538461535
0.41538461538461535
0.41538461538461535
0.41538461538461535
0.41538461538461535
0.41538461538461535
0.41538461538461535
0.41538461538461535
0.41538461538461535
0.41538461538461535
0.41538461538461535
0.41538461538461535
0.41538461538461535
0.41538461538461535
0.41538461538461535
0.41538461538461535
0.41538461538461535
0.41538461538461535
0.41538461538461535
0.41538461538461535
0.41538461538461535
0.41538461538461535
0.41538461538461535
0.41538461538461535
0.41538461538461535
0.41538461538461535
0.41538461538461535
0.41538461538461535
0.41538461538461535
0.41538461538461535
0.41538461538461535
0.4953271028037384
0.4953271028037384
0.4251497005988024
0.42168674698795183
0.42168674698795183
0.33333333333333337
0.33333333333333337
0.33333333333333337
0.38378378378378375
0.38378378378378375
0.38378378378378375
0.38378378378378375
0.38378378378378375
0.38378378378378375
0.38378378378378375
0.38378378378378375
0.38378378378378375
0.38378378378378375
0.38378378378378375
0.38378378378378375
0.38378378378378375
0.38378378378378375
0.38378378378378375
0.38378378378378375
0.38378378378378375
0.38378378378378375
0.38378378378378375
0.38378378378378375
0.38378378378378375
0.38378378378378375
0.38378378378378375
0.38378378378378375
0.38378378378378375
0.38378378378378375
0.33333333333333337
0.38378378378378375
0.38378378378378375
0.38378378378378375
0.38378378378378375
0.38378378378378375
0.38378378378378375
0.38378378378378375
0.38378378378378375
0.38378378378378375
0.38378378378378375
0.38378378378378375
0.38378378378378375
0.38378378378378375
0.38378378378378375
0.38378378378378375
0.38378378378378375
0.38378378378378375
0.38378378378378375
0.38378378378378375
0.38378378378378375
0.38378378378378375
0.38378378378378375
0.38378378378378375
0.38378378378378375
0.38378378378378375
0.38378378378378375
0.38378378378378375
0.38378378378378375
0.38378378378378375
0.38378378378378375
0.38378378378378375
0.38378378378378375
0.38378378378378375
0.38378378378378375
0.38378378378378375
0.38378378378378375
0.38378378378378375
0.38378378378378375
0.38378378378378375
0.38378378378378375
0.38378378378378375
0.38378378378378375
0.38378378378378375
0.38378378378378375
0.38378378378378375
0.38378378378378375
0.38378378378378375
0.38378378378378375
0.38378378378378375
0.38378378378378375
0.38378378378378375
0.38378378378378375
0.38378378378378375
0.38378378378378375
0.38378378378378375
0.38378378378378375
0.38378378378378375
0.38378378378378375
0.38378378378378375
0.38378378378378375
0.38378378378378375
0.38378378378378375
0.38378378378378375
0.38378378378378375
0.38378378378378375
0.38378378378378375
0.38378378378378375
0.38378378378378375
0.38378378378378375
0.38378378378378375
0.38378378378378375
0.38378378378378375
0.38378378378378375
0.38378378378378375
0.38378378378378375
0.38378378378378375
0.38378378378378375
0.38378378378378375
0.38378378378378375
0.38378378378378375
0.38378378378378375
0.38378378378378375
0.38378378378378375
0.38378378378378375
0.38378378378378375
0.38378378378378375
0.38378378378378375
0.38378378378378375
0.38378378378378375
0.38378378378378375
0.38378378378378375
0.38378378378378375
0.38378378378378375
0.4953271028037384
0.4251497005988024
0.42168674698795183
0.4953271028037384
0.41666666666666663
0.41666666666666663
0.42168674698795183
0.41666666666666663
0.3465346534653465
0.33333333333333337
0.33333333333333337
0.33333333333333337
0.33333333333333337
0.33333333333333337
0.41538461538461535
0.4787234042553191
0.41538461538461535
0.41538461538461535
0.41538461538461535
0.41538461538461535
0.41538461538461535
0.41538461538461535
0.41538461538461535
0.41538461538461535
0.41538461538461535
0.41538461538461535
0.41538461538461535
0.41538461538461535
0.41538461538461535
0.41538461538461535
0.41538461538461535
0.41538461538461535
0.41538461538461535
0.41538461538461535
0.41538461538461535
0.41538461538461535
0.41538461538461535
0.41538461538461535
0.41538461538461535
0.41538461538461535
0.41538461538461535
0.41538461538461535
0.41538461538461535
0.41666666666666663
0.33333333333333337
0.33333333333333337
0.33333333333333337
0.33333333333333337
0.41538461538461535
0.41538461538461535
0.41538461538461535
0.41538461538461535
0.41538461538461535
0.41538461538461535
0.41538461538461535
0.41538461538461535
0.41538461538461535
0.41538461538461535
0.41538461538461535
0.41538461538461535
0.41538461538461535
0.41538461538461535
0.41538461538461535
0.41538461538461535
0.41538461538461535
0.41538461538461535
0.41538461538461535
0.41538461538461535
0.5234042553191489
0.42352941176470593
0.3405797101449275
0.5274261603375527
0.5274261603375527
0.5274261603375527
0.5274261603375527
0.5234042553191489
0.5274261603375527
0.41538461538461535
0.4597156398104265
0.5313807531380753
0.2971014492753623
0.5274261603375527
0.5313807531380753
0.3405797101449275
0.5234042553191489
0.42352941176470593
0.42352941176470593
0.4597156398104265
0.32871972318339104
0.4597156398104265
0.45922746781115875
0.45922746781115875
0.41538461538461535
0.41538461538461535
0.41538461538461535
0.41538461538461535
0.41538461538461535
0.41538461538461535
0.41538461538461535
0.41538461538461535
0.41538461538461535
0.41538461538461535
0.41538461538461535
0.41538461538461535
0.41538461538461535
0.41538461538461535
0.41538461538461535
0.41538461538461535
0.41538461538461535
0.41538461538461535
0.41538461538461535
0.4787234042553191
0.4607843137254902
0.4787234042553191
0.40284360189573465
0.41538461538461535
0.41538461538461535
0.41538461538461535
0.41538461538461535
0.41538461538461535
0.41538461538461535
0.41538461538461535
0.46739130434782605
0.4148936170212766
0.4086021505376344
0.4787234042553191
0.4787234042553191
0.4787234042553191
0.4787234042553191
0.4787234042553191
0.39037433155080214
0.39037433155080214
0.39037433155080214
0.39682539682539686
0.4787234042553191
0.4607843137254902
0.4787234042553191
0.4787234042553191
0.4787234042553191
0.41538461538461535
0.40284360189573465
0.46153846153846156
0.46153846153846156
0.4787234042553191
0.4607843137254902
0.4787234042553191
0.4555555555555556
0.4555555555555556
0.41538461538461535
0.41538461538461535
0.41538461538461535
0.4787234042553191
0.41538461538461535
0.41538461538461535
0.41538461538461535
0.4787234042553191
0.4787234042553191
0.40284360189573465
0.41538461538461535
0.41538461538461535
0.46153846153846156
0.4555555555555556
0.4555555555555556
0.4555555555555556
0.4555555555555556
0.4607843137254902
0.4607843137254902
0.40284360189573465
0.40284360189573465
0.40284360189573465
0.4607843137254902
0.4607843137254902
0.4787234042553191
0.4787234042553191
0.4787234042553191
0.4787234042553191
0.4787234042553191
0.41538461538461535
0.41538461538461535
0.4787234042553191
0.4787234042553191
0.39682539682539686
0.4787234042553191
0.4787234042553191
0.4787234042553191
0.46153846153846156
0.39682539682539686
0.39682539682539686
0.39682539682539686
0.4787234042553191
0.4787234042553191
0.4787234042553191
0.4787234042553191
0.4607843137254902
0.4086021505376344
0.4086021505376344
0.40284360189573465
0.41538461538461535
0.46153846153846156
0.46153846153846156
0.4787234042553191
0.4787234042553191
0.41538461538461535
0.41538461538461535
0.41538461538461535
0.41538461538461535
0.41538461538461535
0.41538461538461535
0.41538461538461535
0.41538461538461535
0.41538461538461535
0.41538461538461535
0.41538461538461535
0.41538461538461535
0.33333333333333337
0.41538461538461535
0.41538461538461535
0.41538461538461535
0.41538461538461535
0.3267326732673267
0.3267326732673267
0.33333333333333337
0.33333333333333337
0.3267326732673267
0.33333333333333337
0.3267326732673267
0.33333333333333337
0.38378378378378375
0.33333333333333337
0.38378378378378375
0.38378378378378375
0.38378378378378375
0.38378378378378375
0.38378378378378375
0.38378378378378375
0.38378378378378375
0.38378378378378375
0.38378378378378375
0.38378378378378375
0.38378378378378375
0.38378378378378375
0.41538461538461535
0.38378378378378375
0.38378378378378375
0.38378378378378375
0.38378378378378375
0.38378378378378375
0.38378378378378375
0.38378378378378375
0.38378378378378375
0.38378378378378375
0.38378378378378375
0.38378378378378375
0.38378378378378375
0.41538461538461535
0.41538461538461535
0.41538461538461535
0.41538461538461535
0.41538461538461535
0.41538461538461535
0.41538461538461535
0.41538461538461535
0.41538461538461535
0.41538461538461535
0.41538461538461535
0.41538461538461535
0.41538461538461535
0.41538461538461535
0.41538461538461535
0.41538461538461535
0.41538461538461535
0.41538461538461535
0.41538461538461535
0.41538461538461535
0.41538461538461535
0.41538461538461535
0.41538461538461535
0.41538461538461535
0.41538461538461535
0.41538461538461535
0.41538461538461535
0.41538461538461535
0.41538461538461535
0.41538461538461535
0.41538461538461535
0.41538461538461535
0.41538461538461535
0.41538461538461535
0.41538461538461535
0.41538461538461535
0.41538461538461535
0.41538461538461535
0.41538461538461535
0.41538461538461535
0.41538461538461535
0.41538461538461535
0.41538461538461535
0.41538461538461535
0.41538461538461535
0.41538461538461535
0.41538461538461535
0.41538461538461535
0.41538461538461535
0.41538461538461535
0.41538461538461535
0.41538461538461535
0.41538461538461535
0.41538461538461535
0.41538461538461535
0.41538461538461535
0.41538461538461535
0.41538461538461535
0.41538461538461535
0.41538461538461535
0.41538461538461535
0.41538461538461535
0.41538461538461535
0.41538461538461535
0.41538461538461535
0.41538461538461535
0.41538461538461535
0.41538461538461535
0.41538461538461535
0.41538461538461535
0.41538461538461535
0.41538461538461535
0.41538461538461535
0.41538461538461535
0.41538461538461535
0.41538461538461535
0.41538461538461535
0.41538461538461535
0.41538461538461535
0.41538461538461535
0.41538461538461535
0.41538461538461535
0.41538461538461535
0.41538461538461535
0.3267326732673267
0.3267326732673267
0.38378378378378375
0.38378378378378375
0.41538461538461535
0.41538461538461535
0.41538461538461535
0.41538461538461535
0.33333333333333337
0.33333333333333337
0.38378378378378375
0.38378378378378375
0.38378378378378375
0.41538461538461535
0.41538461538461535
0.41538461538461535
0.41538461538461535
0.41538461538461535
0.41538461538461535
0.4787234042553191
0.41538461538461535
0.3267326732673267
0.33333333333333337
0.41538461538461535
0.41538461538461535
0.41538461538461535
0.41538461538461535
0.41538461538461535
0.41538461538461535
0.41538461538461535
0.41538461538461535
0.41538461538461535
0.41538461538461535
0.41538461538461535
0.3267326732673267
0.38378378378378375
0.41538461538461535
0.38378378378378375
0.41538461538461535
0.3267326732673267
0.41538461538461535
0.41538461538461535
0.41538461538461535
0.41538461538461535
0.41538461538461535
0.41538461538461535
0.41538461538461535
0.41538461538461535
0.41538461538461535
0.41538461538461535
0.41538461538461535
0.41538461538461535
0.41538461538461535
0.3267326732673267
0.41538461538461535
0.33333333333333337
0.41538461538461535
0.41538461538461535
0.41538461538461535
0.41538461538461535
0.41538461538461535
0.41538461538461535
0.41538461538461535
0.41538461538461535
0.41538461538461535
0.41538461538461535
0.41538461538461535
0.41538461538461535
0.41538461538461535
0.41538461538461535
0.41538461538461535
0.41538461538461535
0.41538461538461535
0.41538461538461535
0.41538461538461535
0.41538461538461535
0.41538461538461535
0.41538461538461535
0.41538461538461535
0.41538461538461535
0.41538461538461535
0.41538461538461535
0.41538461538461535
0.41538461538461535
0.41538461538461535
0.41538461538461535
0.41538461538461535
0.41538461538461535
0.41538461538461535
0.41538461538461535
0.41538461538461535
0.41538461538461535
0.41538461538461535
0.41538461538461535
0.41538461538461535
0.41538461538461535
0.41538461538461535
0.41538461538461535
0.41538461538461535
0.41538461538461535
0.41538461538461535
0.41538461538461535
0.41538461538461535
0.41538461538461535
0.41538461538461535
0.41538461538461535
0.41538461538461535
0.41538461538461535
0.41538461538461535
0.41538461538461535
0.41538461538461535
0.41538461538461535
0.41538461538461535
0.41538461538461535
0.41538461538461535
0.41538461538461535
0.41538461538461535
0.41538461538461535
0.41538461538461535
0.41538461538461535
0.41538461538461535
0.41538461538461535
0.41538461538461535
0.41538461538461535
0.41538461538461535
0.41538461538461535
0.41538461538461535
0.41538461538461535
0.41538461538461535
0.41538461538461535
0.41538461538461535
0.41538461538461535
0.41538461538461535
0.41538461538461535
0.41538461538461535
0.41538461538461535
0.41538461538461535
0.33333333333333337
0.41538461538461535
0.41538461538461535
0.41538461538461535
0.41538461538461535
0.41538461538461535
0.41538461538461535
0.41538461538461535
0.41538461538461535
0.41538461538461535
0.41538461538461535
0.41538461538461535
0.41538461538461535
0.41538461538461535
0.41538461538461535
0.41538461538461535
0.41538461538461535
0.41538461538461535
0.41538461538461535
0.41538461538461535
0.3267326732673267
0.38378378378378375
0.41538461538461535
0.41538461538461535
0.41538461538461535
0.41538461538461535
0.41538461538461535
0.41538461538461535
0.3267326732673267
0.41538461538461535
0.41538461538461535
0.4607843137254902
0.4607843137254902
0.4607843137254902
0.41538461538461535
0.41538461538461535
0.41538461538461535
0.41538461538461535
0.41538461538461535
0.39037433155080214
0.39037433155080214
0.38378378378378375
0.38378378378378375
0.38378378378378375
0.38378378378378375
0.38378378378378375
0.38378378378378375
0.38378378378378375
0.38378378378378375
0.38378378378378375
0.38378378378378375
0.38378378378378375
0.38378378378378375
0.38378378378378375
0.38378378378378375
0.38378378378378375
0.38378378378378375
0.38378378378378375
0.38378378378378375
0.38378378378378375
0.38378378378378375
0.38378378378378375
0.38378378378378375
0.38378378378378375
0.38378378378378375
0.38378378378378375
0.38378378378378375
0.38378378378378375
0.38378378378378375
0.38378378378378375
0.38378378378378375
0.38378378378378375
0.38378378378378375
0.38378378378378375
0.38378378378378375
0.38378378378378375
0.38378378378378375
0.38378378378378375
0.38378378378378375
0.38378378378378375
0.38378378378378375
0.38378378378378375
0.38378378378378375
0.38378378378378375
0.3796791443850267
0.38378378378378375
0.38378378378378375
0.38378378378378375
0.38378378378378375
0.38378378378378375
0.38378378378378375
0.38378378378378375
0.38378378378378375
0.38378378378378375
0.38378378378378375
0.38378378378378375
0.38378378378378375
0.38378378378378375
0.38378378378378375
0.38378378378378375
0.38378378378378375
0.38378378378378375
0.38378378378378375
0.38378378378378375
0.38378378378378375
0.33999999999999997
0.41538461538461535
0.41538461538461535
0.41538461538461535
0.33333333333333337
0.41538461538461535
0.3267326732673267
0.33333333333333337
0.3267326732673267
0.33333333333333337
0.33333333333333337
0.33333333333333337
0.33333333333333337
0.33333333333333337
0.33333333333333337
0.3267326732673267
0.33333333333333337
0.33333333333333337
0.33333333333333337
0.33333333333333337
0.33333333333333337
0.33333333333333337
0.33333333333333337
0.33333333333333337
0.3267326732673267
0.33333333333333337
0.3267326732673267
0.33333333333333337
0.33333333333333337
0.33333333333333337
0.33333333333333337
0.33333333333333337
0.33333333333333337
0.33333333333333337
0.33333333333333337
0.33333333333333337
0.33333333333333337
0.33333333333333337
0.3267326732673267
0.33333333333333337
0.33333333333333337
0.3668341708542714
0.5021834061135371
0.5021834061135371
0.3267326732673267
0.5021834061135371
0.41538461538461535
0.5269709543568465
0.35593220338983056
0.35593220338983056
0.35593220338983056
0.35593220338983056
0.5269709543568465
0.5269709543568465
0.5269709543568465
0.5269709543568465
0.41538461538461535
0.41538461538461535
0.41538461538461535
0.41538461538461535
0.5269709543568465
0.41538461538461535
0.41538461538461535
0.41538461538461535
0.41538461538461535
0.5269709543568465
0.5269709543568465
0.5269709543568465
0.35593220338983056
0.35593220338983056
0.35593220338983056
0.35593220338983056
0.35593220338983056
0.35593220338983056
0.35593220338983056
0.35593220338983056
0.35593220338983056
0.35593220338983056
0.35593220338983056
0.35593220338983056
0.35593220338983056
0.35593220338983056
0.5269709543568465
0.35593220338983056
0.35593220338983056
0.35593220338983056
0.35593220338983056
0.35593220338983056
0.35593220338983056
0.35593220338983056
0.35593220338983056
0.35593220338983056
0.35593220338983056
0.35593220338983056
0.35593220338983056
0.35593220338983056
0.35593220338983056
0.35593220338983056
0.35593220338983056
0.5269709543568465
0.35593220338983056
0.35593220338983056
0.5269709543568465
0.5269709543568465
0.5269709543568465
0.5269709543568465
0.5269709543568465
0.5269709543568465
0.5269709543568465
0.5269709543568465
0.5269709543568465
0.5269709543568465
0.5269709543568465
0.5269709543568465
0.5269709543568465
0.5269709543568465
0.5269709543568465
0.5269709543568465
0.5269709543568465
0.5269709543568465
0.33333333333333337
0.33333333333333337
0.33333333333333337
0.33333333333333337
0.33333333333333337
0.4787234042553191
0.4367816091954023
0.4418604651162791
0.5384615384615384
0.41538461538461535
0.41538461538461535
0.33333333333333337
0.4251497005988024
0.4201183431952663
0.4201183431952663
0.4201183431952663
0.4201183431952663
0.4201183431952663
0.41538461538461535
0.41538461538461535
0.41538461538461535
0.41538461538461535
0.41538461538461535
0.38378378378378375
0.38378378378378375
0.38378378378378375
0.38378378378378375
0.38378378378378375
0.38378378378378375
0.41538461538461535
0.35593220338983056
0.35593220338983056
0.5726495726495726
0.5269709543568465
0.38378378378378375
0.38378378378378375
0.38378378378378375
0.38378378378378375
0.38378378378378375
0.4251497005988024
0.41538461538461535
0.3267326732673267
0.3870967741935484
0.33999999999999997
0.3870967741935484
0.3870967741935484
0.3870967741935484
0.38378378378378375
0.6091954022988506
0.41538461538461535
0.41538461538461535
0.41538461538461535
0.41538461538461535
0.41538461538461535
0.41538461538461535
0.40284360189573465
0.33333333333333337
0.3465346534653465
0.33333333333333337
0.33999999999999997
0.4418604651162791
0.38378378378378375
0.41538461538461535
0.38378378378378375
0.38378378378378375
0.38378378378378375
0.38378378378378375
0.38378378378378375
0.38378378378378375
0.38378378378378375
0.38378378378378375
0.38378378378378375
0.38378378378378375
0.3465346534653465
0.38378378378378375
0.38378378378378375
0.42352941176470593
0.5726495726495726
0.4597156398104265
0.4597156398104265
0.4597156398104265
0.574468085106383
0.33818181818181814
0.33818181818181814
0.5726495726495726
0.5726495726495726
0.5726495726495726
0.5726495726495726
0.5726495726495726
0.5726495726495726
0.5726495726495726
0.5726495726495726
0.5726495726495726
0.5726495726495726
0.5726495726495726
0.5726495726495726
0.5726495726495726
0.5726495726495726
0.5726495726495726
0.5726495726495726
0.5726495726495726
0.5726495726495726
0.5726495726495726
0.5726495726495726
0.5726495726495726
0.5726495726495726
0.5726495726495726
0.5726495726495726
0.5726495726495726
0.5726495726495726
0.5726495726495726
0.5726495726495726
0.5726495726495726
0.5726495726495726
0.42352941176470593
0.42352941176470593
0.42352941176470593
0.33818181818181814
0.33818181818181814
0.5726495726495726
0.5726495726495726
0.5726495726495726
0.5726495726495726
0.5726495726495726
0.5726495726495726
0.5726495726495726
0.5726495726495726
0.38378378378378375
0.41538461538461535
0.41538461538461535
0.41538461538461535
0.38378378378378375
0.38378378378378375
0.5726495726495726
0.41538461538461535
0.41538461538461535
0.38378378378378375
0.41666666666666663
0.38378378378378375
0.41538461538461535
0.5234042553191489
0.41538461538461535
0.35593220338983056
0.41538461538461535
0.4597156398104265
0.42352941176470593
0.4597156398104265
0.42352941176470593
0.42352941176470593
0.42352941176470593
0.42352941176470593
0.42352941176470593
0.42352941176470593
0.42352941176470593
0.4597156398104265
0.42352941176470593
0.42352941176470593
0.42352941176470593
0.4597156398104265
0.4597156398104265
0.42352941176470593
0.42352941176470593
0.4597156398104265
0.4597156398104265
0.4597156398104265
0.4597156398104265
0.42352941176470593
0.42352941176470593
0.33333333333333337
0.38378378378378375
0.41538461538461535
0.35593220338983056
0.41538461538461535
0.5726495726495726
0.5726495726495726
0.5726495726495726
0.5726495726495726
0.5726495726495726
0.42352941176470593
0.5726495726495726
0.5726495726495726
0.5726495726495726
0.5726495726495726
0.33818181818181814
0.33818181818181814
0.5726495726495726
0.5726495726495726
0.5726495726495726
0.5726495726495726
0.5269709543568465
0.41538461538461535
0.35593220338983056
0.5269709543568465
0.5269709543568465
0.5269709543568465
0.41538461538461535
0.41538461538461535
0.41538461538461535
0.38378378378378375
0.41538461538461535
0.35593220338983056
0.35593220338983056
0.5217391304347826
0.5217391304347826
0.33333333333333337
0.38378378378378375
0.41538461538461535
0.42352941176470593
0.41538461538461535
0.33333333333333337
0.33333333333333337
0.41538461538461535
0.41538461538461535
0.41538461538461535
0.41538461538461535
0.41538461538461535
0.41538461538461535
0.41538461538461535
0.33333333333333337
0.6091954022988506
0.48571428571428577
0.3465346534653465
0.40284360189573465
0.41538461538461535
0.3398058252427184
0.33818181818181814
0.41538461538461535
0.42168674698795183
0.36312849162011174
0.42352941176470593
0.41538461538461535
0.41538461538461535
0.3398058252427184
0.3870967741935484
0.41836734693877553
0.41538461538461535
0.41538461538461535
0.38378378378378375
0.3465346534653465
0.3465346534653465
0.41538461538461535
0.3465346534653465
0.3465346534653465
0.41538461538461535
0.41538461538461535
0.42352941176470593
0.41836734693877553
0.41538461538461535
0.41538461538461535
0.41538461538461535
0.41538461538461535
0.41538461538461535
0.41538461538461535
0.5107913669064748
0.38378378378378375
0.4418604651162791
0.41538461538461535
0.41538461538461535
0.41538461538461535
0.41538461538461535
0.41836734693877553
0.33333333333333337
0.42352941176470593
0.4787234042553191
0.4787234042553191
0.4787234042553191
0.42352941176470593
0.4787234042553191
0.4787234042553191
0.41538461538461535
0.41538461538461535
0.3856209150326797
0.3856209150326797
0.43023255813953487
0.43023255813953487
0.43023255813953487
0.43023255813953487
0.35593220338983056
0.41538461538461535
0.41538461538461535
0.36312849162011174
0.36312849162011174
0.42352941176470593
0.43023255813953487
0.4787234042553191
0.42352941176470593
0.33999999999999997
0.42168674698795183
0.42168674698795183
0.4181818181818182
0.42352941176470593
0.41538461538461535
0.41538461538461535
0.35593220338983056
0.4787234042553191
0.35593220338983056
0.42352941176470593
0.42352941176470593
0.41538461538461535
0.41538461538461535
0.43023255813953487
0.41836734693877553
0.38378378378378375
0.3465346534653465
0.33999999999999997
0.33999999999999997
0.33999999999999997
0.33999999999999997
0.41538461538461535
0.33999999999999997
