0.4
0.4
0.4
0.4
0.4
0.4
0.4
0.4
0.4
0.4
0.4193548387096774
0.0
0.4193548387096774
0.0
0.4545454545454546
0.4
0.4
0.4
0.4
0.4
0.4
0.4
0.4
0.4
0.4
0.4
0.4
0.4
0.4
0.4
0.4
0.4
0.4
0.4
0.4
0.4
0.4
0.0
0.4
0.4
0.4
0.4
0.4
0.4
0.4
0.52
0.52
0.5
0.52
0.52
0.52
0.0
0.52
0.040000000000000036
0.5
0.0
0.52
0.52
0.52
0.52
0.0
0.5
0.52
0.040000000000000036
0.52
0.4193548387096774
0.0
0.4
0.4
0.4
0.4
0.52
0.040000000000000036
0.040000000000000036
0.52
0.52
0.52
0.52
0.4193548387096774
0.4
0.52
0.52
0.5263157894736843
0.4375
0.52
0.4
0.4193548387096774
0.4
0.4
0.52
0.5
0.52
0.52
0.040000000000000036
0.52
0.52
0.52
0.4
0.4
0.4
0.4
0.4
0.4
0.4
0.4
0.040000000000000036
0.48571428571428577
0.4
0.4
0.52
0.5
0.4193548387096774
0.4193548387096774
0.4
0.4
0.52
0.52
0.4
0.4
0.52
0.4193548387096774
0.4
0.4
0.52
0.4
0.4
0.4
0.4
0.4
0.5384615384615384
0.4
0.4
0.4
0.4
0.4
0.4
0.4
0.4
0.4
0.0
0.0
0.040000000000000036
0.52
0.4
0.5
0.4
0.4
0.0
0.5
