0.603448275862069
0.603448275862069
0.6290322580645161
0.6300904977375565
0.6366666666666667
0.6286043829296424
0.6300904977375565
0.6283084004602992
0.6283084004602992
0.6300114547537228
0.6290322580645161
0.6290322580645161
0.6290322580645161
0.6290322580645161
0.6197802197802198
0.6290322580645161
0.6283084004602992
0.6290322580645161
0.6290322580645161
0.6290322580645161
0.6290322580645161
0.6290322580645161
0.6290322580645161
0.6290322580645161
0.6290322580645161
0.6290322580645161
0.6290322580645161
0.6290322580645161
0.603448275862069
0.603448275862069
0.603448275862069
0.603448275862069
0.603448275862069
0.603448275862069
0.603448275862069
0.603448275862069
0.603448275862069
0.603448275862069
0.603448275862069
0.603448275862069
0.603448275862069
0.603448275862069
0.603448275862069
0.603448275862069
0.603448275862069
0.603448275862069
0.603448275862069
0.603448275862069
0.603448275862069
0.603448275862069
0.603448275862069
0.603448275862069
0.603448275862069
0.603448275862069
0.603448275862069
0.603448275862069
0.603448275862069
0.603448275862069
0.603448275862069
0.603448275862069
0.603448275862069
0.603448275862069
0.603448275862069
0.603448275862069
0.603448275862069
0.6295871559633027
0.6290322580645161
0.6290322580645161
0.603448275862069
0.603448275862069
0.603448275862069
0.603448275862069
0.603448275862069
0.603448275862069
0.603448275862069
0.603448275862069
0.603448275862069
0.603448275862069
0.6295871559633027
0.603448275862069
0.603448275862069
0.603448275862069
0.603448275862069
0.6295871559633027
0.6295871559633027
0.6290322580645161
0.603448275862069
0.603448275862069
0.603448275862069
0.603448275862069
0.603448275862069
0.603448275862069
0.603448275862069
0.603448275862069
0.603448275862069
0.621978021978022
0.6290322580645161
0.6290322580645161
0.6290322580645161
0.603448275862069
0.603448275862069
0.603448275862069
0.603448275862069
0.603448275862069
0.6197802197802198
0.603448275862069
0.603448275862069
0.603448275862069
0.603448275862069
0.6290322580645161
0.6283084004602992
0.6290322580645161
0.6290322580645161
0.603448275862069
0.603448275862069
0.6290322580645161
0.6290322580645161
0.603448275862069
0.6283084004602992
0.603448275862069
0.603448275862069
0.603448275862069
0.603448275862069
0.603448275862069
0.603448275862069
0.603448275862069
0.6290322580645161
0.603448275862069
0.603448275862069
0.603448275862069
0.603448275862069
0.603448275862069
0.603448275862069
0.603448275862069
0.6353211009174312
0.6290322580645161
0.6290322580645161
0.6286043829296424
0.6503972758229285
0.603448275862069
0.630787037037037
0.6290322580645161
0.603448275862069
0.603448275862069
0.603448275862069
