0.7565084226646248
0.7565084226646248
0.6049079754601228
0.7579908675799087
0.7579908675799087
0.6044226044226044
0.6068376068376069
0.7565084226646248
0.7565084226646248
0.7576219512195121
0.7565084226646248
0.7565084226646248
0.7565084226646248
0.6049079754601228
0.6434977578475336
0.6049079754601228
0.6049079754601228
0.7565084226646248
0.6049079754601228
0.6049079754601228
0.7565084226646248
0.6049079754601228
0.7565084226646248
0.6049079754601228
0.7565084226646248
0.7565084226646248
0.6049079754601228
0.6049079754601228
0.7565084226646248
0.7565084226646248
0.6049079754601228
0.7565084226646248
0.7565084226646248
0.6049079754601228
0.7565084226646248
0.7565084226646248
0.6049079754601228
0.7565084226646248
0.6049079754601228
0.7565084226646248
0.7565084226646248
0.7565084226646248
0.7565084226646248
0.6049079754601228
0.7565084226646248
0.6049079754601228
0.7565084226646248
0.7565084226646248
0.7565084226646248
0.6049079754601228
0.7565084226646248
0.6049079754601228
0.6049079754601228
0.7565084226646248
0.7565084226646248
0.7565084226646248
0.7565084226646248
0.7565084226646248
0.7565084226646248
0.6049079754601228
0.6049079754601228
0.7565084226646248
0.7565084226646248
0.7565084226646248
0.6049079754601228
0.7576219512195121
0.7565084226646248
0.6049079754601228
0.6049079754601228
0.7565084226646248
0.6049079754601228
0.7565084226646248
0.6049079754601228
0.7565084226646248
0.7565084226646248
0.7565084226646248
0.7565084226646248
0.6049079754601228
0.7576219512195121
0.7565084226646248
0.6049079754601228
0.6049079754601228
0.7565084226646248
0.6063569682151589
0.7576219512195121
0.6049079754601228
0.6049079754601228
0.7565084226646248
0.7565084226646248
0.7565084226646248
0.7565084226646248
0.6049079754601228
0.6049079754601228
0.6049079754601228
0.7565084226646248
0.7237762237762237
0.7565084226646248
0.6049079754601228
0.7565084226646248
0.7565084226646248
0.6049079754601228
0.7565084226646248
0.7565084226646248
0.6049079754601228
0.6794354838709677
0.6049079754601228
0.6049079754601228
0.7565084226646248
0.7565084226646248
0.6049079754601228
0.7565084226646248
0.7565084226646248
0.6049079754601228
0.7565084226646248
0.7565084226646248
0.6049079754601228
0.7565084226646248
0.7565084226646248
0.6049079754601228
0.6049079754601228
0.6049079754601228
0.6049079754601228
0.6049079754601228
0.6049079754601228
0.6029593094944513
0.6049079754601228
0.6049079754601228
0.6049079754601228
0.6049079754601228
0.7565084226646248
0.7565084226646248
0.6049079754601228
0.6049079754601228
0.6049079754601228
0.6117216117216118
0.6049079754601228
0.6029593094944513
0.6029593094944513
0.6266666666666667
0.7565084226646248
0.6047087980173482
0.6049079754601228
0.6049079754601228
0.7565084226646248
0.7565084226646248
