0.4320987654320988
0.4320987654320988
0.45882352941176474
0.45905707196029777
0.4669926650366748
0.4583683767872162
0.45905707196029777
0.4580536912751678
0.4580536912751678
0.45941422594142256
0.45882352941176474
0.45882352941176474
0.45882352941176474
0.45882352941176474
0.44904458598726116
0.45882352941176474
0.4580536912751678
0.45882352941176474
0.45882352941176474
0.45882352941176474
0.45882352941176474
0.45882352941176474
0.45882352941176474
0.45882352941176474
0.45882352941176474
0.45882352941176474
0.45882352941176474
0.4320987654320988
0.4320987654320988
0.4320987654320988
0.4320987654320988
0.4320987654320988
0.4320987654320988
0.4320987654320988
0.4320987654320988
0.4320987654320988
0.4320987654320988
0.4320987654320988
0.4320987654320988
0.4320987654320988
0.4320987654320988
0.4320987654320988
0.4320987654320988
0.4320987654320988
0.4320987654320988
0.4320987654320988
0.4320987654320988
0.4320987654320988
0.4320987654320988
0.4320987654320988
0.4320987654320988
0.4320987654320988
0.4320987654320988
0.4320987654320988
0.4320987654320988
0.4320987654320988
0.4320987654320988
0.4320987654320988
0.4320987654320988
0.4320987654320988
0.4320987654320988
0.4320987654320988
0.4320987654320988
0.4320987654320988
0.4320987654320988
0.45941422594142256
0.45882352941176474
0.45882352941176474
0.4320987654320988
0.4320987654320988
0.4320987654320988
0.4320987654320988
0.4320987654320988
0.4320987654320988
0.4320987654320988
0.4320987654320988
0.4320987654320988
0.4320987654320988
0.45941422594142256
0.4320987654320988
0.4320987654320988
0.4320987654320988
0.4320987654320988
0.45941422594142256
0.45941422594142256
0.45882352941176474
0.4320987654320988
0.4320987654320988
0.4320987654320988
0.4320987654320988
0.4320987654320988
0.4320987654320988
0.4320987654320988
0.4320987654320988
0.4320987654320988
0.4513556618819776
0.45882352941176474
0.45882352941176474
0.45882352941176474
0.4320987654320988
0.4320987654320988
0.4320987654320988
0.4320987654320988
0.4320987654320988
0.44904458598726116
0.4320987654320988
0.4320987654320988
0.4320987654320988
0.4320987654320988
0.45882352941176474
0.4580536912751678
0.45882352941176474
0.45882352941176474
0.4320987654320988
0.4320987654320988
0.45882352941176474
0.45882352941176474
0.4320987654320988
0.4580536912751678
0.4320987654320988
0.4320987654320988
0.4320987654320988
0.4320987654320988
0.4320987654320988
0.4320987654320988
0.4320987654320988
0.45882352941176474
0.4320987654320988
0.4320987654320988
0.4320987654320988
0.4320987654320988
0.4320987654320988
0.4320987654320988
0.4320987654320988
0.46554621848739497
0.45882352941176474
0.45882352941176474
0.4583683767872162
0.4819175777964676
0.4320987654320988
0.46069315300084535
0.45882352941176474
0.4320987654320988
0.4320987654320988
0.4320987654320988
