0.5714285714285714
0.5714285714285714
0.5714285714285714
0.5714285714285714
0.5714285714285714
0.5714285714285714
0.5714285714285714
0.5714285714285714
0.5714285714285714
0.5714285714285714
0.5909090909090909
0.0
0.5909090909090909
0.0
0.625
0.5714285714285714
0.5714285714285714
0.5714285714285714
0.5714285714285714
0.5714285714285714
0.5714285714285714
0.5714285714285714
0.5714285714285714
0.5714285714285714
0.5714285714285714
0.5714285714285714
0.5714285714285714
0.5714285714285714
0.5714285714285714
0.5714285714285714
0.5714285714285714
0.5714285714285714
0.5714285714285714
0.5714285714285714
0.5714285714285714
0.5714285714285714
0.5714285714285714
0.0
0.5714285714285714
0.5714285714285714
0.5714285714285714
0.5714285714285714
0.5714285714285714
0.5714285714285714
0.5714285714285714
0.6842105263157895
0.6842105263157895
0.6666666666666666
0.6842105263157895
0.6842105263157895
0.6842105263157895
0.0
0.6842105263157895
0.07692307692307693
0.6666666666666666
0.0
0.6842105263157895
0.6842105263157895
0.6842105263157895
0.6842105263157895
0.0
0.6666666666666666
0.6842105263157895
0.07692307692307693
0.6842105263157895
0.5909090909090909
0.0
0.5714285714285714
0.5714285714285714
0.5714285714285714
0.5714285714285714
0.6842105263157895
0.07692307692307693
0.07692307692307693
0.6842105263157895
0.6842105263157895
0.6842105263157895
0.6842105263157895
0.5909090909090909
0.5714285714285714
0.6842105263157895
0.6842105263157895
0.6896551724137931
0.6086956521739131
0.6842105263157895
0.5714285714285714
0.5909090909090909
0.5714285714285714
0.5714285714285714
0.6842105263157895
0.6666666666666666
0.6842105263157895
0.6842105263157895
0.07692307692307693
0.6842105263157895
0.6842105263157895
0.6842105263157895
0.5714285714285714
0.5714285714285714
0.5714285714285714
0.5714285714285714
0.5714285714285714
0.5714285714285714
0.5714285714285714
0.5714285714285714
0.07692307692307693
0.6538461538461539
0.5714285714285714
0.5714285714285714
0.6842105263157895
0.6666666666666666
0.5909090909090909
0.5909090909090909
0.5714285714285714
0.5714285714285714
0.6842105263157895
0.6842105263157895
0.5714285714285714
0.5714285714285714
0.6842105263157895
0.5909090909090909
0.5714285714285714
0.5714285714285714
0.6842105263157895
0.5714285714285714
0.5714285714285714
0.5714285714285714
0.5714285714285714
0.5714285714285714
0.7
0.5714285714285714
0.5714285714285714
0.5714285714285714
0.5714285714285714
0.5714285714285714
0.5714285714285714
0.5714285714285714
0.5714285714285714
0.5714285714285714
0.0
0.0
0.07692307692307693
0.6842105263157895
0.5714285714285714
0.6666666666666666
0.5714285714285714
0.5714285714285714
0.0
0.6666666666666666
