0.05555555555555558
0.0
0.0
0.0
0.0
0.0
0.0
0.05555555555555558
0.0
0.09999999999999998
0.05555555555555558
0.10526315789473684
0.05555555555555558
0.19047619047619047
0.0
0.05555555555555558
0.0
0.05555555555555558
0.05555555555555558
0.0
0.05555555555555558
0.10526315789473684
0.15000000000000002
0.0
0.15000000000000002
0.10526315789473684
0.05555555555555558
0.0
0.0
0.0
0.10526315789473684
0.10526315789473684
0.10526315789473684
0.05555555555555558
0.10526315789473684
0.0
0.1428571428571429
0.05555555555555558
0.0
0.10526315789473684
0.05555555555555558
0.10526315789473684
0.05555555555555558
0.0
0.05555555555555558
0.10526315789473684
0.0
0.10526315789473684
0.0
0.0
0.15000000000000002
0.0
0.05555555555555558
0.0
0.10526315789473684
0.0
0.05555555555555558
0.10526315789473684
0.15000000000000002
0.05555555555555558
0.05555555555555558
0.0
0.10526315789473684
0.10526315789473684
0.0
0.0
0.10526315789473684
0.15000000000000002
0.0
0.15000000000000002
0.0
0.10526315789473684
0.05555555555555558
0.05555555555555558
0.0
0.05555555555555558
0.0
0.0
0.09999999999999998
0.10526315789473684
0.10526315789473684
0.10526315789473684
0.0
0.052631578947368474
0.052631578947368474
0.10526315789473684
0.05555555555555558
0.10526315789473684
0.05555555555555558
0.05555555555555558
0.10526315789473684
0.05555555555555558
0.15000000000000002
0.05555555555555558
0.10526315789473684
0.0
0.0
0.0
0.05555555555555558
0.0
0.10526315789473684
0.0
0.0
0.19047619047619047
0.0
0.10526315789473684
0.05555555555555558
0.05555555555555558
0.0
0.0
0.0
0.05555555555555558
0.05555555555555558
0.10526315789473684
0.05555555555555558
0.0
0.05555555555555558
0.10526315789473684
0.0
0.10526315789473684
0.0
0.0
0.0
0.0
0.10526315789473684
0.0
0.0
0.0
0.05555555555555558
0.15000000000000002
0.05555555555555558
0.05555555555555558
0.0
0.05555555555555558
0.10526315789473684
0.10526315789473684
0.05555555555555558
0.0
0.19999999999999996
0.10526315789473684
0.05882352941176472
0.05555555555555558
0.05555555555555558
0.0
0.05555555555555558
