0.40663390663390664
0.0
0.04575163398692805
0.03676470588235292
0.03676470588235292
0.3047619047619048
0.04031007751937987
0.0456026058631922
0.04575163398692805
0.04575163398692805
0.03966942148760333
0.03980099502487566
0.03966942148760333
0.03980099502487566
0.04620462046204621
0.04590163934426228
0.03980099502487566
0.2886977886977887
0.2886977886977887
0.2886977886977887
0.2886977886977887
0.40663390663390664
0.40663390663390664
0.40663390663390664
0.40663390663390664
0.40663390663390664
0.40663390663390664
0.40663390663390664
0.40663390663390664
0.40663390663390664
0.40663390663390664
0.0
0.0
0.0
0.0
0.0
0.0
0.0
0.0
0.0
0.0
0.0
0.0
0.0
0.0
0.0
0.0
0.0
0.0
0.0
0.0
0.0
0.0
0.0
0.0
0.0
0.0
0.0
0.0
0.0
0.0
0.0
0.0
0.0
0.04590163934426228
0.03980099502487566
0.2886977886977887
0.0
0.0
0.0
0.0
0.0
0.0
0.0
0.0
0.0
0.0
0.04590163934426228
0.0
0.0
0.0
0.0
0.04590163934426228
0.04590163934426228
0.03980099502487566
0.0
0.0
0.0
0.0
1.0
0.0
0.0
0.0
0.0
0.32946635730858465
0.03980099502487566
0.04620462046204621
0.0
0.0
0.0
0.0
0.0
0.0
0.0
0.0
0.0
0.04590163934426228
0.04590163934426228
0.2886977886977887
0.2886977886977887
0.0
0.0
0.03980099502487566
0.2886977886977887
0.0
0.04590163934426228
0.0
0.0
0.0
0.0
0.0
0.0
0.0
0.4026927784577723
0.0
0.40663390663390664
0.40663390663390664
0.40663390663390664
0.40663390663390664
0.40663390663390664
0.40663390663390664
0.25373134328358204
0.40663390663390664
0.4238329238329238
0.0
0.02422145328719727
0.008179959100204526
0.0
0.40663390663390664
0.0
0.0
0.0
