0.7100840336134454
0.6356123215627348
0.7460869565217392
0.7612393681652491
0.7611668185961714
0.7693522906793049
0.751804330392943
0.7454387489139879
0.7460869565217392
0.7460869565217392
0.7285046728971962
0.7291861552853134
0.7285046728971962
0.7291861552853134
0.7493495229835212
0.7467362924281984
0.7291861552853134
0.7501078981441519
0.7501078981441519
0.7501078981441519
0.7501078981441519
0.7265005662514157
0.7258796821793416
0.7258796821793416
0.7258796821793416
0.7258796821793416
0.7100840336134454
0.7100840336134454
0.7100840336134454
0.7100840336134454
0.7100840336134454
0.6367041198501873
0.6367041198501873
0.6356123215627348
0.6356123215627348
0.6356123215627348
0.6356123215627348
0.6356123215627348
0.6356123215627348
0.6356123215627348
0.6356123215627348
0.6356123215627348
0.6356123215627348
0.6356123215627348
0.6356123215627348
0.6356123215627348
0.6356123215627348
0.6356123215627348
0.6356123215627348
0.6356123215627348
0.6356123215627348
0.6356123215627348
0.6356123215627348
0.6356123215627348
0.6356123215627348
0.6356123215627348
0.6356123215627348
0.6356123215627348
0.6356123215627348
0.6356123215627348
0.6356123215627348
0.6356123215627348
0.6356123215627348
0.6356123215627348
0.7467362924281984
0.7291861552853134
0.7501078981441519
0.6356123215627348
0.6367041198501873
0.6356123215627348
0.6356123215627348
0.6356123215627348
0.6356123215627348
0.6356123215627348
0.6356123215627348
0.6356123215627348
0.6356123215627348
0.7467362924281984
0.6356123215627348
0.6356123215627348
0.6356123215627348
0.6356123215627348
0.7467362924281984
0.7467362924281984
0.7291861552853134
0.6356123215627348
0.6356123215627348
0.6356123215627348
0.6356123215627348
1.0
0.6356123215627348
0.6356123215627348
0.6356123215627348
0.6356123215627348
0.7715415019762846
0.7339154411764706
0.7353479853479854
0.6356123215627348
0.6356123215627348
0.6367041198501873
0.6367041198501873
0.6356123215627348
0.6367041198501873
0.6367041198501873
0.6356123215627348
0.6356123215627348
0.7467362924281984
0.7467362924281984
0.7501078981441519
0.7501078981441519
0.6356123215627348
0.6356123215627348
0.7291861552853134
0.7501078981441519
0.6356123215627348
0.7467362924281984
0.6367041198501873
0.6367041198501873
0.6356123215627348
0.6356123215627348
0.6356123215627348
0.6356123215627348
0.6356123215627348
0.7281337047353761
0.6356123215627348
0.7100840336134454
0.7100840336134454
0.7100840336134454
0.7100840336134454
0.7100840336134454
0.7100840336134454
0.7225647348951911
0.7265005662514157
0.7359234234234234
0.6868905742145178
0.6967741935483871
0.6367041198501873
0.6610407876230661
0.7265005662514157
0.6367041198501873
0.6356123215627348
0.6356123215627348
