0.5074626865671642
0.5074626865671642
0.5
0.7555555555555555
0.5
0.5546875
0.5869565217391304
0.6016260162601625
0.5581395348837209
0.5
0.5367647058823529
0.5869565217391304
0.6902173913043479
0.7178217821782178
0.5869565217391304
0.5546875
0.525
0.8333333333333334
0.5074626865671642
0.5074626865671642
0.5869565217391304
0.5074626865671642
0.5869565217391304
0.5074626865671642
0.5074626865671642
0.5074626865671642
0.5074626865671642
0.5074626865671642
0.5074626865671642
0.5072463768115942
0.5074626865671642
0.5074626865671642
0.5
0.5
0.5072463768115942
0.5074626865671642
0.5074626865671642
0.5074626865671642
0.5074626865671642
0.5074626865671642
0.5074626865671642
0.5074626865671642
0.5074626865671642
0.5
0.5074626865671642
0.5074626865671642
0.5074626865671642
0.5074626865671642
0.5074626865671642
0.5074626865671642
0.5074626865671642
0.5074626865671642
0.5074626865671642
0.5074626865671642
0.5074626865671642
0.5074626865671642
0.5074626865671642
0.5074626865671642
0.5074626865671642
0.5074626865671642
0.5074626865671642
0.5074626865671642
0.5074626865671642
0.5074626865671642
0.5074626865671642
0.5074626865671642
0.5074626865671642
0.5074626865671642
0.5074626865671642
0.5074626865671642
0.5074626865671642
0.5074626865671642
0.5074626865671642
0.5074626865671642
0.5074626865671642
0.5074626865671642
0.5074626865671642
0.5074626865671642
0.5074626865671642
0.5074626865671642
0.5074626865671642
0.5074626865671642
0.5869565217391304
0.5074626865671642
0.5074626865671642
0.5074626865671642
0.7
0.7014218009478673
0.5074626865671642
0.5074626865671642
0.5074626865671642
0.5
0.5074626865671642
0.5
0.5074626865671642
0.7
0.7162162162162162
0.7149321266968326
0.7162162162162162
0.7014218009478673
0.7014218009478673
0.704225352112676
0.704225352112676
0.5882352941176471
0.5882352941176471
0.6582278481012658
0.6582278481012658
0.6582278481012658
0.6582278481012658
0.6582278481012658
0.6582278481012658
0.6625
0.6666666666666667
0.6666666666666667
0.5932203389830508
0.5966386554621849
0.5882352941176471
0.8064516129032258
0.6625
0.6625
0.5882352941176471
0.5882352941176471
0.5966386554621849
0.5966386554621849
0.5882352941176471
0.5966386554621849
0.5882352941176471
0.5966386554621849
0.5882352941176471
0.5882352941176471
0.5882352941176471
0.5882352941176471
0.5966386554621849
0.5966386554621849
0.5882352941176471
0.5882352941176471
0.5882352941176471
0.5882352941176471
0.5966386554621849
0.6
0.5882352941176471
0.5882352941176471
0.5882352941176471
0.5882352941176471
0.5882352941176471
0.5882352941176471
0.5882352941176471
0.5882352941176471
0.5882352941176471
0.5882352941176471
0.5966386554621849
0.5897435897435898
0.5932203389830508
0.5897435897435898
0.5932203389830508
0.5932203389830508
0.5932203389830508
0.5932203389830508
0.5932203389830508
0.5932203389830508
0.5932203389830508
0.5932203389830508
0.5932203389830508
0.5932203389830508
0.6625
0.5882352941176471
0.5882352941176471
0.5882352941176471
0.5882352941176471
0.5882352941176471
0.5932203389830508
0.5966386554621849
0.5897435897435898
0.5932203389830508
0.5932203389830508
0.5932203389830508
0.6625
0.5882352941176471
0.5966386554621849
0.5932203389830508
0.6799999999999999
0.5869565217391304
0.5932203389830508
0.6625
0.6625
0.5882352941176471
0.5882352941176471
0.5897435897435898
0.5897435897435898
0.5932203389830508
0.5932203389830508
0.5882352941176471
0.5932203389830508
0.5932203389830508
0.5932203389830508
0.5
0.5
0.5
0.5
0.5
0.5074626865671642
0.5
0.4925373134328358
0.5
0.5
0.5
0.5
0.5
0.5
0.5
0.5
0.5
0.5
0.5
0.5
0.5
0.5
0.5
0.5
0.5
0.5
0.5
0.5
0.4925373134328358
0.5
0.4925373134328358
0.5
0.5
0.5
0.5
0.5
0.5
0.5
0.5
0.5
0.5
0.5
0.5
0.5
0.5
0.5
0.5
0.5
0.5
0.5
0.5
0.5
0.5
0.5
0.5
0.5869565217391304
0.5869565217391304
0.5869565217391304
0.5869565217391304
0.5869565217391304
0.5869565217391304
0.5869565217391304
0.5869565217391304
0.5074626865671642
0.5869565217391304
0.5869565217391304
0.5869565217391304
0.5869565217391304
0.5869565217391304
0.5869565217391304
0.5869565217391304
0.5869565217391304
0.5869565217391304
0.5869565217391304
0.5869565217391304
0.5869565217391304
0.5869565217391304
0.5869565217391304
0.5869565217391304
0.5869565217391304
0.5869565217391304
0.5869565217391304
0.5869565217391304
0.5869565217391304
0.5869565217391304
0.5869565217391304
0.5869565217391304
0.5869565217391304
0.5869565217391304
0.5869565217391304
0.5869565217391304
0.5869565217391304
0.5869565217391304
0.5869565217391304
0.5869565217391304
0.5869565217391304
0.5869565217391304
0.5869565217391304
0.5869565217391304
0.5869565217391304
0.5869565217391304
0.5869565217391304
0.5869565217391304
0.5869565217391304
0.5869565217391304
0.5869565217391304
0.5869565217391304
0.5869565217391304
0.5869565217391304
0.5869565217391304
0.6195652173913043
0.6625
0.6625
0.6625
0.5882352941176471
0.5882352941176471
0.5882352941176471
0.5882352941176471
0.5966386554621849
0.8144329896907216
0.5882352941176471
0.5882352941176471
0.5932203389830508
0.5932203389830508
0.5
0.5
0.5869565217391304
0.5869565217391304
0.5869565217391304
0.5869565217391304
0.5869565217391304
0.5869565217391304
0.5869565217391304
0.5869565217391304
0.5869565217391304
0.5869565217391304
0.5869565217391304
0.5869565217391304
0.5869565217391304
0.5869565217391304
0.5869565217391304
0.5869565217391304
0.5869565217391304
0.5869565217391304
0.5869565217391304
0.5869565217391304
0.5869565217391304
0.5869565217391304
0.5869565217391304
0.5869565217391304
0.5869565217391304
0.5869565217391304
0.5869565217391304
0.5869565217391304
0.5869565217391304
0.5869565217391304
0.5869565217391304
0.5869565217391304
0.5869565217391304
0.5869565217391304
0.5869565217391304
0.5869565217391304
0.5869565217391304
0.5869565217391304
0.5869565217391304
0.5869565217391304
0.6625
0.6625
0.5966386554621849
0.5932203389830508
0.5932203389830508
0.5
0.5
0.5
0.5546875
0.5546875
0.5546875
0.5546875
0.5546875
0.5546875
0.5546875
0.5546875
0.5546875
0.5546875
0.5546875
0.5546875
0.5546875
0.5546875
0.5546875
0.5546875
0.5546875
0.5546875
0.5546875
0.5546875
0.5546875
0.5546875
0.5546875
0.5546875
0.5546875
0.5546875
0.5
0.5546875
0.5546875
0.5546875
0.5546875
0.5546875
0.5546875
0.5546875
0.5546875
0.5546875
0.5546875
0.5546875
0.5546875
0.5546875
0.5546875
0.5546875
0.5546875
0.5546875
0.5546875
0.5546875
0.5546875
0.5546875
0.5546875
0.5546875
0.5546875
0.5546875
0.5546875
0.5546875
0.5546875
0.5546875
0.5546875
0.5546875
0.5546875
0.5546875
0.5546875
0.5546875
0.5546875
0.5546875
0.5546875
0.5546875
0.5546875
0.5546875
0.5546875
0.5546875
0.5546875
0.5546875
0.5546875
0.5546875
0.5546875
0.5546875
0.5546875
0.5546875
0.5546875
0.5546875
0.5546875
0.5546875
0.5546875
0.5546875
0.5546875
0.5546875
0.5546875
0.5546875
0.5546875
0.5546875
0.5546875
0.5546875
0.5546875
0.5546875
0.5546875
0.5546875
0.5546875
0.5546875
0.5546875
0.5546875
0.5546875
0.5546875
0.5546875
0.5546875
0.5546875
0.5546875
0.5546875
0.5546875
0.5546875
0.5546875
0.5546875
0.5546875
0.5546875
0.5546875
0.5546875
0.5546875
0.5546875
0.5546875
0.5546875
0.5546875
0.6625
0.5966386554621849
0.5932203389830508
0.6625
0.5882352941176471
0.5882352941176471
0.5932203389830508
0.5882352941176471
0.5147058823529411
0.5
0.5
0.5
0.5
0.5
0.5869565217391304
0.6474820143884892
0.5869565217391304
0.5869565217391304
0.5869565217391304
0.5869565217391304
0.5869565217391304
0.5869565217391304
0.5869565217391304
0.5869565217391304
0.5869565217391304
0.5869565217391304
0.5869565217391304
0.5869565217391304
0.5869565217391304
0.5869565217391304
0.5869565217391304
0.5869565217391304
0.5869565217391304
0.5869565217391304
0.5869565217391304
0.5869565217391304
0.5869565217391304
0.5869565217391304
0.5869565217391304
0.5869565217391304
0.5869565217391304
0.5869565217391304
0.5869565217391304
0.5882352941176471
0.5
0.5
0.5
0.5
0.5869565217391304
0.5869565217391304
0.5869565217391304
0.5869565217391304
0.5869565217391304
0.5869565217391304
0.5869565217391304
0.5869565217391304
0.5869565217391304
0.5869565217391304
0.5869565217391304
0.5869565217391304
0.5869565217391304
0.5869565217391304
0.5869565217391304
0.5869565217391304
0.5869565217391304
0.5869565217391304
0.5869565217391304
0.5869565217391304
0.6871508379888268
0.5950413223140496
0.508108108108108
0.6906077348066298
0.6906077348066298
0.6906077348066298
0.6906077348066298
0.6871508379888268
0.6906077348066298
0.5869565217391304
0.6298701298701299
0.6939890710382514
0.45810055865921784
0.6906077348066298
0.6939890710382514
0.508108108108108
0.6871508379888268
0.5950413223140496
0.5950413223140496
0.6298701298701299
0.49479166666666663
0.6298701298701299
0.6294117647058823
0.6294117647058823
0.5869565217391304
0.5869565217391304
0.5869565217391304
0.5869565217391304
0.5869565217391304
0.5869565217391304
0.5869565217391304
0.5869565217391304
0.5869565217391304
0.5869565217391304
0.5869565217391304
0.5869565217391304
0.5869565217391304
0.5869565217391304
0.5869565217391304
0.5869565217391304
0.5869565217391304
0.5869565217391304
0.5869565217391304
0.6474820143884892
0.6308724832214765
0.6474820143884892
0.5743243243243243
0.5869565217391304
0.5869565217391304
0.5869565217391304
0.5869565217391304
0.5869565217391304
0.5869565217391304
0.5869565217391304
0.6370370370370371
0.5864661654135339
0.5801526717557253
0.6474820143884892
0.6474820143884892
0.6474820143884892
0.6474820143884892
0.6474820143884892
0.5615384615384615
0.5615384615384615
0.5615384615384615
0.5681818181818181
0.6474820143884892
0.6308724832214765
0.6474820143884892
0.6474820143884892
0.6474820143884892
0.5869565217391304
0.5743243243243243
0.631578947368421
0.631578947368421
0.6474820143884892
0.6308724832214765
0.6474820143884892
0.6259541984732824
0.6259541984732824
0.5869565217391304
0.5869565217391304
0.5869565217391304
0.6474820143884892
0.5869565217391304
0.5869565217391304
0.5869565217391304
0.6474820143884892
0.6474820143884892
0.5743243243243243
0.5869565217391304
0.5869565217391304
0.631578947368421
0.6259541984732824
0.6259541984732824
0.6259541984732824
0.6259541984732824
0.6308724832214765
0.6308724832214765
0.5743243243243243
0.5743243243243243
0.5743243243243243
0.6308724832214765
0.6308724832214765
0.6474820143884892
0.6474820143884892
0.6474820143884892
0.6474820143884892
0.6474820143884892
0.5869565217391304
0.5869565217391304
0.6474820143884892
0.6474820143884892
0.5681818181818181
0.6474820143884892
0.6474820143884892
0.6474820143884892
0.631578947368421
0.5681818181818181
0.5681818181818181
0.5681818181818181
0.6474820143884892
0.6474820143884892
0.6474820143884892
0.6474820143884892
0.6308724832214765
0.5801526717557253
0.5801526717557253
0.5743243243243243
0.5869565217391304
0.631578947368421
0.631578947368421
0.6474820143884892
0.6474820143884892
0.5869565217391304
0.5869565217391304
0.5869565217391304
0.5869565217391304
0.5869565217391304
0.5869565217391304
0.5869565217391304
0.5869565217391304
0.5869565217391304
0.5869565217391304
0.5869565217391304
0.5869565217391304
0.5
0.5869565217391304
0.5869565217391304
0.5869565217391304
0.5869565217391304
0.4925373134328358
0.4925373134328358
0.5
0.5
0.4925373134328358
0.5
0.4925373134328358
0.5
0.5546875
0.5
0.5546875
0.5546875
0.5546875
0.5546875
0.5546875
0.5546875
0.5546875
0.5546875
0.5546875
0.5546875
0.5546875
0.5546875
0.5869565217391304
0.5546875
0.5546875
0.5546875
0.5546875
0.5546875
0.5546875
0.5546875
0.5546875
0.5546875
0.5546875
0.5546875
0.5546875
0.5869565217391304
0.5869565217391304
0.5869565217391304
0.5869565217391304
0.5869565217391304
0.5869565217391304
0.5869565217391304
0.5869565217391304
0.5869565217391304
0.5869565217391304
0.5869565217391304
0.5869565217391304
0.5869565217391304
0.5869565217391304
0.5869565217391304
0.5869565217391304
0.5869565217391304
0.5869565217391304
0.5869565217391304
0.5869565217391304
0.5869565217391304
0.5869565217391304
0.5869565217391304
0.5869565217391304
0.5869565217391304
0.5869565217391304
0.5869565217391304
0.5869565217391304
0.5869565217391304
0.5869565217391304
0.5869565217391304
0.5869565217391304
0.5869565217391304
0.5869565217391304
0.5869565217391304
0.5869565217391304
0.5869565217391304
0.5869565217391304
0.5869565217391304
0.5869565217391304
0.5869565217391304
0.5869565217391304
0.5869565217391304
0.5869565217391304
0.5869565217391304
0.5869565217391304
0.5869565217391304
0.5869565217391304
0.5869565217391304
0.5869565217391304
0.5869565217391304
0.5869565217391304
0.5869565217391304
0.5869565217391304
0.5869565217391304
0.5869565217391304
0.5869565217391304
0.5869565217391304
0.5869565217391304
0.5869565217391304
0.5869565217391304
0.5869565217391304
0.5869565217391304
0.5869565217391304
0.5869565217391304
0.5869565217391304
0.5869565217391304
0.5869565217391304
0.5869565217391304
0.5869565217391304
0.5869565217391304
0.5869565217391304
0.5869565217391304
0.5869565217391304
0.5869565217391304
0.5869565217391304
0.5869565217391304
0.5869565217391304
0.5869565217391304
0.5869565217391304
0.5869565217391304
0.5869565217391304
0.5869565217391304
0.5869565217391304
0.4925373134328358
0.4925373134328358
0.5546875
0.5546875
0.5869565217391304
0.5869565217391304
0.5869565217391304
0.5869565217391304
0.5
0.5
0.5546875
0.5546875
0.5546875
0.5869565217391304
0.5869565217391304
0.5869565217391304
0.5869565217391304
0.5869565217391304
0.5869565217391304
0.6474820143884892
0.5869565217391304
0.4925373134328358
0.5
0.5869565217391304
0.5869565217391304
0.5869565217391304
0.5869565217391304
0.5869565217391304
0.5869565217391304
0.5869565217391304
0.5869565217391304
0.5869565217391304
0.5869565217391304
0.5869565217391304
0.4925373134328358
0.5546875
0.5869565217391304
0.5546875
0.5869565217391304
0.4925373134328358
0.5869565217391304
0.5869565217391304
0.5869565217391304
0.5869565217391304
0.5869565217391304
0.5869565217391304
0.5869565217391304
0.5869565217391304
0.5869565217391304
0.5869565217391304
0.5869565217391304
0.5869565217391304
0.5869565217391304
0.4925373134328358
0.5869565217391304
0.5
0.5869565217391304
0.5869565217391304
0.5869565217391304
0.5869565217391304
0.5869565217391304
0.5869565217391304
0.5869565217391304
0.5869565217391304
0.5869565217391304
0.5869565217391304
0.5869565217391304
0.5869565217391304
0.5869565217391304
0.5869565217391304
0.5869565217391304
0.5869565217391304
0.5869565217391304
0.5869565217391304
0.5869565217391304
0.5869565217391304
0.5869565217391304
0.5869565217391304
0.5869565217391304
0.5869565217391304
0.5869565217391304
0.5869565217391304
0.5869565217391304
0.5869565217391304
0.5869565217391304
0.5869565217391304
0.5869565217391304
0.5869565217391304
0.5869565217391304
0.5869565217391304
0.5869565217391304
0.5869565217391304
0.5869565217391304
0.5869565217391304
0.5869565217391304
0.5869565217391304
0.5869565217391304
0.5869565217391304
0.5869565217391304
0.5869565217391304
0.5869565217391304
0.5869565217391304
0.5869565217391304
0.5869565217391304
0.5869565217391304
0.5869565217391304
0.5869565217391304
0.5869565217391304
0.5869565217391304
0.5869565217391304
0.5869565217391304
0.5869565217391304
0.5869565217391304
0.5869565217391304
0.5869565217391304
0.5869565217391304
0.5869565217391304
0.5869565217391304
0.5869565217391304
0.5869565217391304
0.5869565217391304
0.5869565217391304
0.5869565217391304
0.5869565217391304
0.5869565217391304
0.5869565217391304
0.5869565217391304
0.5869565217391304
0.5869565217391304
0.5869565217391304
0.5869565217391304
0.5869565217391304
0.5869565217391304
0.5869565217391304
0.5869565217391304
0.5869565217391304
0.5869565217391304
0.5
0.5869565217391304
0.5869565217391304
0.5869565217391304
0.5869565217391304
0.5869565217391304
0.5869565217391304
0.5869565217391304
0.5869565217391304
0.5869565217391304
0.5869565217391304
0.5869565217391304
0.5869565217391304
0.5869565217391304
0.5869565217391304
0.5869565217391304
0.5869565217391304
0.5869565217391304
0.5869565217391304
0.5869565217391304
0.4925373134328358
0.5546875
0.5869565217391304
0.5869565217391304
0.5869565217391304
0.5869565217391304
0.5869565217391304
0.5869565217391304
0.4925373134328358
0.5869565217391304
0.5869565217391304
0.6308724832214765
0.6308724832214765
0.6308724832214765
0.5869565217391304
0.5869565217391304
0.5869565217391304
0.5869565217391304
0.5869565217391304
0.5615384615384615
0.5615384615384615
0.5546875
0.5546875
0.5546875
0.5546875
0.5546875
0.5546875
0.5546875
0.5546875
0.5546875
0.5546875
0.5546875
0.5546875
0.5546875
0.5546875
0.5546875
0.5546875
0.5546875
0.5546875
0.5546875
0.5546875
0.5546875
0.5546875
0.5546875
0.5546875
0.5546875
0.5546875
0.5546875
0.5546875
0.5546875
0.5546875
0.5546875
0.5546875
0.5546875
0.5546875
0.5546875
0.5546875
0.5546875
0.5546875
0.5546875
0.5546875
0.5546875
0.5546875
0.5546875
0.5503875968992248
0.5546875
0.5546875
0.5546875
0.5546875
0.5546875
0.5546875
0.5546875
0.5546875
0.5546875
0.5546875
0.5546875
0.5546875
0.5546875
0.5546875
0.5546875
0.5546875
0.5546875
0.5546875
0.5546875
0.5546875
0.5074626865671642
0.5869565217391304
0.5869565217391304
0.5869565217391304
0.5
0.5869565217391304
0.4925373134328358
0.5
0.4925373134328358
0.5
0.5
0.5
0.5
0.5
0.5
0.4925373134328358
0.5
0.5
0.5
0.5
0.5
0.5
0.5
0.5
0.4925373134328358
0.5
0.4925373134328358
0.5
0.5
0.5
0.5
0.5
0.5
0.5
0.5
0.5
0.5
0.5
0.4925373134328358
0.5
0.5
0.5367647058823529
0.6686046511627908
0.6686046511627908
0.4925373134328358
0.6686046511627908
0.5869565217391304
0.6902173913043479
0.525
0.525
0.525
0.525
0.6902173913043479
0.6902173913043479
0.6902173913043479
0.6902173913043479
0.5869565217391304
0.5869565217391304
0.5869565217391304
0.5869565217391304
0.6902173913043479
0.5869565217391304
0.5869565217391304
0.5869565217391304
0.5869565217391304
0.6902173913043479
0.6902173913043479
0.6902173913043479
0.525
0.525
0.525
0.525
0.525
0.525
0.525
0.525
0.525
0.525
0.525
0.525
0.525
0.525
0.6902173913043479
0.525
0.525
0.525
0.525
0.525
0.525
0.525
0.525
0.525
0.525
0.525
0.525
0.525
0.525
0.525
0.525
0.6902173913043479
0.525
0.525
0.6902173913043479
0.6902173913043479
0.6902173913043479
0.6902173913043479
0.6902173913043479
0.6902173913043479
0.6902173913043479
0.6902173913043479
0.6902173913043479
0.6902173913043479
0.6902173913043479
0.6902173913043479
0.6902173913043479
0.6902173913043479
0.6902173913043479
0.6902173913043479
0.6902173913043479
0.6902173913043479
0.5
0.5
0.5
0.5
0.5
0.6474820143884892
0.608
0.6129032258064516
0.7
0.5869565217391304
0.5869565217391304
0.5
0.5966386554621849
0.5916666666666667
0.5916666666666667
0.5916666666666667
0.5916666666666667
0.5916666666666667
0.5869565217391304
0.5869565217391304
0.5869565217391304
0.5869565217391304
0.5869565217391304
0.5546875
0.5546875
0.5546875
0.5546875
0.5546875
0.5546875
0.5869565217391304
0.525
0.525
0.7282608695652174
0.6902173913043479
0.5546875
0.5546875
0.5546875
0.5546875
0.5546875
0.5966386554621849
0.5869565217391304
0.4925373134328358
0.5581395348837209
0.5074626865671642
0.5581395348837209
0.5581395348837209
0.5581395348837209
0.5546875
0.7571428571428571
0.5869565217391304
0.5869565217391304
0.5869565217391304
0.5869565217391304
0.5869565217391304
0.5869565217391304
0.5743243243243243
0.5
0.5147058823529411
0.5
0.5074626865671642
0.6129032258064516
0.5546875
0.5869565217391304
0.5546875
0.5546875
0.5546875
0.5546875
0.5546875
0.5546875
0.5546875
0.5546875
0.5546875
0.5546875
0.5147058823529411
0.5546875
0.5546875
0.5950413223140496
0.7282608695652174
0.6298701298701299
0.6298701298701299
0.6298701298701299
0.7297297297297297
0.5054347826086957
0.5054347826086957
0.7282608695652174
0.7282608695652174
0.7282608695652174
0.7282608695652174
0.7282608695652174
0.7282608695652174
0.7282608695652174
0.7282608695652174
0.7282608695652174
0.7282608695652174
0.7282608695652174
0.7282608695652174
0.7282608695652174
0.7282608695652174
0.7282608695652174
0.7282608695652174
0.7282608695652174
0.7282608695652174
0.7282608695652174
0.7282608695652174
0.7282608695652174
0.7282608695652174
0.7282608695652174
0.7282608695652174
0.7282608695652174
0.7282608695652174
0.7282608695652174
0.7282608695652174
0.7282608695652174
0.7282608695652174
0.5950413223140496
0.5950413223140496
0.5950413223140496
0.5054347826086957
0.5054347826086957
0.7282608695652174
0.7282608695652174
0.7282608695652174
0.7282608695652174
0.7282608695652174
0.7282608695652174
0.7282608695652174
0.7282608695652174
0.5546875
0.5869565217391304
0.5869565217391304
0.5869565217391304
0.5546875
0.5546875
0.7282608695652174
0.5869565217391304
0.5869565217391304
0.5546875
0.5882352941176471
0.5546875
0.5869565217391304
0.6871508379888268
0.5869565217391304
0.525
0.5869565217391304
0.6298701298701299
0.5950413223140496
0.6298701298701299
0.5950413223140496
0.5950413223140496
0.5950413223140496
0.5950413223140496
0.5950413223140496
0.5950413223140496
0.5950413223140496
0.6298701298701299
0.5950413223140496
0.5950413223140496
0.5950413223140496
0.6298701298701299
0.6298701298701299
0.5950413223140496
0.5950413223140496
0.6298701298701299
0.6298701298701299
0.6298701298701299
0.6298701298701299
0.5950413223140496
0.5950413223140496
0.5
0.5546875
0.5869565217391304
0.525
0.5869565217391304
0.7282608695652174
0.7282608695652174
0.7282608695652174
0.7282608695652174
0.7282608695652174
0.5950413223140496
0.7282608695652174
0.7282608695652174
0.7282608695652174
0.7282608695652174
0.5054347826086957
0.5054347826086957
0.7282608695652174
0.7282608695652174
0.7282608695652174
0.7282608695652174
0.6902173913043479
0.5869565217391304
0.525
0.6902173913043479
0.6902173913043479
0.6902173913043479
0.5869565217391304
0.5869565217391304
0.5869565217391304
0.5546875
0.5869565217391304
0.525
0.525
0.6857142857142857
0.6857142857142857
0.5
0.5546875
0.5869565217391304
0.5950413223140496
0.5869565217391304
0.5
0.5
0.5869565217391304
0.5869565217391304
0.5869565217391304
0.5869565217391304
0.5869565217391304
0.5869565217391304
0.5869565217391304
0.5
0.7571428571428571
0.6538461538461539
0.5147058823529411
0.5743243243243243
0.5869565217391304
0.5072463768115942
0.5054347826086957
0.5869565217391304
0.5932203389830508
0.5327868852459017
0.5950413223140496
0.5869565217391304
0.5869565217391304
0.5072463768115942
0.5581395348837209
0.5899280575539568
0.5869565217391304
0.5869565217391304
0.5546875
0.5147058823529411
0.5147058823529411
0.5869565217391304
0.5147058823529411
0.5147058823529411
0.5869565217391304
0.5869565217391304
0.5950413223140496
0.5899280575539568
0.5869565217391304
0.5869565217391304
0.5869565217391304
0.5869565217391304
0.5869565217391304
0.5869565217391304
0.6761904761904762
0.5546875
0.6129032258064516
0.5869565217391304
0.5869565217391304
0.5869565217391304
0.5869565217391304
0.5899280575539568
0.5
0.5950413223140496
0.6474820143884892
0.6474820143884892
0.6474820143884892
0.5950413223140496
0.6474820143884892
0.6474820143884892
0.5869565217391304
0.5869565217391304
0.5566037735849056
0.5566037735849056
0.6016260162601625
0.6016260162601625
0.6016260162601625
0.6016260162601625
0.525
0.5869565217391304
0.5869565217391304
0.5327868852459017
0.5327868852459017
0.5950413223140496
0.6016260162601625
0.6474820143884892
0.5950413223140496
0.5074626865671642
0.5932203389830508
0.5932203389830508
0.5897435897435898
0.5950413223140496
0.5869565217391304
0.5869565217391304
0.525
0.6474820143884892
0.525
0.5950413223140496
0.5950413223140496
0.5869565217391304
0.5869565217391304
0.6016260162601625
0.5899280575539568
0.5546875
0.5147058823529411
0.5074626865671642
0.5074626865671642
0.5074626865671642
0.5074626865671642
0.5869565217391304
0.5074626865671642
