0.5046728971962617
0.5046728971962617
0.012422360248447228
0.5186335403726707
0.5124223602484472
0.0
0.012422360248447228
0.5171339563862929
0.5186335403726707
0.5186335403726707
0.5062111801242236
0.5062111801242236
0.5124223602484472
0.006211180124223614
0.12637362637362637
0.0
0.006211180124223614
0.5062111801242236
0.0
0.0
0.5046728971962617
0.0
0.5046728971962617
0.0
0.5046728971962617
0.5046728971962617
0.0
0.0
0.5046728971962617
0.5046728971962617
0.0
0.5433333333333333
0.5046728971962617
0.0
0.5046728971962617
0.5650793650793651
0.04761904761904767
0.5650793650793651
0.04761904761904767
0.5650793650793651
0.5650793650793651
0.5650793650793651
0.5650793650793651
0.04761904761904767
0.3938053097345132
0.04761904761904767
0.3911111111111111
0.3938053097345132
0.3911111111111111
0.04761904761904767
0.3911111111111111
0.04761904761904767
0.04761904761904767
0.3911111111111111
0.3938053097345132
0.3911111111111111
0.3938053097345132
0.3938053097345132
0.3911111111111111
0.04761904761904767
0.04761904761904767
0.3911111111111111
0.3911111111111111
0.3938053097345132
0.04761904761904767
0.5433333333333333
0.5433333333333333
0.0
0.0
0.5046728971962617
0.04761904761904767
0.3911111111111111
0.04761904761904767
0.3911111111111111
0.3911111111111111
0.3911111111111111
0.3911111111111111
0.04761904761904767
0.5124223602484472
0.5650793650793651
0.04761904761904767
0.04761904761904767
0.3911111111111111
0.0
0.5433333333333333
0.0
0.04761904761904767
0.3938053097345132
0.3911111111111111
0.3938053097345132
0.3911111111111111
0.04761904761904767
0.04761904761904767
0.04761904761904767
0.3938053097345132
0.4903225806451613
0.5062111801242236
0.0
0.5124223602484472
0.5650793650793651
0.04761904761904767
0.5046728971962617
0.5046728971962617
0.04761904761904767
0.2548076923076923
0.0
0.0
0.3911111111111111
0.3911111111111111
0.0
0.5124223602484472
0.5062111801242236
0.0
0.3938053097345132
0.3911111111111111
0.0
0.5046728971962617
0.3938053097345132
0.0
0.0
0.0
0.04761904761904767
0.0
0.04761904761904767
0.04761904761904767
0.04761904761904767
0.0
0.04761904761904767
0.0
0.5046728971962617
0.5046728971962617
0.0
0.0
0.0
0.05590062111801242
0.0
0.05590062111801242
0.3303571428571429
0.3303571428571429
0.5650793650793651
0.0
0.006211180124223614
0.0
0.3938053097345132
0.3938053097345132
