0.1584699453551912
0.1584699453551912
0.020408163265306145
0.020408163265306145
0.020408163265306145
0.020408163265306145
0.020408163265306145
0.020408163265306145
0.020408163265306145
0.020408163265306145
0.0
0.020408163265306145
0.1584699453551912
0.1584699453551912
0.1584699453551912
0.020408163265306145
0.020408163265306145
0.020408163265306145
0.1584699453551912
0.1584699453551912
0.1584699453551912
0.1584699453551912
0.1584699453551912
0.1584699453551912
0.1584699453551912
0.1584699453551912
0.1584699453551912
0.1584699453551912
0.1584699453551912
0.1584699453551912
0.1584699453551912
0.1584699453551912
0.1584699453551912
0.1584699453551912
0.1584699453551912
0.1584699453551912
0.1584699453551912
0.1584699453551912
0.1584699453551912
0.1584699453551912
0.1584699453551912
0.1584699453551912
0.1584699453551912
0.1584699453551912
0.1584699453551912
0.1584699453551912
0.1584699453551912
0.1584699453551912
0.1584699453551912
0.1584699453551912
0.1584699453551912
0.1584699453551912
0.1584699453551912
0.1584699453551912
0.1584699453551912
0.1584699453551912
0.1584699453551912
0.1584699453551912
0.1584699453551912
0.1584699453551912
0.1584699453551912
0.1584699453551912
0.1584699453551912
0.1584699453551912
0.1584699453551912
0.1584699453551912
0.020408163265306145
0.1584699453551912
0.1584699453551912
0.1584699453551912
0.1584699453551912
0.1584699453551912
0.1584699453551912
0.1584699453551912
0.1584699453551912
0.1584699453551912
0.1584699453551912
0.1584699453551912
0.1584699453551912
0.020408163265306145
0.1584699453551912
0.1584699453551912
0.1584699453551912
0.00990099009900991
0.00990099009900991
0.1584699453551912
0.020408163265306145
0.020408163265306145
0.1584699453551912
0.1584699453551912
0.1584699453551912
0.1584699453551912
0.1584699453551912
0.1584699453551912
0.1584699453551912
0.1584699453551912
0.1584699453551912
0.1584699453551912
0.020408163265306145
0.020408163265306145
0.020408163265306145
0.020408163265306145
0.1584699453551912
0.1584699453551912
0.1584699453551912
0.1584699453551912
0.1584699453551912
0.020408163265306145
0.1584699453551912
0.1584699453551912
0.1584699453551912
0.1584699453551912
0.020408163265306145
0.020408163265306145
0.1584699453551912
0.1584699453551912
0.1584699453551912
0.1584699453551912
0.020408163265306145
0.1584699453551912
0.1584699453551912
0.020408163265306145
0.1584699453551912
0.1584699453551912
0.1584699453551912
0.1584699453551912
0.1584699453551912
0.1584699453551912
0.1584699453551912
0.020408163265306145
0.1584699453551912
0.1584699453551912
0.1584699453551912
0.1584699453551912
0.1584699453551912
0.1584699453551912
0.1584699453551912
0.1584699453551912
0.1584699453551912
0.1584699453551912
0.0
0.1472868217054264
0.1472868217054264
0.1428571428571429
0.1584699453551912
0.00990099009900991
0.1483870967741936
0.1584699453551912
0.1584699453551912
0.1584699453551912
0.1584699453551912
