0.6083743842364532
0.6083743842364532
0.4335971855760774
0.6102941176470589
0.6102941176470589
0.43309859154929575
0.4355828220858896
0.6083743842364532
0.6083743842364532
0.6098159509202454
0.6083743842364532
0.6083743842364532
0.6083743842364532
0.4335971855760774
0.4743801652892562
0.4335971855760774
0.4335971855760774
0.6083743842364532
0.4335971855760774
0.4335971855760774
0.6083743842364532
0.4335971855760774
0.6083743842364532
0.4335971855760774
0.6083743842364532
0.6083743842364532
0.4335971855760774
0.4335971855760774
0.6083743842364532
0.6083743842364532
0.4335971855760774
0.6083743842364532
0.6083743842364532
0.4335971855760774
0.6083743842364532
0.6083743842364532
0.4335971855760774
0.6083743842364532
0.4335971855760774
0.6083743842364532
0.6083743842364532
0.6083743842364532
0.6083743842364532
0.4335971855760774
0.6083743842364532
0.4335971855760774
0.6083743842364532
0.6083743842364532
0.6083743842364532
0.4335971855760774
0.6083743842364532
0.4335971855760774
0.4335971855760774
0.6083743842364532
0.6083743842364532
0.6083743842364532
0.6083743842364532
0.6083743842364532
0.6083743842364532
0.4335971855760774
0.4335971855760774
0.6083743842364532
0.6083743842364532
0.6083743842364532
0.4335971855760774
0.6098159509202454
0.6083743842364532
0.4335971855760774
0.4335971855760774
0.6083743842364532
0.4335971855760774
0.6083743842364532
0.4335971855760774
0.6083743842364532
0.6083743842364532
0.6083743842364532
0.6083743842364532
0.4335971855760774
0.6098159509202454
0.6083743842364532
0.4335971855760774
0.4335971855760774
0.6083743842364532
0.43508771929824563
0.6098159509202454
0.4335971855760774
0.4335971855760774
0.6083743842364532
0.6083743842364532
0.6083743842364532
0.6083743842364532
0.4335971855760774
0.4335971855760774
0.4335971855760774
0.6083743842364532
0.5671232876712329
0.6083743842364532
0.4335971855760774
0.6083743842364532
0.6083743842364532
0.4335971855760774
0.6083743842364532
0.6083743842364532
0.4335971855760774
0.5145038167938931
0.4335971855760774
0.4335971855760774
0.6083743842364532
0.6083743842364532
0.4335971855760774
0.6083743842364532
0.6083743842364532
0.4335971855760774
0.6083743842364532
0.6083743842364532
0.4335971855760774
0.6083743842364532
0.6083743842364532
0.4335971855760774
0.4335971855760774
0.4335971855760774
0.4335971855760774
0.4335971855760774
0.4335971855760774
0.4315975286849073
0.4335971855760774
0.4335971855760774
0.4335971855760774
0.4335971855760774
0.6083743842364532
0.6083743842364532
0.4335971855760774
0.4335971855760774
0.4335971855760774
0.44063324538258575
0.4335971855760774
0.4315975286849073
0.4315975286849073
0.4563106796116505
0.6083743842364532
0.433392539964476
0.4335971855760774
0.4335971855760774
0.6083743842364532
0.6083743842364532
