0.2735849056603774
0.2735849056603774
0.040000000000000036
0.040000000000000036
0.040000000000000036
0.040000000000000036
0.040000000000000036
0.040000000000000036
0.040000000000000036
0.040000000000000036
0.0
0.040000000000000036
0.2735849056603774
0.2735849056603774
0.2735849056603774
0.040000000000000036
0.040000000000000036
0.040000000000000036
0.2735849056603774
0.2735849056603774
0.2735849056603774
0.2735849056603774
0.2735849056603774
0.2735849056603774
0.2735849056603774
0.2735849056603774
0.2735849056603774
0.2735849056603774
0.2735849056603774
0.2735849056603774
0.2735849056603774
0.2735849056603774
0.2735849056603774
0.2735849056603774
0.2735849056603774
0.2735849056603774
0.2735849056603774
0.2735849056603774
0.2735849056603774
0.2735849056603774
0.2735849056603774
0.2735849056603774
0.2735849056603774
0.2735849056603774
0.2735849056603774
0.2735849056603774
0.2735849056603774
0.2735849056603774
0.2735849056603774
0.2735849056603774
0.2735849056603774
0.2735849056603774
0.2735849056603774
0.2735849056603774
0.2735849056603774
0.2735849056603774
0.2735849056603774
0.2735849056603774
0.2735849056603774
0.2735849056603774
0.2735849056603774
0.2735849056603774
0.2735849056603774
0.2735849056603774
0.2735849056603774
0.2735849056603774
0.040000000000000036
0.2735849056603774
0.2735849056603774
0.2735849056603774
0.2735849056603774
0.2735849056603774
0.2735849056603774
0.2735849056603774
0.2735849056603774
0.2735849056603774
0.2735849056603774
0.2735849056603774
0.2735849056603774
0.040000000000000036
0.2735849056603774
0.2735849056603774
0.2735849056603774
0.019607843137254943
0.019607843137254943
0.2735849056603774
0.040000000000000036
0.040000000000000036
0.2735849056603774
0.2735849056603774
0.2735849056603774
0.2735849056603774
0.2735849056603774
0.2735849056603774
0.2735849056603774
0.2735849056603774
0.2735849056603774
0.2735849056603774
0.040000000000000036
0.040000000000000036
0.040000000000000036
0.040000000000000036
0.2735849056603774
0.2735849056603774
0.2735849056603774
0.2735849056603774
0.2735849056603774
0.040000000000000036
0.2735849056603774
0.2735849056603774
0.2735849056603774
0.2735849056603774
0.040000000000000036
0.040000000000000036
0.2735849056603774
0.2735849056603774
0.2735849056603774
0.2735849056603774
0.040000000000000036
0.2735849056603774
0.2735849056603774
0.040000000000000036
0.2735849056603774
0.2735849056603774
0.2735849056603774
0.2735849056603774
0.2735849056603774
0.2735849056603774
0.2735849056603774
0.040000000000000036
0.2735849056603774
0.2735849056603774
0.2735849056603774
0.2735849056603774
0.2735849056603774
0.2735849056603774
0.2735849056603774
0.2735849056603774
0.2735849056603774
0.2735849056603774
0.0
0.2567567567567568
0.2567567567567568
0.25
0.2735849056603774
0.019607843137254943
0.2584269662921348
0.2735849056603774
0.2735849056603774
0.2735849056603774
0.2735849056603774
