0.0004344992396263514
0.001662971175166339
0.0016638935108153063
0.0016638935108153063
0.0004344992396263514
0.0016620498614958734
0.0016620498614958734
0.0016638935108153063
0.0011086474501108556
0.001662971175166339
0.0004344992396263514
0.001662971175166339
0.0016638935108153063
0.0004344992396263514
0.001662971175166339
0.0007369196757552876
0.0004344992396263514
0.001662971175166339
0.001662971175166339
0.0016638935108153063
0.001290322580645209
0.0016638935108153063
0.0004344992396263514
0.0004344992396263514
0.0004344992396263514
0.0016638935108153063
0.0016638935108153063
0.0006720430107527431
0.0004344992396263514
0.0004344992396263514
0.001662971175166339
0.0016638935108153063
0.0016638935108153063
0.0004344992396263514
0.0004344992396263514
0.00021729682746629564
0.0004344992396263514
0.0011098779134295356
0.0009074410163338875
0.0004344992396263514
0.0011098779134295356
0.0005975500448162085
0.0016638935108153063
0.0004344992396263514
0.0004344992396263514
0.0004344992396263514
0.0007369196757552876
0.0016638935108153063
0.00021729682746629564
0.0004344992396263514
0.0016638935108153063
0.0016638935108153063
0.0004344992396263514
0.0016638935108153063
0.0004344992396263514
0.001662971175166339
0.0016638935108153063
0.0016638935108153063
0.0005289605924359009
0.0006516072980017329
0.0016638935108153063
0.0004344992396263514
0.0011098779134295356
0.0011098779134295356
0.0016638935108153063
0.001662971175166339
0.0006201550387596733
0.0016638935108153063
0.0004344992396263514
0.001662971175166339
0.0006201550387596733
0.0016638935108153063
0.0016638935108153063
0.001101928374655614
0.0004344992396263514
0.0004344992396263514
0.0016638935108153063
0.0016638935108153063
0.0011092623405435376
0.00021729682746629564
0.0016620498614958734
0.0004344992396263514
0.001662971175166339
0.001101928374655614
0.0016620498614958734
0.0012845215157354373
0.0016638935108153063
0.001662971175166339
0.0005975500448162085
0.0016638935108153063
0.0004344992396263514
0.0004344992396263514
0.0004344992396263514
0.001662971175166339
0.0016638935108153063
0.0004344992396263514
0.001662971175166339
0.0005989817310572132
0.0004344992396263514
0.0016638935108153063
0.0011092623405435376
0.00021729682746629564
0.001662971175166339
0.0016638935108153063
0.0011098779134295356
0.0004344992396263514
0.0012845215157354373
0.0016638935108153063
0.0016638935108153063
0.0004344992396263514
0.0016638935108153063
0.0003588087549336594
0.0004344992396263514
0.0016638935108153063
0.0016638935108153063
0.0004344992396263514
0.0006516072980017329
0.001662971175166339
0.001662971175166339
0.0016638935108153063
0.0006720430107527431
0.0011092623405435376
0.001662971175166339
0.0016638935108153063
0.0016638935108153063
0.0004344992396263514
0.000619962802231866
0.001662971175166339
0.001662971175166339
0.0004344992396263514
0.0004344992396263514
0.001662971175166339
0.0012845215157354373
0.001662971175166339
0.001662971175166339
0.0004344992396263514
0.000619962802231866
0.0011092623405435376
0.0016638935108153063
0.001662971175166339
0.0011092623405435376
0.0004344992396263514
0.0016638935108153063
0.001290322580645209
0.0016638935108153063
0.0006201550387596733
0.0011049723756906271
0.00021729682746629564
0.001662971175166339
0.001290322580645209
0.0004344992396263514
0.0016638935108153063
0.0016638935108153063
0.0016638935108153063
0.0016638935108153063
0.0016638935108153063
0.00039502271380609244
0.0016638935108153063
0.0004344992396263514
0.0004344992396263514
0.0012395413696931756
0.001290322580645209
0.0004344992396263514
0.0004344992396263514
0.001662971175166339
0.0004344992396263514
0.0004848484848485324
0.001662971175166339
0.0006720430107527431
0.0016638935108153063
0.001662971175166339
0.0016638935108153063
0.0016638935108153063
0.0011098779134295356
0.000619962802231866
0.0016638935108153063
0.0004344992396263514
0.0004344992396263514
0.001662971175166339
0.0007369196757552876
0.0005975500448162085
0.001662971175166339
0.0004344992396263514
0.001290322580645209
0.0016638935108153063
0.00021729682746629564
0.0006455777921239303
0.001662971175166339
0.0004344992396263514
0.0004344992396263514
0.0016638935108153063
0.0016638935108153063
0.0007369196757552876
0.0011092623405435376
0.0004344992396263514
0.0005989817310572132
0.001662971175166339
0.0011092623405435376
0.0016638935108153063
0.0004344992396263514
0.0004344992396263514
0.0016638935108153063
0.0004344992396263514
0.0016638935108153063
0.0004344992396263514
0.001290322580645209
0.0016638935108153063
0.0016638935108153063
0.0004344992396263514
0.0016638935108153063
0.00021729682746629564
0.0004344992396263514
0.001662971175166339
0.0004344992396263514
0.000619962802231866
0.000619962802231866
0.0004848484848485324
0.0011098779134295356
0.001662971175166339
0.0004344992396263514
0.0016638935108153063
0.0004344992396263514
0.0016638935108153063
0.0004344992396263514
0.0016638935108153063
0.000619962802231866
0.0016638935108153063
0.001290322580645209
0.001662971175166339
0.0011092623405435376
0.0004344992396263514
0.001662971175166339
0.0004344992396263514
0.001662971175166339
0.0004344992396263514
0.0016638935108153063
0.0016638935108153063
0.0007369196757552876
0.0016620498614958734
0.0016638935108153063
0.0011049723756906271
0.001662971175166339
0.0011092623405435376
0.001290322580645209
0.0016638935108153063
0.001662971175166339
0.0004344992396263514
0.0016638935108153063
0.000619962802231866
0.001662971175166339
0.0009074410163338875
0.0011092623405435376
0.0006201550387596733
0.0004344992396263514
0.0011092623405435376
0.001662971175166339
0.0011092623405435376
0.0004344992396263514
0.0004344992396263514
0.001662971175166339
0.0016638935108153063
0.001662971175166339
0.001662971175166339
0.001662971175166339
0.0016638935108153063
0.001662971175166339
0.0016638935108153063
0.0016638935108153063
0.001662971175166339
0.0004344992396263514
0.0004344992396263514
0.0011092623405435376
0.0004344992396263514
0.0016638935108153063
0.0016638935108153063
0.0004344992396263514
0.0012894906511927706
0.0016638935108153063
0.0016638935108153063
0.0004344992396263514
0.0016638935108153063
0.0006720430107527431
0.0011092623405435376
0.001290322580645209
0.0016638935108153063
0.0004344992396263514
0.0016638935108153063
0.0016638935108153063
0.0004344992396263514
0.001662971175166339
0.0011092623405435376
0.0016638935108153063
0.0004344992396263514
0.0016638935108153063
0.0016638935108153063
0.0004344992396263514
0.0016620498614958734
0.001662971175166339
0.001290322580645209
0.001662971175166339
0.0007369196757552876
0.0011092623405435376
0.0016638935108153063
0.0016638935108153063
0.001290322580645209
0.000619962802231866
0.0016638935108153063
0.0004344992396263514
0.001290322580645209
0.0016638935108153063
0.0012395413696931756
0.0016528925619834212
0.0016638935108153063
0.0016638935108153063
0.0016638935108153063
0.0004344992396263514
0.0016638935108153063
0.001662971175166339
0.0016638935108153063
0.001290322580645209
0.0011092623405435376
0.0011092623405435376
0.0011092623405435376
0.0006720430107527431
0.001662971175166339
0.0016638935108153063
0.001290322580645209
0.0004344992396263514
0.0016638935108153063
0.0004344992396263514
0.000619962802231866
0.0016638935108153063
0.0011098779134295356
0.0016638935108153063
0.0006201550387596733
0.0003588087549336594
0.0006720430107527431
0.000619962802231866
0.0005289605924359009
0.0016638935108153063
0.0004344992396263514
0.0016638935108153063
0.001290322580645209
0.0004344992396263514
0.0004344992396263514
0.0016638935108153063
0.0016638935108153063
0.0004849660523763566
0.0007369196757552876
0.0004344992396263514
0.0011092623405435376
0.0004344992396263514
0.001662971175166339
0.0016638935108153063
0.0011092623405435376
0.0016638935108153063
0.0011098779134295356
0.001290322580645209
0.000619962802231866
0.0004344992396263514
0.0016638935108153063
0.001662971175166339
0.0004344992396263514
0.0004344992396263514
0.0016638935108153063
0.0016638935108153063
0.0004344992396263514
0.001662971175166339
0.0004344992396263514
0.001662971175166339
0.0016638935108153063
0.00021729682746629564
0.0004344992396263514
0.0011098779134295356
0.0011092623405435376
0.0004344992396263514
0.001662971175166339
0.0009296560272699095
0.001662971175166339
0.0016638935108153063
0.0011086474501108556
0.0011092623405435376
0.0016638935108153063
0.0016638935108153063
0.0016638935108153063
0.0016638935108153063
0.0016638935108153063
0.0004344992396263514
0.0004344992396263514
0.0016638935108153063
0.0004344992396263514
0.0016638935108153063
0.0004344992396263514
0.0016638935108153063
0.0004344992396263514
0.00021729682746629564
0.001662971175166339
0.0016638935108153063
0.0004344992396263514
0.0016638935108153063
0.001662971175166339
0.0004344992396263514
0.0016620498614958734
0.0004344992396263514
0.0016638935108153063
0.0004344992396263514
0.0009299442033477989
0.0004344992396263514
0.000619962802231866
0.001290322580645209
0.0016638935108153063
0.0005989817310572132
0.0004344992396263514
0.001662971175166339
0.0004848484848485324
0.000619962802231866
0.0016638935108153063
0.0016638935108153063
0.0016638935108153063
0.0006201550387596733
0.0016638935108153063
0.0007369196757552876
0.0011086474501108556
0.0006720430107527431
0.0004344992396263514
0.0004344992396263514
0.000619962802231866
0.0016638935108153063
0.0016638935108153063
0.0016638935108153063
0.001290322580645209
0.001662971175166339
0.0006201550387596733
0.001290322580645209
0.0011098779134295356
0.0016638935108153063
0.0016638935108153063
0.0007369196757552876
0.001290322580645209
0.0011092623405435376
0.001662971175166339
0.0016638935108153063
0.001662971175166339
0.0011098779134295356
0.001662971175166339
0.000619962802231866
0.0016638935108153063
0.0016638935108153063
0.0016638935108153063
0.0007369196757552876
0.0016638935108153063
0.000619962802231866
0.0011098779134295356
0.0016638935108153063
0.0009074410163338875
0.0016528925619834212
0.0016638935108153063
0.0016638935108153063
0.001662971175166339
0.000619962802231866
0.0004344992396263514
0.0006201550387596733
0.0011092623405435376
0.0004344992396263514
0.0004344992396263514
0.001662971175166339
0.0016620498614958734
0.0016638935108153063
0.0016638935108153063
0.0007369196757552876
0.0001862544235425867
0.0016638935108153063
0.0011092623405435376
0.0016638935108153063
0.001662971175166339
0.0007369196757552876
0.0016638935108153063
0.0011086474501108556
0.0004344992396263514
0.0004344992396263514
0.0004344992396263514
0.0016638935108153063
0.0004344992396263514
0.0004344992396263514
0.00021729682746629564
0.0016638935108153063
0.0016638935108153063
0.0005989817310572132
0.0004848484848485324
0.0016638935108153063
0.0016638935108153063
0.0007369196757552876
0.0011092623405435376
0.0004344992396263514
0.001662971175166339
0.0016638935108153063
0.0016620498614958734
0.001662971175166339
0.0004344992396263514
0.0006201550387596733
0.0016638935108153063
0.0004344992396263514
0.0007369196757552876
0.000619962802231866
0.0006720430107527431
0.0004344992396263514
0.0016638935108153063
0.0005549389567147678
0.0004344992396263514
0.0004344992396263514
0.0016638935108153063
0.0004344992396263514
0.0016638935108153063
0.0004344992396263514
0.0011092623405435376
0.00021729682746629564
0.001290322580645209
0.00021729682746629564
0.0011086474501108556
0.0004344992396263514
0.0004344992396263514
0.0016638935108153063
0.0004344992396263514
0.0004344992396263514
0.0011092623405435376
0.0004344992396263514
0.00021729682746629564
0.0004344992396263514
0.0016638935108153063
0.0016638935108153063
0.0016638935108153063
0.00021729682746629564
0.000619962802231866
0.0004344992396263514
0.0016638935108153063
0.001290322580645209
0.0004344992396263514
0.0004344992396263514
0.001662971175166339
0.0016528925619834212
0.0007369196757552876
0.0004344992396263514
0.0006720430107527431
0.0016638935108153063
0.0004344992396263514
0.0011049723756906271
0.001662971175166339
0.0016620498614958734
0.0016638935108153063
0.001662971175166339
0.0016638935108153063
0.0016638935108153063
0.00021729682746629564
0.0016638935108153063
0.0004344992396263514
0.0016638935108153063
0.0016620498614958734
0.0004344992396263514
0.0005975500448162085
0.0004344992396263514
0.001662971175166339
0.0004344992396263514
0.0016638935108153063
0.00021729682746629564
0.0011098779134295356
0.0004344992396263514
0.0005549389567147678
0.0004848484848485324
0.0004848484848485324
0.0005975500448162085
0.0007369196757552876
0.0016638935108153063
0.0016638935108153063
0.0016638935108153063
0.0009074410163338875
0.0016638935108153063
0.0016638935108153063
0.001101928374655614
0.001290322580645209
0.0016638935108153063
0.0006201550387596733
0.0016638935108153063
0.0004344992396263514
0.00031007751937983663
0.0016638935108153063
0.001662971175166339
0.001101928374655614
0.0016638935108153063
0.002216066481994461
0.0011092623405435376
0.0004344992396263514
0.0016638935108153063
0.0011092623405435376
