0.008082622361921869
0.022893772893772892
0.008082622361921869
0.0009053870529651426
0.008082622361921869
0.05363036303630363
0.000968054211035818
0.0009037505648441031
0.0019342359767891683
0.022893772893772892
0.0019342359767891683
0.007027697395618024
0.00735930735930736
0.007182087029995775
0.0009727626459143969
0.007157894736842105
0.007115948095437421
0.0007604562737642585
0.0009671179883945841
0.008082622361921869
0.00743801652892562
0.008082622361921869
0.014199655765920827
0.0074430823117338
0.029783393501805054
