0.32470711662878127
0.32425353588266104
0.3459270845866923
0.5362200435729847
0.32470711662878127
0.4621920865161788
0.3563027994036774
0.3243668122270742
0.32470711662878127
0.5362200435729847
0.3248207101626728
0.3459270845866923
0.32470711662878127
0.3248207101626728
0.4621920865161788
0.3248207101626728
0.3565594265710952
0.3248207101626728
0.32470711662878127
0.7546315356113626
0.32470258922323303
0.3248207101626728
0.5365122615803815
0.32470711662878127
0.3248207101626728
0.35640940708843993
0.3994678829342455
0.3245890171388598
0.35608456800399535
0.32448480614739783
0.35640940708843993
0.32425353588266104
0.35608456800399535
0.3245890171388598
0.4621920865161788
0.3248207101626728
0.35608456800399535
0.7576636288318144
0.32470711662878127
0.35608456800399535
0.3994678829342455
0.7546315356113626
0.3243668122270742
0.32470711662878127
