0.49425720203351536
0.49388523047977423
0.4969801553062985
0.49425720203351536
0.47877204441541477
0.4801498127340824
0.486969175816907
0.49425720203351536
0.4585152838427948
0.4801498127340824
0.47877204441541477
0.4610318331503842
0.49388523047977423
0.49425720203351536
0.49622166246851385
0.48597422289613346
0.4586630286493861
0.46117969821673527
0.4801498127340824
0.49425720203351536
0.4586630286493861
0.47877204441541477
0.48597422289613346
0.46143288498490254
0.49425720203351536
0.49425720203351536
0.47976011994003
0.4801498127340824
0.4939759036144578
0.49425720203351536
0.47877204441541477
0.47976011994003
0.4801498127340824
0.4585152838427948
0.49425720203351536
0.4915254237288136
0.4801498127340824
0.4558782069354384
0.4907348242811502
0.49425720203351536
0.49425720203351536
0.486969175816907
0.4586630286493861
0.47976011994003
0.4801498127340824
0.4586630286493861
0.47976011994003
0.46143288498490254
0.49416195856873824
0.4612850082372323
0.49425720203351536
0.47870394564933366
0.4584128715571312
0.4808702175543886
0.4586630286493861
0.4801498127340824
0.4801498127340824
0.47877204441541477
0.46143288498490254
0.46143288498490254
0.49425720203351536
0.44635544635544633
0.4754833286634912
0.4586630286493861
0.4586630286493861
0.4801498127340824
0.47976011994003
0.4612850082372323
0.49425720203351536
0.46117969821673527
0.48558421851289835
0.7648809523809523
0.486712224753227
0.4586630286493861
0.4586630286493861
0.47877204441541477
0.47877204441541477
0.47864698968264335
0.47877204441541477
0.4586630286493861
0.4586630286493861
0.49416195856873824
0.4584128715571312
0.45536468600394253
0.49388523047977423
0.49407114624505927
0.46117969821673527
0.4801498127340824
0.49388523047977423
0.49378998870907037
0.4585152838427948
0.44562551103843007
0.4584128715571312
0.4801498127340824
0.45536468600394253
0.47976011994003
0.4586630286493861
0.49416195856873824
0.46143288498490254
0.4585152838427948
0.49425720203351536
0.4801498127340824
0.47864698968264335
0.47864698968264335
0.45536468600394253
0.4801498127340824
0.47533632286995514
0.46143288498490254
0.49622166246851385
0.49425720203351536
0.47976011994003
0.47870394564933366
0.45536468600394253
0.7648809523809523
0.4586630286493861
0.4584128715571312
0.49388523047977423
0.49425720203351536
