0.00021729682746629564
0.0008321775312066793
0.0008326394671107629
0.0008326394671107629
0.00021729682746629564
0.000831716107568603
0.000831716107568603
0.0008326394671107629
0.0005546311702717688
0.0008321775312066793
0.00021729682746629564
0.0008321775312066793
0.0008326394671107629
0.00021729682746629564
0.0008321775312066793
0.00036859565057134613
0.00021729682746629564
0.0008321775312066793
0.0008321775312066793
0.0008326394671107629
0.0006455777921239303
0.0008326394671107629
0.00021729682746629564
0.00021729682746629564
0.00021729682746629564
0.0008326394671107629
0.0008326394671107629
0.0003361344537815558
0.00021729682746629564
0.00021729682746629564
0.0008321775312066793
0.0008326394671107629
0.0008326394671107629
0.00021729682746629564
0.00021729682746629564
0.00010866021949362814
0.00021729682746629564
0.0005552470849528035
0.00045392646391284597
0.00021729682746629564
0.0005552470849528035
0.0002988643156006665
0.0008326394671107629
0.00021729682746629564
0.00021729682746629564
0.00021729682746629564
0.00036859565057134613
0.0008326394671107629
0.00010866021949362814
0.00021729682746629564
0.0008326394671107629
0.0008326394671107629
0.00021729682746629564
0.0008326394671107629
0.00021729682746629564
0.0008321775312066793
0.0008326394671107629
0.0008326394671107629
0.0002645502645503006
0.00032590983161329135
0.0008326394671107629
0.00021729682746629564
0.0005552470849528035
0.0005552470849528035
0.0008326394671107629
0.0008321775312066793
0.00031017369727048827
0.0008326394671107629
0.00021729682746629564
0.0008321775312066793
0.00031017369727048827
0.0008326394671107629
0.0008326394671107629
0.0005512679162072986
0.00021729682746629564
0.00021729682746629564
0.0008326394671107629
0.0008326394671107629
0.0005549389567147678
0.00010866021949362814
0.000831716107568603
0.00021729682746629564
0.0008321775312066793
0.0005512679162072986
0.000831716107568603
0.0006426735218508783
0.0008326394671107629
0.0008321775312066793
0.0002988643156006665
0.0008326394671107629
0.00021729682746629564
0.00021729682746629564
0.00021729682746629564
0.0008321775312066793
0.0008326394671107629
0.00021729682746629564
0.0008321775312066793
0.0002995805871779389
0.00021729682746629564
0.0008326394671107629
0.0005549389567147678
0.00010866021949362814
0.0008321775312066793
0.0008326394671107629
0.0005552470849528035
0.00021729682746629564
0.0006426735218508783
0.0008326394671107629
0.0008326394671107629
0.00021729682746629564
0.0008326394671107629
0.00017943656917285278
0.00021729682746629564
0.0008326394671107629
0.0008326394671107629
0.00021729682746629564
0.00032590983161329135
0.0008321775312066793
0.0008321775312066793
0.0008326394671107629
0.0003361344537815558
0.0005549389567147678
0.0008321775312066793
0.0008326394671107629
0.0008326394671107629
0.00021729682746629564
0.00031007751937983663
0.0008321775312066793
0.0008321775312066793
0.00021729682746629564
0.00021729682746629564
0.0008321775312066793
0.0006426735218508783
0.0008321775312066793
0.0008321775312066793
0.00021729682746629564
0.00031007751937983663
0.0005549389567147678
0.0008326394671107629
0.0008321775312066793
0.0005549389567147678
0.00021729682746629564
0.0008326394671107629
0.0006455777921239303
0.0008326394671107629
0.00031017369727048827
0.0005527915975677145
0.00010866021949362814
0.0008321775312066793
0.0006455777921239303
0.00021729682746629564
0.0008326394671107629
0.0008326394671107629
0.0008326394671107629
0.0008326394671107629
0.0008326394671107629
0.00019755037534574527
0.0008326394671107629
0.00021729682746629564
0.00021729682746629564
0.0006201550387596733
0.0006455777921239303
0.00021729682746629564
0.00021729682746629564
0.0008321775312066793
0.00021729682746629564
0.00024248302618812279
0.0008321775312066793
0.0003361344537815558
0.0008326394671107629
0.0008321775312066793
0.0008326394671107629
0.0008326394671107629
0.0005552470849528035
0.00031007751937983663
0.0008326394671107629
0.00021729682746629564
0.00021729682746629564
0.0008321775312066793
0.00036859565057134613
0.0002988643156006665
0.0008321775312066793
0.00021729682746629564
0.0006455777921239303
0.0008326394671107629
0.00010866021949362814
0.0003228931223765441
0.0008321775312066793
0.00021729682746629564
0.00021729682746629564
0.0008326394671107629
0.0008326394671107629
0.00036859565057134613
0.0005549389567147678
0.00021729682746629564
0.0002995805871779389
0.0008321775312066793
0.0005549389567147678
0.0008326394671107629
0.00021729682746629564
0.00021729682746629564
0.0008326394671107629
0.00021729682746629564
0.0008326394671107629
0.00021729682746629564
0.0006455777921239303
0.0008326394671107629
0.0008326394671107629
0.00021729682746629564
0.0008326394671107629
0.00010866021949362814
0.00021729682746629564
0.0008321775312066793
0.00021729682746629564
0.00031007751937983663
0.00031007751937983663
0.00024248302618812279
0.0005552470849528035
0.0008321775312066793
0.00021729682746629564
0.0008326394671107629
0.00021729682746629564
0.0008326394671107629
0.00021729682746629564
0.0008326394671107629
0.00031007751937983663
0.0008326394671107629
0.0006455777921239303
0.0008321775312066793
0.0005549389567147678
0.00021729682746629564
0.0008321775312066793
0.00021729682746629564
0.0008321775312066793
0.00021729682746629564
0.0008326394671107629
0.0008326394671107629
0.00036859565057134613
0.000831716107568603
0.0008326394671107629
0.0005527915975677145
0.0008321775312066793
0.0005549389567147678
0.0006455777921239303
0.0008326394671107629
0.0008321775312066793
0.00021729682746629564
0.0008326394671107629
0.00031007751937983663
0.0008321775312066793
0.00045392646391284597
0.0005549389567147678
0.00031017369727048827
0.00021729682746629564
0.0005549389567147678
0.0008321775312066793
0.0005549389567147678
0.00021729682746629564
0.00021729682746629564
0.0008321775312066793
0.0008326394671107629
0.0008321775312066793
0.0008321775312066793
0.0008321775312066793
0.0008326394671107629
0.0008321775312066793
0.0008326394671107629
0.0008326394671107629
0.0008321775312066793
0.00021729682746629564
0.00021729682746629564
0.0005549389567147678
0.00021729682746629564
0.0008326394671107629
0.0008326394671107629
0.00021729682746629564
0.000645161290322549
0.0008326394671107629
0.0008326394671107629
0.00021729682746629564
0.0008326394671107629
0.0003361344537815558
0.0005549389567147678
0.0006455777921239303
0.0008326394671107629
0.00021729682746629564
0.0008326394671107629
0.0008326394671107629
0.00021729682746629564
0.0008321775312066793
0.0005549389567147678
0.0008326394671107629
0.00021729682746629564
0.0008326394671107629
0.0008326394671107629
0.00021729682746629564
0.000831716107568603
0.0008321775312066793
0.0006455777921239303
0.0008321775312066793
0.00036859565057134613
0.0005549389567147678
0.0008326394671107629
0.0008326394671107629
0.0006455777921239303
0.00031007751937983663
0.0008326394671107629
0.00021729682746629564
0.0006455777921239303
0.0008326394671107629
0.0006201550387596733
0.0008271298593879317
0.0008326394671107629
0.0008326394671107629
0.0008326394671107629
0.00021729682746629564
0.0008326394671107629
0.0008321775312066793
0.0008326394671107629
0.0006455777921239303
0.0005549389567147678
0.0005549389567147678
0.0005549389567147678
0.0003361344537815558
0.0008321775312066793
0.0008326394671107629
0.0006455777921239303
0.00021729682746629564
0.0008326394671107629
0.00021729682746629564
0.00031007751937983663
0.0008326394671107629
0.0005552470849528035
0.0008326394671107629
0.00031017369727048827
0.00017943656917285278
0.0003361344537815558
0.00031007751937983663
0.0002645502645503006
0.0008326394671107629
0.00021729682746629564
0.0008326394671107629
0.0006455777921239303
0.00021729682746629564
0.00021729682746629564
0.0008326394671107629
0.0008326394671107629
0.0002425418384671696
0.00036859565057134613
0.00021729682746629564
0.0005549389567147678
0.00021729682746629564
0.0008321775312066793
0.0008326394671107629
0.0005549389567147678
0.0008326394671107629
0.0005552470849528035
0.0006455777921239303
0.00031007751937983663
0.00021729682746629564
0.0008326394671107629
0.0008321775312066793
0.00021729682746629564
0.00021729682746629564
0.0008326394671107629
0.0008326394671107629
0.00021729682746629564
0.0008321775312066793
0.00021729682746629564
0.0008321775312066793
0.0008326394671107629
0.00010866021949362814
0.00021729682746629564
0.0005552470849528035
0.0005549389567147678
0.00021729682746629564
0.0008321775312066793
0.00046504417919701613
0.0008321775312066793
0.0008326394671107629
0.0005546311702717688
0.0005549389567147678
0.0008326394671107629
0.0008326394671107629
0.0008326394671107629
0.0008326394671107629
0.0008326394671107629
0.00021729682746629564
0.00021729682746629564
0.0008326394671107629
0.00021729682746629564
0.0008326394671107629
0.00021729682746629564
0.0008326394671107629
0.00021729682746629564
0.00010866021949362814
0.0008321775312066793
0.0008326394671107629
0.00021729682746629564
0.0008326394671107629
0.0008321775312066793
0.00021729682746629564
0.000831716107568603
0.00021729682746629564
0.0008326394671107629
0.00021729682746629564
0.0004651884013024965
0.00021729682746629564
0.00031007751937983663
0.0006455777921239303
0.0008326394671107629
0.0002995805871779389
0.00021729682746629564
0.0008321775312066793
0.00024248302618812279
0.00031007751937983663
0.0008326394671107629
0.0008326394671107629
0.0008326394671107629
0.00031017369727048827
0.0008326394671107629
0.00036859565057134613
0.0005546311702717688
0.0003361344537815558
0.00021729682746629564
0.00021729682746629564
0.00031007751937983663
0.0008326394671107629
0.0008326394671107629
0.0008326394671107629
0.0006455777921239303
0.0008321775312066793
0.00031017369727048827
0.0006455777921239303
0.0005552470849528035
0.0008326394671107629
0.0008326394671107629
0.00036859565057134613
0.0006455777921239303
0.0005549389567147678
0.0008321775312066793
0.0008326394671107629
0.0008321775312066793
0.0005552470849528035
0.0008321775312066793
0.00031007751937983663
0.0008326394671107629
0.0008326394671107629
0.0008326394671107629
0.00036859565057134613
0.0008326394671107629
0.00031007751937983663
0.0005552470849528035
0.0008326394671107629
0.00045392646391284597
0.0008271298593879317
0.0008326394671107629
0.0008326394671107629
0.0008321775312066793
0.00031007751937983663
0.00021729682746629564
0.00031017369727048827
0.0005549389567147678
0.00021729682746629564
0.00021729682746629564
0.0008321775312066793
0.000831716107568603
0.0008326394671107629
0.0008326394671107629
0.00036859565057134613
9.31358852566122e-05
0.0008326394671107629
0.0005549389567147678
0.0008326394671107629
0.0008321775312066793
0.00036859565057134613
0.0008326394671107629
0.0005546311702717688
0.00021729682746629564
0.00021729682746629564
0.00021729682746629564
0.0008326394671107629
0.00021729682746629564
0.00021729682746629564
0.00010866021949362814
0.0008326394671107629
0.0008326394671107629
0.0002995805871779389
0.00024248302618812279
0.0008326394671107629
0.0008326394671107629
0.00036859565057134613
0.0005549389567147678
0.00021729682746629564
0.0008321775312066793
0.0008326394671107629
0.000831716107568603
0.0008321775312066793
0.00021729682746629564
0.00031017369727048827
0.0008326394671107629
0.00021729682746629564
0.00036859565057134613
0.00031007751937983663
0.0003361344537815558
0.00021729682746629564
0.0008326394671107629
0.00027754648903688395
0.00021729682746629564
0.00021729682746629564
0.0008326394671107629
0.00021729682746629564
0.0008326394671107629
0.00021729682746629564
0.0005549389567147678
0.00010866021949362814
0.0006455777921239303
0.00010866021949362814
0.0005546311702717688
0.00021729682746629564
0.00021729682746629564
0.0008326394671107629
0.00021729682746629564
0.00021729682746629564
0.0005549389567147678
0.00021729682746629564
0.00010866021949362814
0.00021729682746629564
0.0008326394671107629
0.0008326394671107629
0.0008326394671107629
0.00010866021949362814
0.00031007751937983663
0.00021729682746629564
0.0008326394671107629
0.0006455777921239303
0.00021729682746629564
0.00021729682746629564
0.0008321775312066793
0.0008271298593879317
0.00036859565057134613
0.00021729682746629564
0.0003361344537815558
0.0008326394671107629
0.00021729682746629564
0.0005527915975677145
0.0008321775312066793
0.000831716107568603
0.0008326394671107629
0.0008321775312066793
0.0008326394671107629
0.0008326394671107629
0.00010866021949362814
0.0008326394671107629
0.00021729682746629564
0.0008326394671107629
0.000831716107568603
0.00021729682746629564
0.0002988643156006665
0.00021729682746629564
0.0008321775312066793
0.00021729682746629564
0.0008326394671107629
0.00010866021949362814
0.0005552470849528035
0.00021729682746629564
0.00027754648903688395
0.00024248302618812279
0.00024248302618812279
0.0002988643156006665
0.00036859565057134613
0.0008326394671107629
0.0008326394671107629
0.0008326394671107629
0.00045392646391284597
0.0008326394671107629
0.0008326394671107629
0.0005512679162072986
0.0006455777921239303
0.0008326394671107629
0.00031017369727048827
0.0008326394671107629
0.00021729682746629564
0.0001550628004342025
0.0008326394671107629
0.0008321775312066793
0.0005512679162072986
0.0008326394671107629
0.0011092623405435376
0.0005549389567147678
0.00021729682746629564
0.0008326394671107629
0.0005549389567147678
