0.3282480930348881
0.32792004996876956
0.330654420206659
0.3282480930348881
0.31472735079433234
0.31591917200591424
0.32185013552505026
0.3282480930348881
0.2974504249291785
0.31591917200591424
0.31472735079433234
0.2995720399429387
0.32792004996876956
0.3282480930348881
0.3299832495812395
0.3209814722083125
0.29757479199858383
0.2996969156712427
0.31591917200591424
0.3282480930348881
0.29757479199858383
0.31472735079433234
0.3209814722083125
0.29991079393398756
0.3282480930348881
0.3282480930348881
0.31558185404339245
0.31591917200591424
0.32799999999999996
0.3282480930348881
0.31472735079433234
0.31558185404339245
0.31591917200591424
0.2974504249291785
0.3282480930348881
0.3258426966292135
0.31591917200591424
0.2952346174913274
0.32514817950889074
0.3282480930348881
0.3282480930348881
0.32185013552505026
0.29757479199858383
0.31558185404339245
0.31591917200591424
0.29757479199858383
0.31558185404339245
0.29991079393398756
0.32816408204102054
0.2997858672376874
0.3282480930348881
0.314668498797664
0.2973642313815673
0.31654320987654316
0.29757479199858383
0.31591917200591424
0.31591917200591424
0.31472735079433234
0.29991079393398756
0.29991079393398756
0.3282480930348881
0.2872957301001582
0.31189119647123686
0.29757479199858383
0.29757479199858383
0.31591917200591424
0.31558185404339245
0.2997858672376874
0.3282480930348881
0.2996969156712427
0.32064128256513025
0.619277108433735
0.3216256899147014
0.29757479199858383
0.29757479199858383
0.31472735079433234
0.31472735079433234
0.3146192806249464
0.31472735079433234
0.29757479199858383
0.29757479199858383
0.32816408204102054
0.2973642313815673
0.2948040109389244
0.32792004996876956
0.32808398950131235
0.2996969156712427
0.31591917200591424
0.32792004996876956
0.3278360819590205
0.2974504249291785
0.28669121514992113
0.2973642313815673
0.31591917200591424
0.2948040109389244
0.31558185404339245
0.29757479199858383
0.32816408204102054
0.29991079393398756
0.2974504249291785
0.3282480930348881
0.31591917200591424
0.3146192806249464
0.3146192806249464
0.2948040109389244
0.31591917200591424
0.31176470588235294
0.29991079393398756
0.3299832495812395
0.3282480930348881
0.31558185404339245
0.314668498797664
0.2948040109389244
0.619277108433735
0.29757479199858383
0.2973642313815673
0.32792004996876956
0.3282480930348881
