0.49023231256599786
0.48971518987341767
0.5140354013946005
0.6981031731962418
0.49023231256599786
0.6321906550833529
0.5254030288226673
0.48984436824056976
0.49023231256599786
0.6981031731962418
0.4903617639292316
0.5140354013946005
0.49023231256599786
0.4903617639292316
0.6321906550833529
0.4903617639292316
0.5256819857458834
0.4903617639292316
0.49023231256599786
0.8601595495072736
0.4902271526677232
0.4903617639292316
0.6983507714133712
0.49023231256599786
0.4903617639292316
0.5255189255189255
0.5708853883758827
0.4900977026670188
0.5251657255094525
0.4899789029535865
0.5255189255189255
0.48971518987341767
0.5251657255094525
0.4900977026670188
0.6321906550833529
0.4903617639292316
0.5251657255094525
0.8621258543483384
0.49023231256599786
0.5251657255094525
0.5708853883758827
0.8601595495072736
0.48984436824056976
0.49023231256599786
