0.00037216226274661146
0.0003716090672611916
0.0
0.00037216226274661146
0.0002505637684790951
0.0014388489208633226
0.0002577984016498558
0.00037216226274661146
0.0
0.0014388489208633226
0.0002505637684790951
0.0
0.0003716090672611916
0.00037216226274661146
0.0003844675124952124
0.0
0.0005037783375314575
0.0005089058524172518
0.0014388489208633226
0.00037216226274661146
0.0005037783375314575
0.0002505637684790951
0.0
0.0005094243504839557
0.00037216226274661146
0.00037216226274661146
0.0
0.0014388489208633226
0.0
0.00037216226274661146
0.0002505637684790951
0.0
0.0
0.0
0.00037216226274661146
0.0006285355122563896
0.0
0.0005178663904712444
0.0
0.00037216226274661146
0.00037216226274661146
0.0002577984016498558
0.0005037783375314575
0.0
0.0014388489208633226
0.0005037783375314575
0.0
0.0005094243504839557
0.0
0.0
0.00037216226274661146
0.0
0.0005032712632109249
0.0014430014430014682
0.0005037783375314575
0.0014388489208633226
0.0014388489208633226
0.0002505637684790951
0.0005094243504839557
0.0005094243504839557
0.00037216226274661146
0.001477104874446078
0.0005339028296850179
0.0005037783375314575
0.0005037783375314575
0.0
0.0
0.0
0.00037216226274661146
0.0005089058524172518
0.0
0.0012642225031606058
0.0
0.0005037783375314575
0.0005037783375314575
0.0002505637684790951
0.0002505637684790951
0.0002504382669672456
0.0002505637684790951
0.0005037783375314575
0.0005037783375314575
0.0
0.0005032712632109249
0.000516795865633024
0.0003716090672611916
0.00037188545927857586
0.0005089058524172518
0.0
0.0003716090672611916
0.0
0.0
0.0014727540500736325
0.0005032712632109249
0.0014388489208633226
0.000516795865633024
0.0
0.0005037783375314575
0.0
0.0005094243504839557
0.0
0.00037216226274661146
0.0014388489208633226
0.0002504382669672456
0.0002504382669672456
0.000516795865633024
0.0
0.0
0.0005094243504839557
0.0003844675124952124
0.00037216226274661146
0.0
0.0
0.000516795865633024
0.0012642225031606058
0.0005037783375314575
0.0005032712632109249
0.0003716090672611916
0.00037216226274661146
