0.4942572020335153
0.4938852304797742
0.4969801553062986
0.4942572020335153
0.47877204441541477
0.4801498127340824
0.486969175816907
0.4942572020335153
0.4585152838427947
0.4801498127340824
0.47877204441541477
0.4610318331503842
0.4938852304797742
0.4942572020335153
0.49622166246851385
0.48597422289613346
0.45866302864938613
0.4611796982167352
0.4801498127340824
0.4942572020335153
0.45866302864938613
0.47877204441541477
0.48597422289613346
0.46143288498490254
0.4942572020335153
0.4942572020335153
0.47976011994003
0.4801498127340824
0.49397590361445787
0.4942572020335153
0.47877204441541477
0.47976011994003
0.4801498127340824
0.4585152838427947
0.4942572020335153
0.4915254237288136
0.4801498127340824
0.45587820693543835
0.4907348242811501
0.4942572020335153
0.4942572020335153
0.486969175816907
0.45866302864938613
0.47976011994003
0.4801498127340824
0.45866302864938613
0.47976011994003
0.46143288498490254
0.49416195856873824
0.4612850082372323
0.4942572020335153
0.4787039456493337
0.4584128715571312
0.48087021755438863
0.45866302864938613
0.4801498127340824
0.4801498127340824
0.47877204441541477
0.46143288498490254
0.46143288498490254
0.4942572020335153
0.44635544635544633
0.4754833286634912
0.45866302864938613
0.45866302864938613
0.4801498127340824
0.47976011994003
0.4612850082372323
0.4942572020335153
0.4611796982167352
0.48558421851289835
0.7648809523809523
0.48671222475322706
0.45866302864938613
0.45866302864938613
0.47877204441541477
0.47877204441541477
0.4786469896826433
0.47877204441541477
0.45866302864938613
0.45866302864938613
0.49416195856873824
0.4584128715571312
0.45536468600394253
0.4938852304797742
0.4940711462450593
0.4611796982167352
0.4801498127340824
0.4938852304797742
0.4937899887090704
0.4585152838427947
0.44562551103843007
0.4584128715571312
0.4801498127340824
0.45536468600394253
0.47976011994003
0.45866302864938613
0.49416195856873824
0.46143288498490254
0.4585152838427947
0.4942572020335153
0.4801498127340824
0.4786469896826433
0.4786469896826433
0.45536468600394253
0.4801498127340824
0.4753363228699552
0.46143288498490254
0.49622166246851385
0.4942572020335153
0.47976011994003
0.4787039456493337
0.45536468600394253
0.7648809523809523
0.45866302864938613
0.4584128715571312
0.4938852304797742
0.4942572020335153
