0.0005175983436852549
0.0005165289256198191
0.00036778227289446797
0.0005868544600938774
0.0005175983436852549
0.0
0.0
0.000516795865633024
0.0005175983436852549
0.0005868544600938774
0.0005178663904712444
0.00036778227289446797
0.0005175983436852549
0.0005178663904712444
0.0
0.0005178663904712444
0.0005178663904712444
0.0005178663904712444
0.0005175983436852549
0.005008347245408995
0.0
0.0005178663904712444
0.000587544065804968
0.0005175983436852549
0.0005178663904712444
0.0005144032921811093
0.0012642225031606058
0.0
0.000516795865633024
0.000516795865633024
0.0005144032921811093
0.0005165289256198191
0.000516795865633024
0.0
0.0
0.0005178663904712444
0.000516795865633024
0.005102040816326481
0.0005175983436852549
0.000516795865633024
0.0012642225031606058
0.005008347245408995
0.000516795865633024
0.0005175983436852549
