0.00043449923962633063
0.0016629711751662971
0.0016638935108153079
0.0016638935108153079
0.00043449923962633063
0.0016620498614958448
0.0016620498614958448
0.0016638935108153079
0.0011086474501108647
0.0016629711751662971
0.00043449923962633063
0.0016629711751662971
0.0016638935108153079
0.00043449923962633063
0.0016629711751662971
0.0007369196757553427
0.00043449923962633063
0.0016629711751662971
0.0016629711751662971
0.0016638935108153079
0.0012903225806451613
0.0016638935108153079
0.00043449923962633063
0.00043449923962633063
0.00043449923962633063
0.0016638935108153079
0.0016638935108153079
0.0006720430107526882
0.00043449923962633063
0.00043449923962633063
0.0016629711751662971
0.0016638935108153079
0.0016638935108153079
0.00043449923962633063
0.00043449923962633063
0.000217296827466319
0.00043449923962633063
0.0011098779134295228
0.0009074410163339383
0.00043449923962633063
0.0011098779134295228
0.0005975500448162533
0.0016638935108153079
0.00043449923962633063
0.00043449923962633063
0.00043449923962633063
0.0007369196757553427
0.0016638935108153079
0.000217296827466319
0.00043449923962633063
0.0016638935108153079
0.0016638935108153079
0.00043449923962633063
0.0016638935108153079
0.00043449923962633063
0.0016629711751662971
0.0016638935108153079
0.0016638935108153079
0.0005289605924358636
0.0006516072980017377
0.0016638935108153079
0.00043449923962633063
0.0011098779134295228
0.0011098779134295228
0.0016638935108153079
0.0016629711751662971
0.00062015503875969
0.0016638935108153079
0.00043449923962633063
0.0016629711751662971
0.00062015503875969
0.0016638935108153079
0.0016638935108153079
0.0011019283746556473
0.00043449923962633063
0.00043449923962633063
0.0016638935108153079
0.0016638935108153079
0.0011092623405435386
0.000217296827466319
0.0016620498614958448
0.00043449923962633063
0.0016629711751662971
0.0011019283746556473
0.0016620498614958448
0.0012845215157353885
0.0016638935108153079
0.0016629711751662971
0.0005975500448162533
0.0016638935108153079
0.00043449923962633063
0.00043449923962633063
0.00043449923962633063
0.0016629711751662971
0.0016638935108153079
0.00043449923962633063
0.0016629711751662971
0.0005989817310572028
0.00043449923962633063
0.0016638935108153079
0.0011092623405435386
0.000217296827466319
0.0016629711751662971
0.0016638935108153079
0.0011098779134295228
0.00043449923962633063
0.0012845215157353885
0.0016638935108153079
0.0016638935108153079
0.00043449923962633063
0.0016638935108153079
0.0003588087549336204
0.00043449923962633063
0.0016638935108153079
0.0016638935108153079
0.00043449923962633063
0.0006516072980017377
0.0016629711751662971
0.0016629711751662971
0.0016638935108153079
0.0006720430107526882
0.0011092623405435386
0.0016629711751662971
0.0016638935108153079
0.0016638935108153079
0.00043449923962633063
0.0006199628022318661
0.0016629711751662971
0.0016629711751662971
0.00043449923962633063
0.00043449923962633063
0.0016629711751662971
0.0012845215157353885
0.0016629711751662971
0.0016629711751662971
0.00043449923962633063
0.0006199628022318661
0.0011092623405435386
0.0016638935108153079
0.0016629711751662971
0.0011092623405435386
0.00043449923962633063
0.0016638935108153079
0.0012903225806451613
0.0016638935108153079
0.00062015503875969
0.0011049723756906078
0.000217296827466319
0.0016629711751662971
0.0012903225806451613
0.00043449923962633063
0.0016638935108153079
0.0016638935108153079
0.0016638935108153079
0.0016638935108153079
0.0016638935108153079
0.00039502271380604387
0.0016638935108153079
0.00043449923962633063
0.00043449923962633063
0.0012395413696932136
0.0012903225806451613
0.00043449923962633063
0.00043449923962633063
0.0016629711751662971
0.00043449923962633063
0.00048484848484848484
0.0016629711751662971
0.0006720430107526882
0.0016638935108153079
0.0016629711751662971
0.0016638935108153079
0.0016638935108153079
0.0011098779134295228
0.0006199628022318661
0.0016638935108153079
0.00043449923962633063
0.00043449923962633063
0.0016629711751662971
0.0007369196757553427
0.0005975500448162533
0.0016629711751662971
0.00043449923962633063
0.0012903225806451613
0.0016638935108153079
0.000217296827466319
0.0006455777921239509
0.0016629711751662971
0.00043449923962633063
0.00043449923962633063
0.0016638935108153079
0.0016638935108153079
0.0007369196757553427
0.0011092623405435386
0.00043449923962633063
0.0005989817310572028
0.0016629711751662971
0.0011092623405435386
0.0016638935108153079
0.00043449923962633063
0.00043449923962633063
0.0016638935108153079
0.00043449923962633063
0.0016638935108153079
0.00043449923962633063
0.0012903225806451613
0.0016638935108153079
0.0016638935108153079
0.00043449923962633063
0.0016638935108153079
0.000217296827466319
0.00043449923962633063
0.0016629711751662971
0.00043449923962633063
0.0006199628022318661
0.0006199628022318661
0.00048484848484848484
0.0011098779134295228
0.0016629711751662971
0.00043449923962633063
0.0016638935108153079
0.00043449923962633063
0.0016638935108153079
0.00043449923962633063
0.0016638935108153079
0.0006199628022318661
0.0016638935108153079
0.0012903225806451613
0.0016629711751662971
0.0011092623405435386
0.00043449923962633063
0.0016629711751662971
0.00043449923962633063
0.0016629711751662971
0.00043449923962633063
0.0016638935108153079
0.0016638935108153079
0.0007369196757553427
0.0016620498614958448
0.0016638935108153079
0.0011049723756906078
0.0016629711751662971
0.0011092623405435386
0.0012903225806451613
0.0016638935108153079
0.0016629711751662971
0.00043449923962633063
0.0016638935108153079
0.0006199628022318661
0.0016629711751662971
0.0009074410163339383
0.0011092623405435386
0.00062015503875969
0.00043449923962633063
0.0011092623405435386
0.0016629711751662971
0.0011092623405435386
0.00043449923962633063
0.00043449923962633063
0.0016629711751662971
0.0016638935108153079
0.0016629711751662971
0.0016629711751662971
0.0016629711751662971
0.0016638935108153079
0.0016629711751662971
0.0016638935108153079
0.0016638935108153079
0.0016629711751662971
0.00043449923962633063
0.00043449923962633063
0.0011092623405435386
0.00043449923962633063
0.0016638935108153079
0.0016638935108153079
0.00043449923962633063
0.0012894906511927789
0.0016638935108153079
0.0016638935108153079
0.00043449923962633063
0.0016638935108153079
0.0006720430107526882
0.0011092623405435386
0.0012903225806451613
0.0016638935108153079
0.00043449923962633063
0.0016638935108153079
0.0016638935108153079
0.00043449923962633063
0.0016629711751662971
0.0011092623405435386
0.0016638935108153079
0.00043449923962633063
0.0016638935108153079
0.0016638935108153079
0.00043449923962633063
0.0016620498614958448
0.0016629711751662971
0.0012903225806451613
0.0016629711751662971
0.0007369196757553427
0.0011092623405435386
0.0016638935108153079
0.0016638935108153079
0.0012903225806451613
0.0006199628022318661
0.0016638935108153079
0.00043449923962633063
0.0012903225806451613
0.0016638935108153079
0.0012395413696932136
0.001652892561983471
0.0016638935108153079
0.0016638935108153079
0.0016638935108153079
0.00043449923962633063
0.0016638935108153079
0.0016629711751662971
0.0016638935108153079
0.0012903225806451613
0.0011092623405435386
0.0011092623405435386
0.0011092623405435386
0.0006720430107526882
0.0016629711751662971
0.0016638935108153079
0.0012903225806451613
0.00043449923962633063
0.0016638935108153079
0.00043449923962633063
0.0006199628022318661
0.0016638935108153079
0.0011098779134295228
0.0016638935108153079
0.00062015503875969
0.0003588087549336204
0.0006720430107526882
0.0006199628022318661
0.0005289605924358636
0.0016638935108153079
0.00043449923962633063
0.0016638935108153079
0.0012903225806451613
0.00043449923962633063
0.00043449923962633063
0.0016638935108153079
0.0016638935108153079
0.00048496605237633366
0.0007369196757553427
0.00043449923962633063
0.0011092623405435386
0.00043449923962633063
0.0016629711751662971
0.0016638935108153079
0.0011092623405435386
0.0016638935108153079
0.0011098779134295228
0.0012903225806451613
0.0006199628022318661
0.00043449923962633063
0.0016638935108153079
0.0016629711751662971
0.00043449923962633063
0.00043449923962633063
0.0016638935108153079
0.0016638935108153079
0.00043449923962633063
0.0016629711751662971
0.00043449923962633063
0.0016629711751662971
0.0016638935108153079
0.000217296827466319
0.00043449923962633063
0.0011098779134295228
0.0011092623405435386
0.00043449923962633063
0.0016629711751662971
0.0009296560272699101
0.0016629711751662971
0.0016638935108153079
0.0011086474501108647
0.0011092623405435386
0.0016638935108153079
0.0016638935108153079
0.0016638935108153079
0.0016638935108153079
0.0016638935108153079
0.00043449923962633063
0.00043449923962633063
0.0016638935108153079
0.00043449923962633063
0.0016638935108153079
0.00043449923962633063
0.0016638935108153079
0.00043449923962633063
0.000217296827466319
0.0016629711751662971
0.0016638935108153079
0.00043449923962633063
0.0016638935108153079
0.0016629711751662971
0.00043449923962633063
0.0016620498614958448
0.00043449923962633063
0.0016638935108153079
0.00043449923962633063
0.0009299442033477991
0.00043449923962633063
0.0006199628022318661
0.0012903225806451613
0.0016638935108153079
0.0005989817310572028
0.00043449923962633063
0.0016629711751662971
0.00048484848484848484
0.0006199628022318661
0.0016638935108153079
0.0016638935108153079
0.0016638935108153079
0.00062015503875969
0.0016638935108153079
0.0007369196757553427
0.0011086474501108647
0.0006720430107526882
0.00043449923962633063
0.00043449923962633063
0.0006199628022318661
0.0016638935108153079
0.0016638935108153079
0.0016638935108153079
0.0012903225806451613
0.0016629711751662971
0.00062015503875969
0.0012903225806451613
0.0011098779134295228
0.0016638935108153079
0.0016638935108153079
0.0007369196757553427
0.0012903225806451613
0.0011092623405435386
0.0016629711751662971
0.0016638935108153079
0.0016629711751662971
0.0011098779134295228
0.0016629711751662971
0.0006199628022318661
0.0016638935108153079
0.0016638935108153079
0.0016638935108153079
0.0007369196757553427
0.0016638935108153079
0.0006199628022318661
0.0011098779134295228
0.0016638935108153079
0.0009074410163339383
0.001652892561983471
0.0016638935108153079
0.0016638935108153079
0.0016629711751662971
0.0006199628022318661
0.00043449923962633063
0.00062015503875969
0.0011092623405435386
0.00043449923962633063
0.00043449923962633063
0.0016629711751662971
0.0016620498614958448
0.0016638935108153079
0.0016638935108153079
0.0007369196757553427
0.00018625442354255913
0.0016638935108153079
0.0011092623405435386
0.0016638935108153079
0.0016629711751662971
0.0007369196757553427
0.0016638935108153079
0.0011086474501108647
0.00043449923962633063
0.00043449923962633063
0.00043449923962633063
0.0016638935108153079
0.00043449923962633063
0.00043449923962633063
0.000217296827466319
0.0016638935108153079
0.0016638935108153079
0.0005989817310572028
0.00048484848484848484
0.0016638935108153079
0.0016638935108153079
0.0007369196757553427
0.0011092623405435386
0.00043449923962633063
0.0016629711751662971
0.0016638935108153079
0.0016620498614958448
0.0016629711751662971
0.00043449923962633063
0.00062015503875969
0.0016638935108153079
0.00043449923962633063
0.0007369196757553427
0.0006199628022318661
0.0006720430107526882
0.00043449923962633063
0.0016638935108153079
0.0005549389567147614
0.00043449923962633063
0.00043449923962633063
0.0016638935108153079
0.00043449923962633063
0.0016638935108153079
0.00043449923962633063
0.0011092623405435386
0.000217296827466319
0.0012903225806451613
0.000217296827466319
0.0011086474501108647
0.00043449923962633063
0.00043449923962633063
0.0016638935108153079
0.00043449923962633063
0.00043449923962633063
0.0011092623405435386
0.00043449923962633063
0.000217296827466319
0.00043449923962633063
0.0016638935108153079
0.0016638935108153079
0.0016638935108153079
0.000217296827466319
0.0006199628022318661
0.00043449923962633063
0.0016638935108153079
0.0012903225806451613
0.00043449923962633063
0.00043449923962633063
0.0016629711751662971
0.001652892561983471
0.0007369196757553427
0.00043449923962633063
0.0006720430107526882
0.0016638935108153079
0.00043449923962633063
0.0011049723756906078
0.0016629711751662971
0.0016620498614958448
0.0016638935108153079
0.0016629711751662971
0.0016638935108153079
0.0016638935108153079
0.000217296827466319
0.0016638935108153079
0.00043449923962633063
0.0016638935108153079
0.0016620498614958448
0.00043449923962633063
0.0005975500448162533
0.00043449923962633063
0.0016629711751662971
0.00043449923962633063
0.0016638935108153079
0.000217296827466319
0.0011098779134295228
0.00043449923962633063
0.0005549389567147614
0.00048484848484848484
0.00048484848484848484
0.0005975500448162533
0.0007369196757553427
0.0016638935108153079
0.0016638935108153079
0.0016638935108153079
0.0009074410163339383
0.0016638935108153079
0.0016638935108153079
0.0011019283746556473
0.0012903225806451613
0.0016638935108153079
0.00062015503875969
0.0016638935108153079
0.00043449923962633063
0.000310077519379845
0.0016638935108153079
0.0016629711751662971
0.0011019283746556473
0.0016638935108153079
0.00221606648199446
0.0011092623405435386
0.00043449923962633063
0.0016638935108153079
0.0011092623405435386
