0.004057709648331853
0.011579434923575715
0.004057709648331853
0.00045289855072461194
0.004057709648331853
0.02755404832556163
0.0004842615012106144
0.00045207956600357146
0.0009680542110358514
0.011579434923575715
0.0009680542110358514
0.0035262393694254213
0.003693243536823765
0.003603985584057612
0.00048661800486615725
0.0035918022395943217
0.0035706784289014637
0.00038037276530999975
0.0004837929366231508
0.004057709648331853
0.0037328909166320923
0.004057709648331853
0.007150595882990274
0.003735442759832952
0.015116811726981205
