0.00808262236192192
0.022893772893772923
0.00808262236192192
0.0009053870529651675
0.00808262236192192
0.05363036303630364
0.0009680542110358514
0.0009037505648441524
0.0019342359767892114
0.022893772893772923
0.0019342359767892114
0.007027697395618038
0.007359307359307343
0.007182087029995787
0.0009727626459143934
0.007157894736842141
0.007115948095437474
0.0007604562737643095
0.0009671179883945502
0.00808262236192192
0.007438016528925617
0.00808262236192192
0.01419965576592086
0.007443082311733851
0.029783393501805033
