0.41538461538461535
0.40284360189573465
0.40284360189573465
0.38378378378378375
0.41538461538461535
0.38378378378378375
0.33999999999999997
0.33333333333333337
0.5598455598455598
0.41538461538461535
0.38378378378378375
0.3267326732673267
0.41538461538461535
0.33333333333333337
0.38378378378378375
0.7142857142857143
0.33999999999999997
0.33999999999999997
0.41538461538461535
0.33333333333333337
0.7142857142857143
0.7142857142857143
0.41538461538461535
0.38378378378378375
0.41538461538461535
0.33333333333333337
0.41538461538461535
0.33333333333333337
0.4787234042553191
0.41538461538461535
0.41538461538461535
0.41538461538461535
0.33999999999999997
0.5598455598455598
0.38378378378378375
0.3870967741935484
0.33333333333333337
0.41538461538461535
0.5598455598455598
0.41538461538461535
0.41538461538461535
0.33333333333333337
0.41538461538461535
0.41538461538461535
0.33333333333333337
0.38378378378378375
0.33333333333333337
0.5665399239543727
0.41538461538461535
0.41538461538461535
0.38378378378378375
0.5632183908045977
0.3870967741935484
0.41538461538461535
0.38378378378378375
0.33999999999999997
0.41538461538461535
0.33999999999999997
0.41538461538461535
0.35593220338983056
0.5598455598455598
0.5632183908045977
0.5598455598455598
0.41538461538461535
0.5665399239543727
0.38378378378378375
0.35593220338983056
0.5598455598455598
0.41538461538461535
0.41538461538461535
0.33999999999999997
0.40284360189573465
0.41538461538461535
0.33333333333333337
0.40284360189573465
0.38378378378378375
0.41538461538461535
0.33999999999999997
0.41538461538461535
0.33333333333333337
0.38378378378378375
0.38378378378378375
0.38378378378378375
0.41538461538461535
0.41538461538461535
0.5615384615384615
0.5021834061135371
0.41538461538461535
0.5665399239543727
0.38378378378378375
0.41538461538461535
0.5632183908045977
0.33333333333333337
0.33999999999999997
0.33999999999999997
0.33999999999999997
0.41538461538461535
0.41538461538461535
0.38378378378378375
0.41538461538461535
0.5021834061135371
0.33333333333333337
0.33999999999999997
0.5665399239543727
0.5598455598455598
0.38378378378378375
0.40284360189573465
0.3267326732673267
0.35593220338983056
0.33333333333333337
0.41538461538461535
0.41538461538461535
0.33333333333333337
0.35593220338983056
0.33333333333333337
0.38378378378378375
0.5598455598455598
0.41538461538461535
0.5808823529411764
0.40284360189573465
0.41538461538461535
0.40284360189573465
0.5269709543568465
0.33333333333333337
0.41538461538461535
0.40284360189573465
0.38378378378378375
0.5632183908045977
0.38378378378378375
0.38378378378378375
0.33333333333333337
0.5665399239543727
0.3870967741935484
0.40284360189573465
0.33999999999999997
0.41538461538461535
0.38378378378378375
0.38378378378378375
0.41538461538461535
0.5665399239543727
0.38378378378378375
0.41538461538461535
0.6071428571428572
0.41538461538461535
0.38378378378378375
0.41538461538461535
0.41538461538461535
0.5598455598455598
0.38378378378378375
0.41538461538461535
0.41538461538461535
0.5021834061135371
0.5665399239543727
0.5598455598455598
0.41538461538461535
0.33333333333333337
0.38378378378378375
0.41538461538461535
0.6071428571428572
0.5665399239543727
0.41538461538461535
0.38378378378378375
0.41538461538461535
0.3267326732673267
0.7142857142857143
0.41538461538461535
0.41538461538461535
0.38378378378378375
0.38378378378378375
0.41538461538461535
0.41538461538461535
0.33333333333333337
0.40284360189573465
0.38378378378378375
0.41538461538461535
0.5289256198347108
0.3267326732673267
0.5665399239543727
0.33333333333333337
0.33333333333333337
0.3267326732673267
0.33333333333333337
0.41538461538461535
0.3267326732673267
0.33333333333333337
0.38378378378378375
0.5665399239543727
0.7142857142857143
0.33999999999999997
0.38378378378378375
0.33999999999999997
0.40284360189573465
0.41538461538461535
0.41538461538461535
0.33333333333333337
0.3870967741935484
0.38378378378378375
0.33333333333333337
0.38378378378378375
0.7142857142857143
0.33999999999999997
0.38378378378378375
0.41538461538461535
0.7142857142857143
0.41538461538461535
0.33333333333333337
0.38378378378378375
0.41538461538461535
0.41836734693877553
0.41538461538461535
0.41538461538461535
0.7142857142857143
0.41538461538461535
0.3267326732673267
0.41538461538461535
0.33999999999999997
0.33999999999999997
0.5598455598455598
0.38378378378378375
0.7142857142857143
0.41538461538461535
0.41538461538461535
0.41538461538461535
0.41538461538461535
0.33999999999999997
0.5598455598455598
0.41538461538461535
0.5598455598455598
0.33333333333333337
0.7142857142857143
0.41538461538461535
0.40284360189573465
0.38378378378378375
0.38378378378378375
0.33999999999999997
0.41538461538461535
0.41538461538461535
0.3267326732673267
0.41538461538461535
0.40284360189573465
0.33333333333333337
0.41538461538461535
0.7142857142857143
0.41538461538461535
0.41538461538461535
0.41538461538461535
0.38378378378378375
0.41538461538461535
0.5598455598455598
0.41538461538461535
0.38378378378378375
0.5665399239543727
0.33333333333333337
0.41538461538461535
0.33999999999999997
0.5598455598455598
0.41538461538461535
0.41538461538461535
0.41538461538461535
0.41538461538461535
0.5021834061135371
0.3870967741935484
0.41538461538461535
0.33333333333333337
0.40284360189573465
0.41538461538461535
0.41538461538461535
0.6226415094339622
0.38378378378378375
0.41538461538461535
0.5793357933579335
0.41538461538461535
0.38378378378378375
0.38378378378378375
0.5665399239543727
0.33999999999999997
0.33333333333333337
0.5598455598455598
0.33999999999999997
0.38378378378378375
0.40284360189573465
0.38378378378378375
0.41538461538461535
0.33999999999999997
0.5598455598455598
0.33333333333333337
0.41538461538461535
0.5598455598455598
0.41538461538461535
0.33333333333333337
0.41538461538461535
0.5598455598455598
0.6071428571428572
0.41538461538461535
0.41538461538461535
0.5598455598455598
0.41538461538461535
0.33333333333333337
0.33333333333333337
0.41538461538461535
0.38378378378378375
0.33333333333333337
0.41538461538461535
0.33999999999999997
0.7142857142857143
0.7142857142857143
0.3267326732673267
0.38378378378378375
0.5289256198347108
0.5665399239543727
0.41538461538461535
0.41538461538461535
0.41538461538461535
0.7142857142857143
0.41538461538461535
0.41538461538461535
0.38378378378378375
0.5021834061135371
0.41538461538461535
0.38378378378378375
0.5384615384615384
0.33999999999999997
0.38378378378378375
0.41538461538461535
0.7142857142857143
0.38378378378378375
0.41538461538461535
0.5598455598455598
0.41538461538461535
0.5289256198347108
0.33999999999999997
0.5598455598455598
0.5598455598455598
0.33999999999999997
0.5021834061135371
0.41538461538461535
0.41538461538461535
0.41836734693877553
0.41538461538461535
0.5598455598455598
0.33333333333333337
0.3870967741935484
0.41538461538461535
0.33999999999999997
0.41538461538461535
0.41538461538461535
0.41538461538461535
0.40284360189573465
0.5289256198347108
0.5598455598455598
0.41538461538461535
0.5598455598455598
0.33333333333333337
0.41538461538461535
0.33333333333333337
0.3267326732673267
0.7142857142857143
0.38378378378378375
0.5808823529411764
0.41538461538461535
0.40284360189573465
0.38378378378378375
0.38378378378378375
0.41538461538461535
0.41538461538461535
0.5021834061135371
0.41538461538461535
0.33999999999999997
0.33333333333333337
0.41538461538461535
0.5021834061135371
0.5665399239543727
0.7142857142857143
0.38378378378378375
0.5598455598455598
0.6071428571428572
0.41538461538461535
0.3870967741935484
0.3870967741935484
0.33999999999999997
0.33333333333333337
0.33333333333333337
0.33999999999999997
0.5598455598455598
0.33999999999999997
0.3267326732673267
0.33999999999999997
0.41538461538461535
0.41538461538461535
0.5598455598455598
0.40284360189573465
0.41538461538461535
0.33999999999999997
0.5598455598455598
0.7142857142857143
0.5021834061135371
0.5598455598455598
0.33333333333333337
0.33333333333333337
0.41538461538461535
0.33999999999999997
0.5598455598455598
0.7142857142857143
0.41538461538461535
0.33333333333333337
0.41538461538461535
0.3870967741935484
0.7142857142857143
0.7142857142857143
0.41538461538461535
0.38378378378378375
0.7142857142857143
0.5598455598455598
0.41538461538461535
0.41538461538461535
0.33333333333333337
0.7142857142857143
0.38378378378378375
0.3267326732673267
0.38378378378378375
0.41538461538461535
0.41538461538461535
0.38378378378378375
0.33999999999999997
0.41538461538461535
0.7142857142857143
0.42352941176470593
0.38378378378378375
0.5665399239543727
0.41538461538461535
0.38378378378378375
0.38378378378378375
0.33333333333333337
0.41538461538461535
0.41538461538461535
0.39037433155080214
0.41538461538461535
0.40284360189573465
0.40284360189573465
0.41538461538461535
0.38378378378378375
0.41538461538461535
0.33999999999999997
0.5269709543568465
0.41538461538461535
0.33999999999999997
0.38378378378378375
0.38378378378378375
0.33333333333333337
0.41538461538461535
0.41538461538461535
0.33999999999999997
0.41836734693877553
0.5598455598455598
0.41538461538461535
0.41538461538461535
0.38378378378378375
0.7142857142857143
0.38378378378378375
0.41538461538461535
0.6071428571428572
0.3267326732673267
0.7142857142857143
0.33333333333333337
0.5021834061135371
0.40284360189573465
0.7081545064377682
0.33999999999999997
0.5598455598455598
0.40284360189573465
0.3870967741935484
0.5665399239543727
0.38378378378378375
0.33333333333333337
0.7142857142857143
0.5598455598455598
0.5021834061135371
0.33333333333333337
0.38378378378378375
0.40284360189573465
0.33333333333333337
0.38378378378378375
0.41538461538461535
0.38378378378378375
0.3870967741935484
0.38378378378378375
0.41538461538461535
0.3267326732673267
0.5021834061135371
0.33333333333333337
0.33999999999999997
0.5598455598455598
0.38378378378378375
0.7142857142857143
0.41538461538461535
0.5319148936170213
0.33333333333333337
0.41538461538461535
0.5598455598455598
0.41538461538461535
0.38378378378378375
0.41538461538461535
0.5598455598455598
0.41538461538461535
0.41538461538461535
0.40284360189573465
0.7142857142857143
0.38378378378378375
0.33999999999999997
0.7142857142857143
0.40284360189573465
0.41538461538461535
0.5598455598455598
0.33999999999999997
0.33999999999999997
0.41538461538461535
0.40284360189573465
0.41538461538461535
0.38378378378378375
0.33999999999999997
0.41538461538461535
0.41538461538461535
0.5598455598455598
0.38378378378378375
0.33333333333333337
0.3267326732673267
0.41538461538461535
0.33333333333333337
0.38378378378378375
0.40284360189573465
0.5598455598455598
0.41538461538461535
0.38378378378378375
0.38378378378378375
0.41836734693877553
0.41538461538461535
0.41538461538461535
0.33333333333333337
0.41538461538461535
0.5793357933579335
0.5598455598455598
0.41538461538461535
0.33333333333333337
0.41538461538461535
0.41538461538461535
0.33333333333333337
0.5598455598455598
0.41538461538461535
0.7142857142857143
0.5021834061135371
0.41538461538461535
0.41538461538461535
0.7142857142857143
0.33999999999999997
0.38378378378378375
0.5021834061135371
0.7142857142857143
0.41538461538461535
0.41538461538461535
0.5598455598455598
0.5021834061135371
0.33333333333333337
0.35593220338983056
0.5665399239543727
0.41538461538461535
0.41538461538461535
0.33333333333333337
0.41538461538461535
0.33999999999999997
0.40284360189573465
0.41836734693877553
0.5274261603375527
0.38378378378378375
0.41538461538461535
0.7142857142857143
0.33999999999999997
0.38378378378378375
0.41538461538461535
0.3267326732673267
0.5598455598455598
0.5632183908045977
0.5598455598455598
0.41538461538461535
0.5021834061135371
0.41538461538461535
0.33999999999999997
0.33333333333333337
0.3267326732673267
0.33999999999999997
0.38378378378378375
0.3267326732673267
0.5598455598455598
0.35593220338983056
0.41538461538461535
0.33333333333333337
0.33999999999999997
0.41538461538461535
0.38378378378378375
0.41538461538461535
0.33999999999999997
0.38378378378378375
0.38378378378378375
0.5598455598455598
0.41538461538461535
0.5021834061135371
0.5598455598455598
0.5598455598455598
0.38378378378378375
0.33999999999999997
0.5451263537906137
0.41538461538461535
0.7142857142857143
0.41538461538461535
0.5021834061135371
0.33333333333333337
0.41538461538461535
0.41538461538461535
0.5598455598455598
0.41538461538461535
0.33999999999999997
0.41538461538461535
0.38378378378378375
0.33333333333333337
0.41538461538461535
0.41538461538461535
0.41538461538461535
0.5021834061135371
0.33999999999999997
0.3267326732673267
0.40284360189573465
0.41538461538461535
0.7142857142857143
0.5598455598455598
0.38378378378378375
0.33333333333333337
0.33333333333333337
0.7142857142857143
0.41538461538461535
0.40284360189573465
0.7142857142857143
0.3870967741935484
0.33999999999999997
0.5598455598455598
0.38378378378378375
0.33333333333333337
0.33333333333333337
0.41538461538461535
0.33333333333333337
0.41538461538461535
0.41538461538461535
0.5665399239543727
0.5665399239543727
0.5598455598455598
0.41538461538461535
0.5598455598455598
0.41538461538461535
0.7142857142857143
0.5665399239543727
0.41538461538461535
0.38378378378378375
0.6226415094339622
0.5598455598455598
0.41538461538461535
0.41538461538461535
0.41538461538461535
0.38378378378378375
0.41538461538461535
0.41538461538461535
0.40284360189573465
0.38378378378378375
0.33333333333333337
0.41538461538461535
0.7142857142857143
0.41538461538461535
0.7142857142857143
0.5598455598455598
0.38378378378378375
0.7142857142857143
0.33999999999999997
0.41538461538461535
0.41538461538461535
0.5665399239543727
0.5665399239543727
0.33333333333333337
0.33999999999999997
0.33333333333333337
0.33999999999999997
0.5598455598455598
0.33999999999999997
0.33333333333333337
0.33333333333333337
0.41538461538461535
0.41538461538461535
0.3267326732673267
0.41538461538461535
0.33999999999999997
0.5598455598455598
0.7142857142857143
0.41538461538461535
0.41538461538461535
0.5665399239543727
0.41538461538461535
0.38378378378378375
0.7142857142857143
0.41538461538461535
0.33999999999999997
0.33333333333333337
0.41538461538461535
0.41538461538461535
0.33999999999999997
0.5598455598455598
0.33333333333333337
0.33333333333333337
0.41538461538461535
0.33333333333333337
0.40284360189573465
0.38378378378378375
0.41538461538461535
0.41538461538461535
0.41538461538461535
0.41538461538461535
0.40284360189573465
0.40284360189573465
0.41538461538461535
0.40284360189573465
0.41538461538461535
0.7142857142857143
0.38378378378378375
0.41538461538461535
0.41538461538461535
0.40284360189573465
0.33333333333333337
0.5021834061135371
0.41538461538461535
0.33333333333333337
0.33999999999999997
0.41538461538461535
0.41538461538461535
0.41538461538461535
0.41538461538461535
0.3870967741935484
0.38378378378378375
0.41538461538461535
0.5665399239543727
0.38378378378378375
0.41538461538461535
0.41538461538461535
0.41538461538461535
0.7142857142857143
0.41538461538461535
0.41538461538461535
0.41538461538461535
0.3267326732673267
0.41538461538461535
0.41538461538461535
0.38378378378378375
0.41538461538461535
0.5598455598455598
0.5665399239543727
0.33999999999999997
0.40284360189573465
0.5598455598455598
0.41538461538461535
0.41538461538461535
0.5598455598455598
0.41538461538461535
0.41538461538461535
0.40284360189573465
0.40284360189573465
0.41538461538461535
0.33999999999999997
0.33333333333333337
0.33999999999999997
0.41538461538461535
0.33999999999999997
0.41538461538461535
0.38378378378378375
0.41538461538461535
0.5598455598455598
0.3870967741935484
0.33999999999999997
0.33999999999999997
0.41538461538461535
0.40284360189573465
0.38378378378378375
0.33333333333333337
0.5598455598455598
0.41538461538461535
0.33999999999999997
0.5598455598455598
0.5021834061135371
0.7142857142857143
0.3267326732673267
0.33999999999999997
0.40284360189573465
0.41538461538461535
0.5289256198347108
0.5598455598455598
0.41538461538461535
0.41538461538461535
0.7142857142857143
0.41538461538461535
0.7142857142857143
0.33999999999999997
0.33333333333333337
0.5598455598455598
0.41538461538461535
0.41538461538461535
0.41538461538461535
0.35593220338983056
0.41538461538461535
0.5598455598455598
0.41538461538461535
0.33999999999999997
0.7081545064377682
0.41538461538461535
0.3870967741935484
0.41538461538461535
0.5289256198347108
0.33333333333333337
0.33999999999999997
0.33999999999999997
0.41538461538461535
0.40284360189573465
0.38378378378378375
0.7142857142857143
0.38378378378378375
0.3870967741935484
0.5289256198347108
0.40284360189573465
0.5585585585585586
0.38378378378378375
0.41538461538461535
0.5333333333333333
0.41538461538461535
0.41538461538461535
0.5665399239543727
0.7142857142857143
0.33333333333333337
0.41538461538461535
0.38378378378378375
0.38378378378378375
0.38378378378378375
0.3870967741935484
0.38378378378378375
0.41538461538461535
0.5665399239543727
0.41538461538461535
0.41538461538461535
0.38378378378378375
0.5665399239543727
0.41538461538461535
0.5665399239543727
0.38378378378378375
0.38378378378378375
0.7142857142857143
0.41538461538461535
0.7142857142857143
0.5665399239543727
0.33999999999999997
0.5665399239543727
0.5021834061135371
0.5598455598455598
0.41538461538461535
0.33333333333333337
0.35593220338983056
0.41538461538461535
0.41538461538461535
0.33333333333333337
0.41538461538461535
0.41538461538461535
0.7142857142857143
0.41538461538461535
0.41538461538461535
0.33999999999999997
0.5598455598455598
0.33333333333333337
0.41538461538461535
0.41538461538461535
0.41538461538461535
0.38378378378378375
0.38378378378378375
0.41538461538461535
0.33333333333333337
0.7142857142857143
0.33333333333333337
0.41538461538461535
0.40284360189573465
0.38378378378378375
0.41538461538461535
0.41538461538461535
0.41538461538461535
0.41538461538461535
0.38378378378378375
0.38378378378378375
0.5665399239543727
0.41538461538461535
0.33333333333333337
0.33999999999999997
0.38378378378378375
0.40284360189573465
0.38378378378378375
0.40284360189573465
0.41538461538461535
0.41538461538461535
0.41538461538461535
0.33333333333333337
0.41538461538461535
0.38378378378378375
0.38378378378378375
0.41538461538461535
0.41538461538461535
0.41538461538461535
0.7142857142857143
0.5598455598455598
0.5598455598455598
