0.5869565217391305
0.5743243243243243
0.5743243243243243
0.5546875
0.5869565217391305
0.5546875
0.5147058823529411
0.5
0.7178217821782178
0.5869565217391305
0.5546875
0.4925373134328358
0.5869565217391305
0.5
0.5546875
0.8333333333333334
0.5074626865671642
0.5074626865671642
0.5869565217391305
0.5
0.8333333333333334
0.8333333333333334
0.5169491525423728
0.5546875
0.5869565217391305
0.5
0.5869565217391305
0.5
0.6474820143884892
0.5869565217391305
0.5869565217391305
0.5869565217391305
0.5074626865671642
0.7178217821782178
0.5546875
0.5581395348837209
0.5074626865671642
0.5615384615384615
0.7178217821782178
0.5869565217391305
0.5869565217391305
0.5
0.5869565217391305
0.5869565217391305
0.5
0.5546875
0.5
0.7233009708737864
0.5869565217391305
0.5869565217391305
0.5546875
0.7233009708737864
0.5581395348837209
0.5869565217391305
0.5546875
0.5147058823529411
0.5869565217391305
0.5074626865671642
0.5869565217391305
0.525
0.7178217821782178
0.7233009708737864
0.7178217821782178
0.5869565217391305
0.7233009708737864
0.5546875
0.525
0.7178217821782178
0.5681818181818182
0.5869565217391305
0.5074626865671642
0.5743243243243243
0.5869565217391305
0.5
0.5743243243243243
0.5546875
0.5869565217391305
0.5074626865671642
0.5869565217391305
0.5
0.5546875
0.5546875
0.5546875
0.5869565217391305
0.5169491525423728
0.7192118226600985
0.6686046511627907
0.5869565217391305
0.7233009708737864
0.5546875
0.5869565217391305
0.7233009708737864
0.5
0.5074626865671642
0.5074626865671642
0.5074626865671642
0.5869565217391305
0.5869565217391305
0.5546875
0.5869565217391305
0.6686046511627907
0.5
0.5074626865671642
0.7233009708737864
0.7178217821782178
0.5546875
0.5743243243243243
0.4925373134328358
0.525
0.5
0.5869565217391305
0.5074626865671642
0.5869565217391305
0.5
0.525
0.5
0.5546875
0.7178217821782178
0.5869565217391305
0.7348837209302326
0.5743243243243243
0.5869565217391305
0.5743243243243243
0.6902173913043478
0.5
0.5869565217391305
0.5743243243243243
0.5546875
0.7233009708737864
0.5546875
0.5546875
0.5
0.7233009708737864
0.5581395348837209
0.5743243243243243
0.5147058823529411
0.5869565217391305
0.5546875
0.5546875
0.5869565217391305
0.7233009708737864
0.5546875
0.5869565217391305
0.7555555555555555
0.5869565217391305
0.5
0.5546875
0.5869565217391305
0.5086206896551724
0.7178217821782178
0.5546875
0.5869565217391305
0.5086206896551724
0.6686046511627907
0.7233009708737864
0.7178217821782178
0.5869565217391305
0.5
0.5546875
0.5869565217391305
0.7555555555555555
0.7233009708737864
0.5869565217391305
0.5546875
0.5869565217391305
0.4925373134328358
0.8333333333333334
0.5869565217391305
0.5869565217391305
0.5546875
0.5546875
0.5169491525423728
0.5869565217391305
0.5
0.5743243243243243
0.5546875
0.5869565217391305
0.6918918918918919
0.4925373134328358
0.7233009708737864
0.5
0.5
0.4925373134328358
0.5
0.5869565217391305
0.4925373134328358
0.5
0.5546875
0.7233009708737864
0.8333333333333334
0.5147058823529411
0.5546875
0.5147058823529411
0.5743243243243243
0.5869565217391305
0.5086206896551724
0.5
0.5869565217391305
0.5581395348837209
0.5546875
0.5
0.5546875
0.8333333333333334
0.5074626865671642
0.5546875
0.5869565217391305
0.8333333333333334
0.5869565217391305
0.5
0.5546875
0.5869565217391305
0.5899280575539568
0.5869565217391305
0.5869565217391305
0.8333333333333334
0.5869565217391305
0.4925373134328358
0.5169491525423728
0.5147058823529411
0.5147058823529411
0.7178217821782178
0.5546875
0.8333333333333334
0.5869565217391305
0.5169491525423728
0.5869565217391305
0.5869565217391305
0.5147058823529411
0.7178217821782178
0.5869565217391305
0.7178217821782178
0.5
0.8333333333333334
0.5869565217391305
0.5743243243243243
0.5546875
0.5546875
0.5147058823529411
0.5869565217391305
0.5869565217391305
0.4925373134328358
0.5086206896551724
0.5743243243243243
0.5
0.5869565217391305
0.8333333333333334
0.5869565217391305
0.5615384615384615
0.5869565217391305
0.5546875
0.5169491525423728
0.7178217821782178
0.5869565217391305
0.5546875
0.7233009708737864
0.5
0.5869565217391305
0.5147058823529411
0.7178217821782178
0.5869565217391305
0.5869565217391305
0.5869565217391305
0.5869565217391305
0.6686046511627907
0.5581395348837209
0.5869565217391305
0.5
0.5743243243243243
0.5869565217391305
0.5869565217391305
0.7674418604651163
0.5546875
0.5681818181818182
0.7336448598130841
0.5869565217391305
0.5546875
0.5546875
0.7233009708737864
0.5147058823529411
0.5
0.7178217821782178
0.5147058823529411
0.5546875
0.5743243243243243
0.5546875
0.5169491525423728
0.5074626865671642
0.7178217821782178
0.5
0.5869565217391305
0.7178217821782178
0.5869565217391305
0.5
0.5869565217391305
0.7178217821782178
0.7573529411764706
0.5869565217391305
0.5869565217391305
0.7178217821782178
0.5086206896551724
0.5
0.5
0.5869565217391305
0.5546875
0.5
0.5869565217391305
0.5147058823529411
0.8333333333333334
0.8333333333333334
0.4925373134328358
0.5546875
0.6918918918918919
0.7233009708737864
0.5869565217391305
0.5869565217391305
0.5869565217391305
0.8333333333333334
0.5169491525423728
0.5869565217391305
0.5546875
0.6686046511627907
0.5869565217391305
0.5546875
0.7
0.5147058823529411
0.5546875
0.5869565217391305
0.8333333333333334
0.5546875
0.5169491525423728
0.7178217821782178
0.5869565217391305
0.6918918918918919
0.5147058823529411
0.7178217821782178
0.7178217821782178
0.5147058823529411
0.6686046511627907
0.5169491525423728
0.5869565217391305
0.5899280575539568
0.5869565217391305
0.7178217821782178
0.5
0.5581395348837209
0.5869565217391305
0.5074626865671642
0.5869565217391305
0.5869565217391305
0.5615384615384615
0.5743243243243243
0.6918918918918919
0.7178217821782178
0.5869565217391305
0.7178217821782178
0.5
0.5869565217391305
0.5
0.4925373134328358
0.8333333333333334
0.5546875
0.7348837209302326
0.5869565217391305
0.5743243243243243
0.5546875
0.5546875
0.5869565217391305
0.5869565217391305
0.6686046511627907
0.5869565217391305
0.5074626865671642
0.5
0.5869565217391305
0.6686046511627907
0.7233009708737864
0.8333333333333334
0.5546875
0.7178217821782178
0.7555555555555555
0.5869565217391305
0.5581395348837209
0.5581395348837209
0.5147058823529411
0.5
0.5
0.5074626865671642
0.7178217821782178
0.5074626865671642
0.4925373134328358
0.5074626865671642
0.5869565217391305
0.5869565217391305
0.7178217821782178
0.5743243243243243
0.5869565217391305
0.5074626865671642
0.7178217821782178
0.8565217391304348
0.6686046511627907
0.7178217821782178
0.5
0.5
0.5869565217391305
0.5074626865671642
0.7178217821782178
0.8333333333333334
0.5869565217391305
0.5
0.5869565217391305
0.5581395348837209
0.8333333333333334
0.8333333333333334
0.5869565217391305
0.5546875
0.8333333333333334
0.7178217821782178
0.5869565217391305
0.5869565217391305
0.5
0.8333333333333334
0.5546875
0.4925373134328358
0.5546875
0.5681818181818182
0.5869565217391305
0.5546875
0.5147058823529411
0.5869565217391305
0.8333333333333334
0.5950413223140496
0.5546875
0.7233009708737864
0.5086206896551724
0.5546875
0.5546875
0.5
0.5869565217391305
0.5869565217391305
0.5546875
0.5869565217391305
0.5743243243243243
0.5743243243243243
0.5869565217391305
0.5546875
0.5869565217391305
0.5074626865671642
0.6902173913043478
0.5869565217391305
0.5074626865671642
0.5546875
0.5546875
0.5
0.5869565217391305
0.5169491525423728
0.5074626865671642
0.5899280575539568
0.7178217821782178
0.5869565217391305
0.5869565217391305
0.5546875
0.8333333333333334
0.5546875
0.5869565217391305
0.7555555555555555
0.4925373134328358
0.8333333333333334
0.5074626865671642
0.6686046511627907
0.5743243243243243
0.8291457286432161
0.5074626865671642
0.7178217821782178
0.5743243243243243
0.5581395348837209
0.7233009708737864
0.7828947368421053
0.5
0.8333333333333334
0.7178217821782178
0.6686046511627907
0.5
0.5546875
0.5743243243243243
0.5
0.5546875
0.5869565217391305
0.5546875
0.5581395348837209
0.5546875
0.5869565217391305
0.5
0.6686046511627907
0.5
0.5074626865671642
0.7178217821782178
0.5546875
0.8333333333333334
0.5615384615384615
0.5869565217391305
0.5
0.5869565217391305
0.7178217821782178
0.5681818181818182
0.5546875
0.5869565217391305
0.7178217821782178
0.5869565217391305
0.5869565217391305
0.5743243243243243
0.8333333333333334
0.5546875
0.5074626865671642
0.8333333333333334
0.5743243243243243
0.5869565217391305
0.7178217821782178
0.5074626865671642
0.5147058823529411
0.5869565217391305
0.5743243243243243
0.5681818181818182
0.5546875
0.5074626865671642
0.5869565217391305
0.5615384615384615
0.7178217821782178
0.5546875
0.5
0.4925373134328358
0.5869565217391305
0.5
0.5546875
0.5743243243243243
0.7178217821782178
0.5869565217391305
0.5546875
0.5546875
0.5899280575539568
0.5869565217391305
0.5869565217391305
0.5
0.5869565217391305
0.7336448598130841
0.7178217821782178
0.5869565217391305
0.5
0.5869565217391305
0.5869565217391305
0.5869565217391305
0.5
0.7178217821782178
0.5869565217391305
0.8333333333333334
0.6686046511627907
0.5869565217391305
0.5681818181818182
0.8333333333333334
0.5074626865671642
0.5546875
0.6686046511627907
0.8333333333333334
0.5869565217391305
0.5681818181818182
0.7178217821782178
0.6686046511627907
0.5
0.525
0.7233009708737864
0.5869565217391305
0.5869565217391305
0.5
0.5869565217391305
0.5074626865671642
0.5743243243243243
0.5899280575539568
0.6626506024096386
0.5546875
0.5869565217391305
0.8333333333333334
0.5074626865671642
0.5546875
0.5615384615384615
0.4925373134328358
0.7178217821782178
0.7233009708737864
0.7178217821782178
0.5869565217391305
0.6686046511627907
0.5869565217391305
0.5147058823529411
0.5
0.4925373134328358
0.5074626865671642
0.5546875
0.4925373134328358
0.7178217821782178
0.525
0.5869565217391305
0.5
0.5074626865671642
0.5869565217391305
0.5546875
0.5869565217391305
0.5074626865671642
0.5546875
0.5546875
0.7178217821782178
0.5681818181818182
0.6686046511627907
0.7178217821782178
0.7178217821782178
0.5546875
0.5147058823529411
0.705607476635514
0.5869565217391305
0.8333333333333334
0.5869565217391305
0.6686046511627907
0.5
0.5869565217391305
0.5681818181818182
0.7178217821782178
0.5869565217391305
0.5074626865671642
0.5869565217391305
0.5546875
0.5
0.5869565217391305
0.5869565217391305
0.5869565217391305
0.6686046511627907
0.5074626865671642
0.4925373134328358
0.5743243243243243
0.5869565217391305
0.8333333333333334
0.7178217821782178
0.5546875
0.5
0.5
0.8333333333333334
0.5869565217391305
0.5743243243243243
0.8333333333333334
0.5581395348837209
0.5147058823529411
0.7178217821782178
0.5546875
0.5
0.5
0.5869565217391305
0.5
0.5869565217391305
0.5869565217391305
0.7233009708737864
0.7233009708737864
0.7178217821782178
0.5869565217391305
0.7178217821782178
0.5869565217391305
0.8333333333333334
0.7233009708737864
0.5169491525423728
0.5546875
0.7685185185185185
0.7178217821782178
0.5869565217391305
0.5169491525423728
0.5869565217391305
0.5546875
0.5869565217391305
0.5869565217391305
0.5743243243243243
0.5546875
0.5
0.5869565217391305
0.8333333333333334
0.5681818181818182
0.8333333333333334
0.7178217821782178
0.5546875
0.8333333333333334
0.5147058823529411
0.5869565217391305
0.5869565217391305
0.7233009708737864
0.7233009708737864
0.5
0.5074626865671642
0.5
0.5074626865671642
0.7178217821782178
0.5147058823529411
0.5
0.5
0.5169491525423728
0.5869565217391305
0.4925373134328358
0.5746268656716418
0.5074626865671642
0.7178217821782178
0.8333333333333334
0.5869565217391305
0.5869565217391305
0.7233009708737864
0.5869565217391305
0.5546875
0.8333333333333334
0.5869565217391305
0.5147058823529411
0.5074626865671642
0.5869565217391305
0.5869565217391305
0.5074626865671642
0.7178217821782178
0.5
0.5
0.5869565217391305
0.5
0.5743243243243243
0.5546875
0.5869565217391305
0.5869565217391305
0.5869565217391305
0.5869565217391305
0.5743243243243243
0.5743243243243243
0.5681818181818182
0.5743243243243243
0.5869565217391305
0.8333333333333334
0.5546875
0.5086206896551724
0.5869565217391305
0.5743243243243243
0.5
0.6686046511627907
0.5869565217391305
0.5
0.5147058823529411
0.5869565217391305
0.5869565217391305
0.5869565217391305
0.5869565217391305
0.5581395348837209
0.5546875
0.5869565217391305
0.7233009708737864
0.5546875
0.5869565217391305
0.5869565217391305
0.5615384615384615
0.8333333333333334
0.5869565217391305
0.5869565217391305
0.5869565217391305
0.4925373134328358
0.5869565217391305
0.5086206896551724
0.5546875
0.5869565217391305
0.7178217821782178
0.7233009708737864
0.5074626865671642
0.5743243243243243
0.7178217821782178
0.5869565217391305
0.5869565217391305
0.7178217821782178
0.5681818181818182
0.5869565217391305
0.5743243243243243
0.5153846153846153
0.5869565217391305
0.5147058823529411
0.5
0.5074626865671642
0.5869565217391305
0.5147058823529411
0.5869565217391305
0.5546875
0.5869565217391305
0.7178217821782178
0.5581395348837209
0.5074626865671642
0.5074626865671642
0.5869565217391305
0.5743243243243243
0.5546875
0.5
0.7178217821782178
0.5869565217391305
0.5147058823529411
0.7178217821782178
0.6686046511627907
0.8333333333333334
0.4925373134328358
0.5074626865671642
0.5743243243243243
0.5746268656716418
0.6918918918918919
0.7178217821782178
0.5869565217391305
0.5869565217391305
0.8333333333333334
0.5869565217391305
0.8333333333333334
0.5074626865671642
0.5
0.7178217821782178
0.5869565217391305
0.5869565217391305
0.5869565217391305
0.525
0.5869565217391305
0.7178217821782178
0.5869565217391305
0.5147058823529411
0.8291457286432161
0.7857142857142857
0.5581395348837209
0.5869565217391305
0.6918918918918919
0.5
0.5147058823529411
0.5074626865671642
0.5869565217391305
0.5743243243243243
0.5546875
0.8333333333333334
0.5546875
0.5581395348837209
0.6918918918918919
0.5743243243243243
0.689873417721519
0.5546875
0.5615384615384615
0.6985645933014354
0.5869565217391305
0.5169491525423728
0.7233009708737864
0.8333333333333334
0.5
0.5869565217391305
0.5546875
0.5546875
0.5546875
0.5581395348837209
0.5546875
0.5869565217391305
0.7233009708737864
0.5869565217391305
0.5869565217391305
0.5546875
0.7233009708737864
0.5869565217391305
0.7233009708737864
0.5546875
0.5546875
0.8333333333333334
0.5869565217391305
0.8333333333333334
0.7233009708737864
0.5147058823529411
0.7233009708737864
0.6686046511627907
0.7178217821782178
0.5869565217391305
0.5074626865671642
0.525
0.5869565217391305
0.5869565217391305
0.5
0.5869565217391305
0.5086206896551724
0.8333333333333334
0.5869565217391305
0.5869565217391305
0.5074626865671642
0.7178217821782178
0.5
0.5869565217391305
0.5869565217391305
0.5869565217391305
0.5546875
0.5546875
0.5086206896551724
0.5
0.8333333333333334
0.5
0.5869565217391305
0.5743243243243243
0.5546875
0.5869565217391305
0.5869565217391305
0.5869565217391305
0.5869565217391305
0.5546875
0.5546875
0.7233009708737864
0.5869565217391305
0.5
0.5147058823529411
0.5546875
0.5743243243243243
0.5546875
0.5743243243243243
0.5869565217391305
0.5869565217391305
0.5869565217391305
0.5
0.5869565217391305
0.5546875
0.5546875
0.5869565217391305
0.5869565217391305
0.5869565217391305
0.8333333333333334
0.7178217821782178
0.7178217821782178
