0.5869565217391304
0.5743243243243243
0.5743243243243243
0.5546875
0.5869565217391304
0.5546875
0.5074626865671642
0.5
0.7178217821782178
0.5869565217391304
0.5546875
0.4925373134328358
0.5869565217391304
0.5
0.5546875
0.8333333333333334
0.5074626865671642
0.5074626865671642
0.5869565217391304
0.5
0.8333333333333334
0.8333333333333334
0.5869565217391304
0.5546875
0.5869565217391304
0.5
0.5869565217391304
0.5
0.6474820143884892
0.5869565217391304
0.5869565217391304
0.5869565217391304
0.5074626865671642
0.7178217821782178
0.5546875
0.5581395348837209
0.5
0.5869565217391304
0.7178217821782178
0.5869565217391304
0.5869565217391304
0.5
0.5869565217391304
0.5869565217391304
0.5
0.5546875
0.5
0.7233009708737864
0.5869565217391304
0.5869565217391304
0.5546875
0.7205882352941176
0.5581395348837209
0.5869565217391304
0.5546875
0.5074626865671642
0.5869565217391304
0.5074626865671642
0.5869565217391304
0.525
0.7178217821782178
0.7205882352941176
0.7178217821782178
0.5869565217391304
0.7233009708737864
0.5546875
0.525
0.7178217821782178
0.5869565217391304
0.5869565217391304
0.5074626865671642
0.5743243243243243
0.5869565217391304
0.5
0.5743243243243243
0.5546875
0.5869565217391304
0.5074626865671642
0.5869565217391304
0.5
0.5546875
0.5546875
0.5546875
0.5869565217391304
0.5869565217391304
0.7192118226600985
0.6686046511627908
0.5869565217391304
0.7233009708737864
0.5546875
0.5869565217391304
0.7205882352941176
0.5
0.5074626865671642
0.5074626865671642
0.5074626865671642
0.5869565217391304
0.5869565217391304
0.5546875
0.5869565217391304
0.6686046511627908
0.5
0.5074626865671642
0.7233009708737864
0.7178217821782178
0.5546875
0.5743243243243243
0.4925373134328358
0.525
0.5
0.5869565217391304
0.5869565217391304
0.5
0.525
0.5
0.5546875
0.7178217821782178
0.5869565217391304
0.7348837209302326
0.5743243243243243
0.5869565217391304
0.5743243243243243
0.6902173913043479
0.5
0.5869565217391304
0.5743243243243243
0.5546875
0.7205882352941176
0.5546875
0.5546875
0.5
0.7233009708737864
0.5581395348837209
0.5743243243243243
0.5074626865671642
0.5869565217391304
0.5546875
0.5546875
0.5869565217391304
0.7233009708737864
0.5546875
0.5869565217391304
0.7555555555555555
0.5869565217391304
0.5546875
0.5869565217391304
0.5869565217391304
0.7178217821782178
0.5546875
0.5869565217391304
0.5869565217391304
0.6686046511627908
0.7233009708737864
0.7178217821782178
0.5869565217391304
0.5
0.5546875
0.5869565217391304
0.7555555555555555
0.7233009708737864
0.5869565217391304
0.5546875
0.5869565217391304
0.4925373134328358
0.8333333333333334
0.5869565217391304
0.5869565217391304
0.5546875
0.5546875
0.5869565217391304
0.5869565217391304
0.5
0.5743243243243243
0.5546875
0.5869565217391304
0.6918918918918919
0.4925373134328358
0.7233009708737864
0.5
0.5
0.4925373134328358
0.5
0.5869565217391304
0.4925373134328358
0.5
0.5546875
0.7233009708737864
0.8333333333333334
0.5074626865671642
0.5546875
0.5074626865671642
0.5743243243243243
0.5869565217391304
0.5869565217391304
0.5
0.5581395348837209
0.5546875
0.5
0.5546875
0.8333333333333334
0.5074626865671642
0.5546875
0.5869565217391304
0.8333333333333334
0.5869565217391304
0.5
0.5546875
0.5869565217391304
0.5899280575539568
0.5869565217391304
0.5869565217391304
0.8333333333333334
0.5869565217391304
0.4925373134328358
0.5869565217391304
0.5074626865671642
0.5074626865671642
0.7178217821782178
0.5546875
0.8333333333333334
0.5869565217391304
0.5869565217391304
0.5869565217391304
0.5869565217391304
0.5074626865671642
0.7178217821782178
0.5869565217391304
0.7178217821782178
0.5
0.8333333333333334
0.5869565217391304
0.5743243243243243
0.5546875
0.5546875
0.5074626865671642
0.5869565217391304
0.5869565217391304
0.4925373134328358
0.5869565217391304
0.5743243243243243
0.5
0.5869565217391304
0.8333333333333334
0.5869565217391304
0.5869565217391304
0.5869565217391304
0.5546875
0.5869565217391304
0.7178217821782178
0.5869565217391304
0.5546875
0.7233009708737864
0.5
0.5869565217391304
0.5074626865671642
0.7178217821782178
0.5869565217391304
0.5869565217391304
0.5869565217391304
0.5869565217391304
0.6686046511627908
0.5581395348837209
0.5869565217391304
0.5
0.5743243243243243
0.5869565217391304
0.5869565217391304
0.7674418604651163
0.5546875
0.5869565217391304
0.7336448598130841
0.5869565217391304
0.5546875
0.5546875
0.7233009708737864
0.5074626865671642
0.5
0.7178217821782178
0.5074626865671642
0.5546875
0.5743243243243243
0.5546875
0.5869565217391304
0.5074626865671642
0.7178217821782178
0.5
0.5869565217391304
0.7178217821782178
0.5869565217391304
0.5
0.5869565217391304
0.7178217821782178
0.7555555555555555
0.5869565217391304
0.5869565217391304
0.7178217821782178
0.5869565217391304
0.5
0.5
0.5869565217391304
0.5546875
0.5
0.5869565217391304
0.5074626865671642
0.8333333333333334
0.8333333333333334
0.4925373134328358
0.5546875
0.6918918918918919
0.7233009708737864
0.5869565217391304
0.5869565217391304
0.5869565217391304
0.8333333333333334
0.5869565217391304
0.5869565217391304
0.5546875
0.6686046511627908
0.5869565217391304
0.5546875
0.7
0.5074626865671642
0.5546875
0.5869565217391304
0.8333333333333334
0.5546875
0.5869565217391304
0.7178217821782178
0.5869565217391304
0.6918918918918919
0.5074626865671642
0.7178217821782178
0.7178217821782178
0.5074626865671642
0.6686046511627908
0.5869565217391304
0.5869565217391304
0.5899280575539568
0.5869565217391304
0.7178217821782178
0.5
0.5581395348837209
0.5869565217391304
0.5074626865671642
0.5869565217391304
0.5869565217391304
0.5869565217391304
0.5743243243243243
0.6918918918918919
0.7178217821782178
0.5869565217391304
0.7178217821782178
0.5
0.5869565217391304
0.5
0.4925373134328358
0.8333333333333334
0.5546875
0.7348837209302326
0.5869565217391304
0.5743243243243243
0.5546875
0.5546875
0.5869565217391304
0.5869565217391304
0.6686046511627908
0.5869565217391304
0.5074626865671642
0.5
0.5869565217391304
0.6686046511627908
0.7233009708737864
0.8333333333333334
0.5546875
0.7178217821782178
0.7555555555555555
0.5869565217391304
0.5581395348837209
0.5581395348837209
0.5074626865671642
0.5
0.5
0.5074626865671642
0.7178217821782178
0.5074626865671642
0.4925373134328358
0.5074626865671642
0.5869565217391304
0.5869565217391304
0.7178217821782178
0.5743243243243243
0.5869565217391304
0.5074626865671642
0.7178217821782178
0.8333333333333334
0.6686046511627908
0.7178217821782178
0.5
0.5
0.5869565217391304
0.5074626865671642
0.7178217821782178
0.8333333333333334
0.5869565217391304
0.5
0.5869565217391304
0.5581395348837209
0.8333333333333334
0.8333333333333334
0.5869565217391304
0.5546875
0.8333333333333334
0.7178217821782178
0.5869565217391304
0.5869565217391304
0.5
0.8333333333333334
0.5546875
0.4925373134328358
0.5546875
0.5869565217391304
0.5869565217391304
0.5546875
0.5074626865671642
0.5869565217391304
0.8333333333333334
0.5950413223140496
0.5546875
0.7233009708737864
0.5869565217391304
0.5546875
0.5546875
0.5
0.5869565217391304
0.5869565217391304
0.5615384615384615
0.5869565217391304
0.5743243243243243
0.5743243243243243
0.5869565217391304
0.5546875
0.5869565217391304
0.5074626865671642
0.6902173913043479
0.5869565217391304
0.5074626865671642
0.5546875
0.5546875
0.5
0.5869565217391304
0.5869565217391304
0.5074626865671642
0.5899280575539568
0.7178217821782178
0.5869565217391304
0.5869565217391304
0.5546875
0.8333333333333334
0.5546875
0.5869565217391304
0.7555555555555555
0.4925373134328358
0.8333333333333334
0.5
0.6686046511627908
0.5743243243243243
0.8291457286432161
0.5074626865671642
0.7178217821782178
0.5743243243243243
0.5581395348837209
0.7233009708737864
0.5546875
0.5
0.8333333333333334
0.7178217821782178
0.6686046511627908
0.5
0.5546875
0.5743243243243243
0.5
0.5546875
0.5869565217391304
0.5546875
0.5581395348837209
0.5546875
0.5869565217391304
0.4925373134328358
0.6686046511627908
0.5
0.5074626865671642
0.7178217821782178
0.5546875
0.8333333333333334
0.5869565217391304
0.6944444444444444
0.5
0.5869565217391304
0.7178217821782178
0.5869565217391304
0.5546875
0.5869565217391304
0.7178217821782178
0.5869565217391304
0.5869565217391304
0.5743243243243243
0.8333333333333334
0.5546875
0.5074626865671642
0.8333333333333334
0.5743243243243243
0.5869565217391304
0.7178217821782178
0.5074626865671642
0.5074626865671642
0.5869565217391304
0.5743243243243243
0.5869565217391304
0.5546875
0.5074626865671642
0.5869565217391304
0.5869565217391304
0.7178217821782178
0.5546875
0.5
0.4925373134328358
0.5869565217391304
0.5
0.5546875
0.5743243243243243
0.7178217821782178
0.5869565217391304
0.5546875
0.5546875
0.5899280575539568
0.5869565217391304
0.5869565217391304
0.5
0.5869565217391304
0.7336448598130841
0.7178217821782178
0.5869565217391304
0.5
0.5869565217391304
0.5869565217391304
0.5
0.7178217821782178
0.5869565217391304
0.8333333333333334
0.6686046511627908
0.5869565217391304
0.5869565217391304
0.8333333333333334
0.5074626865671642
0.5546875
0.6686046511627908
0.8333333333333334
0.5869565217391304
0.5869565217391304
0.7178217821782178
0.6686046511627908
0.5
0.525
0.7233009708737864
0.5869565217391304
0.5869565217391304
0.5
0.5869565217391304
0.5074626865671642
0.5743243243243243
0.5899280575539568
0.6906077348066298
0.5546875
0.5869565217391304
0.8333333333333334
0.5074626865671642
0.5546875
0.5869565217391304
0.4925373134328358
0.7178217821782178
0.7205882352941176
0.7178217821782178
0.5869565217391304
0.6686046511627908
0.5869565217391304
0.5074626865671642
0.5
0.4925373134328358
0.5074626865671642
0.5546875
0.4925373134328358
0.7178217821782178
0.525
0.5869565217391304
0.5
0.5074626865671642
0.5869565217391304
0.5546875
0.5869565217391304
0.5074626865671642
0.5546875
0.5546875
0.7178217821782178
0.5869565217391304
0.6686046511627908
0.7178217821782178
0.7178217821782178
0.5546875
0.5074626865671642
0.705607476635514
0.5869565217391304
0.8333333333333334
0.5869565217391304
0.6686046511627908
0.5
0.5869565217391304
0.5869565217391304
0.7178217821782178
0.5869565217391304
0.5074626865671642
0.5869565217391304
0.5546875
0.5
0.5869565217391304
0.5869565217391304
0.5869565217391304
0.6686046511627908
0.5074626865671642
0.4925373134328358
0.5743243243243243
0.5869565217391304
0.8333333333333334
0.7178217821782178
0.5546875
0.5
0.5
0.8333333333333334
0.5869565217391304
0.5743243243243243
0.8333333333333334
0.5581395348837209
0.5074626865671642
0.7178217821782178
0.5546875
0.5
0.5
0.5869565217391304
0.5
0.5869565217391304
0.5869565217391304
0.7233009708737864
0.7233009708737864
0.7178217821782178
0.5869565217391304
0.7178217821782178
0.5869565217391304
0.8333333333333334
0.7233009708737864
0.5869565217391304
0.5546875
0.7674418604651163
0.7178217821782178
0.5869565217391304
0.5869565217391304
0.5869565217391304
0.5546875
0.5869565217391304
0.5869565217391304
0.5743243243243243
0.5546875
0.5
0.5869565217391304
0.8333333333333334
0.5869565217391304
0.8333333333333334
0.7178217821782178
0.5546875
0.8333333333333334
0.5074626865671642
0.5869565217391304
0.5869565217391304
0.7233009708737864
0.7233009708737864
0.5
0.5074626865671642
0.5
0.5074626865671642
0.7178217821782178
0.5074626865671642
0.5
0.5
0.5869565217391304
0.5869565217391304
0.4925373134328358
0.5869565217391304
0.5074626865671642
0.7178217821782178
0.8333333333333334
0.5869565217391304
0.5869565217391304
0.7233009708737864
0.5869565217391304
0.5546875
0.8333333333333334
0.5869565217391304
0.5074626865671642
0.5
0.5869565217391304
0.5869565217391304
0.5074626865671642
0.7178217821782178
0.5
0.5
0.5869565217391304
0.5
0.5743243243243243
0.5546875
0.5869565217391304
0.5869565217391304
0.5869565217391304
0.5869565217391304
0.5743243243243243
0.5743243243243243
0.5869565217391304
0.5743243243243243
0.5869565217391304
0.8333333333333334
0.5546875
0.5869565217391304
0.5869565217391304
0.5743243243243243
0.5
0.6686046511627908
0.5869565217391304
0.5
0.5074626865671642
0.5869565217391304
0.5869565217391304
0.5869565217391304
0.5869565217391304
0.5581395348837209
0.5546875
0.5869565217391304
0.7233009708737864
0.5546875
0.5869565217391304
0.5869565217391304
0.5869565217391304
0.8333333333333334
0.5869565217391304
0.5869565217391304
0.5869565217391304
0.4925373134328358
0.5869565217391304
0.5869565217391304
0.5546875
0.5869565217391304
0.7178217821782178
0.7233009708737864
0.5074626865671642
0.5743243243243243
0.7178217821782178
0.5869565217391304
0.5869565217391304
0.7178217821782178
0.5869565217391304
0.5869565217391304
0.5743243243243243
0.5743243243243243
0.5869565217391304
0.5074626865671642
0.5
0.5074626865671642
0.5869565217391304
0.5074626865671642
0.5869565217391304
0.5546875
0.5869565217391304
0.7178217821782178
0.5581395348837209
0.5074626865671642
0.5074626865671642
0.5869565217391304
0.5743243243243243
0.5546875
0.5
0.7178217821782178
0.5869565217391304
0.5074626865671642
0.7178217821782178
0.6686046511627908
0.8333333333333334
0.4925373134328358
0.5074626865671642
0.5743243243243243
0.5869565217391304
0.6918918918918919
0.7178217821782178
0.5869565217391304
0.5869565217391304
0.8333333333333334
0.5869565217391304
0.8333333333333334
0.5074626865671642
0.5
0.7178217821782178
0.5869565217391304
0.5869565217391304
0.5869565217391304
0.525
0.5869565217391304
0.7178217821782178
0.5869565217391304
0.5074626865671642
0.8291457286432161
0.5869565217391304
0.5581395348837209
0.5869565217391304
0.6918918918918919
0.5
0.5074626865671642
0.5074626865671642
0.5869565217391304
0.5743243243243243
0.5546875
0.8333333333333334
0.5546875
0.5581395348837209
0.6918918918918919
0.5743243243243243
0.7167630057803468
0.5546875
0.5869565217391304
0.6956521739130435
0.5869565217391304
0.5869565217391304
0.7233009708737864
0.8333333333333334
0.5
0.5869565217391304
0.5546875
0.5546875
0.5546875
0.5581395348837209
0.5546875
0.5869565217391304
0.7233009708737864
0.5869565217391304
0.5869565217391304
0.5546875
0.7233009708737864
0.5869565217391304
0.7233009708737864
0.5546875
0.5546875
0.8333333333333334
0.5869565217391304
0.8333333333333334
0.7233009708737864
0.5074626865671642
0.7233009708737864
0.6686046511627908
0.7178217821782178
0.5869565217391304
0.5
0.525
0.5869565217391304
0.5869565217391304
0.5
0.5869565217391304
0.5869565217391304
0.8333333333333334
0.5869565217391304
0.5869565217391304
0.5074626865671642
0.7178217821782178
0.5
0.5869565217391304
0.5869565217391304
0.5869565217391304
0.5546875
0.5546875
0.5869565217391304
0.5
0.8333333333333334
0.5
0.5869565217391304
0.5743243243243243
0.5546875
0.5869565217391304
0.5869565217391304
0.5869565217391304
0.5869565217391304
0.5546875
0.5546875
0.7233009708737864
0.5869565217391304
0.5
0.5074626865671642
0.5546875
0.5743243243243243
0.5546875
0.5743243243243243
0.5869565217391304
0.5869565217391304
0.5869565217391304
0.5
0.5869565217391304
0.5546875
0.5546875
0.5869565217391304
0.5869565217391304
0.5869565217391304
0.8333333333333334
0.7178217821782178
0.7178217821782178
